1.2447,1.1402,-0.42227,-1.1278,0.4216,0.4216,0.4216,0.89856
0.87167,0.63845,-0.59346,-1.5702,0.29002,0.29002,0.29002,0.021119
1.9563,1.9031,-0.22025,-0.74295,0.65656,0.65656,0.65656,2.5957
8729.3,-1407.7,-28.319,-286.31,101.93,101.93,101.93,-2999.4
-1407.7,8120.8,-620.05,-1612.4,-470.81,-470.81,-470.81,-3102.9
-28.319,-620.05,8915.8,-2390.6,-1072.2,-1072.2,-1072.2,337.78
-286.31,-1612.4,-2390.6,4689.4,-2341.2,-2341.2,-2341.2,214.49
101.93,-470.81,-1072.2,-2341.2,8926.4,-1073.6,-1073.6,641.82
101.93,-470.81,-1072.2,-2341.2,-1073.6,8926.4,-1073.6,641.82
101.93,-470.81,-1072.2,-2341.2,-1073.6,-1073.6,8926.4,641.82
-2999.4,-3102.9,337.78,214.49,641.82,641.82,641.82,2769
