0.98184,0.90851,-0.25024,-0.93992,0.7053,0.7053,0.7053,0.3612
0.38475,0.30246,-0.68165,-1.5933,-0.17102,-0.17102,-0.17102,2.2606e-05
2.6498,2.6474,0.36114,-0.069276,1.26,1.26,1.26,3.6178
264.11,-244.78,10.817,19.468,6.2398,6.2398,6.2398,-2.7439
-244.78,240.46,-24.391,-12.435,-4.6989,-4.6989,-4.6989,-3.6357
10.817,-24.391,93.651,-36.628,-9.4181,-9.4181,-9.4181,3.0705
19.468,-12.435,-36.628,24.197,4.0134,4.0134,4.0134,-0.86998
6.2398,-4.6989,-9.4181,4.0134,668.72,-331.28,-331.28,-0.15371
6.2398,-4.6989,-9.4181,4.0134,-331.28,668.72,-331.28,-0.15371
6.2398,-4.6989,-9.4181,4.0134,-331.28,-331.28,668.72,-0.15371
-2.7439,-3.6357,3.0705,-0.86998,-0.15371,-0.15371,-0.15371,4.1747
