156.25,69.231,23.529,455.17,0.024517,31.127,368.47,399.52,310.86,12.394,1.1162e-05,1.2484e-05,8.5172e-06,7.1363e-06,103.16,30.099,955.32
1361.6,882.35,701.96,2601,0.61973,162.75,723.7,752.86,694.1,199.21,0.00032499,0.000252,0.00035157,0.00026038,307.26,235.48,999.83
3.7042e-05,-2.6992e-05,-1.7239e-05,5.321e-06,0.00010507,5.9036e-05,6.8738e-05,7.1335e-06,-5.2436e-05,-1.2126e-05,5.749e-08,3.5531e-08,8.2328e-08,5.4817e-08,-4.5176e-05,-2.8756e-05,0.00037119
-2.6992e-05,4.8259e-05,1.6164e-05,-2.8468e-06,0.00017017,-3.7506e-05,9.2834e-05,-6.6157e-05,-2.8485e-05,-4.1302e-05,5.6009e-08,7.366e-08,6.8839e-08,6.3044e-08,8.5574e-05,3.7745e-05,-0.00016479
-1.7239e-05,1.6164e-05,7.2446e-05,-2.3553e-06,-0.00015894,-6.4203e-06,0.00031441,-0.0001627,-0.00015609,-0.00043137,-5.0107e-08,-6.3843e-09,-8.8012e-09,-1.1585e-09,0.00021022,0.00019557,-0.00015479
5.321e-06,-2.8468e-06,-2.3553e-06,7.7267e-06,1.4824e-05,1.5467e-05,-0.00013422,6.896e-05,5.3648e-05,-7.6519e-05,-1.9275e-09,-1.5442e-08,1.4875e-09,-1.4302e-08,2.6694e-05,3.0326e-05,0.00010485
0.00010507,0.00017017,-0.00015894,1.4824e-05,0.99582,-0.002329,-0.0015099,-0.00028265,0.0020403,0.0026111,-1.3654e-06,-9.8261e-07,-1.2633e-06,-8.9967e-07,-0.00044586,-0.0019461,0.0044932
5.9036e-05,-3.7506e-05,-6.4203e-06,1.5467e-05,-0.002329,0.33467,0.001274,-0.33319,0.33213,-0.00089771,-3.5533e-07,-1.3603e-07,-3.4676e-07,-1.7077e-07,3.0894e-07,-0.00014498,0.0033176
6.8738e-05,9.2834e-05,0.00031441,-0.00013422,-0.0015099,0.001274,0.028561,-0.012899,-0.014183,-0.0053889,1.2766e-06,8.2017e-07,7.0851e-07,1.0238e-06,0.001676,0.0015255,0.0073231
7.1335e-06,-6.6157e-05,-0.0001627,6.896e-05,-0.00028265,-0.33319,-0.012899,0.33961,-0.32719,0.0023111,-7.2734e-07,-4.0267e-07,-4.2939e-07,-5.1404e-07,-0.00089777,-0.00099166,-0.0012507
-5.2436e-05,-2.8485e-05,-0.00015609,5.3648e-05,0.0020403,0.33213,-0.014183,-0.32719,0.34069,0.0032138,-3.7563e-07,-2.6842e-07,-8.5526e-08,-3.445e-07,-0.0009008,-0.0008486,-0.004565
-1.2126e-05,-4.1302e-05,-0.00043137,-7.6519e-05,0.0026111,-0.00089771,-0.0053889,0.0023111,0.0032138,0.01438,1.5668e-06,1.2134e-06,1.494e-06,1.3443e-06,-0.0046692,-0.0092091,-0.0015905
5.749e-08,5.6009e-08,-5.0107e-08,-1.9275e-09,-1.3654e-06,-3.5533e-07,1.2766e-06,-7.2734e-07,-3.7563e-07,1.5668e-06,1,-1.4164e-09,-1.7319e-09,-1.347e-09,1.9971e-07,-8.7817e-07,9.3633e-08
3.5531e-08,7.366e-08,-6.3843e-09,-1.5442e-08,-9.8261e-07,-1.3603e-07,8.2017e-07,-4.0267e-07,-2.6842e-07,1.2134e-06,-1.4164e-09,1,-1.4499e-09,-1.34e-09,-4.1531e-08,-5.8485e-07,2.0151e-07
8.2328e-08,6.8839e-08,-8.8012e-09,1.4875e-09,-1.2633e-06,-3.4676e-07,7.0851e-07,-4.2939e-07,-8.5526e-08,1.494e-06,-1.7319e-09,-1.4499e-09,1,-1.4176e-09,2.2283e-07,-8.6636e-07,4.2055e-07
5.4817e-08,6.3044e-08,-1.1585e-09,-1.4302e-08,-8.9967e-07,-1.7077e-07,1.0238e-06,-5.1404e-07,-3.445e-07,1.3443e-06,-1.347e-09,-1.34e-09,-1.4176e-09,1,-1.2224e-07,-6.8339e-07,4.0232e-07
-4.5176e-05,8.5574e-05,0.00021022,2.6694e-05,-0.00044586,3.0894e-07,0.001676,-0.00089777,-0.0009008,-0.0046692,1.9971e-07,-4.1531e-08,2.2283e-07,-1.2224e-07,0.0023067,0.0028299,-0.001165
-2.8756e-05,3.7745e-05,0.00019557,3.0326e-05,-0.0019461,-0.00014498,0.0015255,-0.00099166,-0.0008486,-0.0092091,-8.7817e-07,-5.8485e-07,-8.6636e-07,-6.8339e-07,0.0028299,0.0070835,-0.0020904
0.00037119,-0.00016479,-0.00015479,0.00010485,0.0044932,0.0033176,0.0073231,-0.0012507,-0.004565,-0.0015905,9.3633e-08,2.0151e-07,4.2055e-07,4.0232e-07,-0.001165,-0.0020904,0.025203
86.475,86.475,86.475,86.475,86.475,86.475,86.475,86.475,86.475,86.475,86.475,86.475,86.475,86.475,86.475,86.475,86.475
943.68,379.41,278.79,1154.8,0.19247,78.512,456.04,487.35,408.84,98.262,5.592e-05,4.7748e-05,5.3633e-05,4.9877e-05,231.75,127.43,991.2
1,1,1,1,1,1,1,1,1,1,1,1,1,1,1,1,1
