176.51,0.54589,0.74489,0.0001051,0.052823,0.060697,0.23175,0.079932,0.98442
3.9474,0.077922,0.41176,1.7144e-05,0.029522,0.038532,0.14498,0.055658,0.92454
342,0.96954,0.99216,0.00037085,0.092735,0.12209,0.30488,0.15108,0.99971
0.00014885,0.00037067,-0.014738,-24.779,-0.19229,-0.014269,0.20649,0.15637,-0.21783
0.00037067,20.718,-7.0844,-93491,404.35,0.92586,-35.714,58.203,-185.66
-0.014738,-7.0844,44.344,45562,-240.66,92.436,63.046,64.932,-117.39
-24.779,-93491,45562,2.0306e+09,-7.765e+06,-1.7647e+06,1.5108e+06,9.7697e+05,3.3053e+06
-0.19229,404.35,-240.66,-7.765e+06,37727,4372.7,-5908.4,-4540.5,-8368.2
-0.014269,0.92586,92.436,-1.7647e+06,4372.7,27869,-10815,-16556,-4168.8
0.20649,-35.714,63.046,1.5108e+06,-5908.4,-10815,6366.6,6991.7,1131.1
0.15637,58.203,64.932,9.7697e+05,-4540.5,-16556,6991.7,12857,408.38
-0.21783,-185.66,-117.39,3.3053e+06,-8368.2,-4168.8,1131.1,408.38,11403
