0.31024,0.29073,0.089985,0.087603,0.11035,0.25556,0.085913,0.14933,0.24662,0.99354,0.090809,0.03115,0.092167,0.95145,0.2173,0.025912,0.21612,0.9565,0.026509,0.14469,0.14469,0.14469,0.0031877,0.41126,0.40034,-0.049083,0.035242,0.11777,0.38483,0.071131,0.025465,0.39948,0.10203,0.98937,0.059414,0.9541,0.080461,0.2449,0.24035,0.078902,0.95667,-0.37659,0.12337,0.12337,0.12337,0.012543,0.64026,0.59787,-0.21523,0.5617,0.030194,0.29329,0.22881,0.18821,0.56249,0.041622,0.051351,0.99665,0.65309,0.71776,0.046465,0.71769,0.65117,0.054401,-0.52374,0.055017,0.055017,0.055017,0.070546
0.15757,0.12696,0.084278,0.069884,0.070058,0.090284,0.073629,0.085154,0.11025,0.9855,0.018409,0.001356,0.020837,0.8563,0.012374,0.0034357,0.011965,0.85874,0.0045801,0.13459,0.13459,0.13459,0.00044179,0.27548,0.27147,-0.14317,0.0075722,0.0883,0.25913,0.034584,0.01498,0.27118,0.015548,0.9803,0.0022602,0.88529,0.0059175,0.13599,0.13829,0.030502,0.87653,-0.62036,0.089516,0.089516,0.089516,4.4969e-05,0.51114,0.43903,-0.26706,0.37843,0.017862,0.239,0.14798,0.14162,0.41387,0.0032958,0.00067054,0.99192,0.44739,0.48336,0.011395,0.48202,0.43934,0.020826,-0.62521,0.029864,0.029864,0.029864,0.034743
0.65014,0.64465,0.096813,0.10077,0.14101,0.63697,0.10054,0.23687,0.59955,0.99967,0.16967,0.056192,0.16964,0.98859,0.51002,0.07652,0.51233,0.99992,0.044803,0.15372,0.15372,0.15372,0.0054032,0.75291,0.75124,0.04686,0.07283,0.17423,0.74559,0.14096,0.052916,0.75004,0.1975,0.99808,0.13595,0.98839,0.19297,0.46175,0.44588,0.18135,0.98992,-0.23688,0.1386,0.1386,0.1386,0.047023,0.70517,0.69017,-0.12879,0.65991,0.04177,0.34155,0.26442,0.2318,0.65067,0.0733,0.11059,0.99901,0.87309,0.89149,0.071351,0.89217,0.87542,0.10491,-0.27421,0.068756,0.068756,0.068756,0.1162
887.4,-115.45,0.30483,8.4109,2.0336,-124.22,4.3011,-25.887,-119.23,0.74215,-12.077,-9.4221,-15.668,36.463,-101.49,0.64317,-101.95,35.957,-5.3998,1.5628,1.5628,1.5628,0.55392,-6.5085,1.6905,52.167,-11.835,-23.597,6.0631,-25.715,-10.289,2.6184,-12.131,0.20604,3.9127,0.61193,-15.197,3.0047,2.3389,6.8032,0.054588,97.417,2.4984,2.4984,2.4984,1.0709,2.4675,-8.1937,-37.232,-3.9515,6.3881,16.132,26.422,3.9234,-6.6782,-13.27,12.669,0.38124,-30.312,45.489,-14.799,45.726,-31.282,4.3833,-90.941,7.0069,7.0069,7.0069,-8.6466
-115.45,881.46,0.45632,8.3805,1.8475,-127.51,4.0481,-26.865,-121.99,0.59045,-10.421,-9.3951,-14.21,36.925,-103.78,1.0522,-104.31,36.544,-5.4001,1.7638,1.7638,1.7638,0.51206,-2.8664,5.4807,51.524,-12.208,-23.733,9.9433,-26.093,-10.432,6.4333,-10.049,-0.050932,4.1367,-0.419,-13.651,5.93,5.1096,7.7021,-0.88122,98.435,2.1666,2.1666,2.1666,1.4242,0.52123,-10.318,-37.312,-6.5243,6.3216,16.662,27.11,2.7509,-8.7958,-13.398,13.307,0.34174,-34.94,49.567,-14.36,49.827,-35.967,4.5744,-92.414,7.3074,7.3074,7.3074,-9.4523
0.30483,0.45632,999.84,0.16674,-0.15646,0.78034,0.26558,0.17983,0.27284,0.12312,-1.5022,-0.50137,-1.3165,0.33369,-0.80563,-0.76247,-0.71385,0.26455,-0.31868,-0.18013,-0.18013,-0.18013,0.033825,-1.1911,-1.1564,1.6451,0.0045716,-0.33597,-1.0997,7.9495e-05,-0.047957,-1.1776,-1.88,0.24072,-0.84079,1.3635,-1.0471,-3.981,-3.7841,-1.4561,1.4097,1.6964,0.10931,0.10931,0.10931,-0.074412,2.5972,2.7623,-0.35254,3.3927,0.11695,-0.44405,-0.16418,1.298,2.6876,-0.45106,-0.70689,0.082594,4.2603,-3.2288,-0.88076,-3.2454,4.3365,-0.53864,-0.20406,-0.13423,-0.13423,-0.13423,0.66147
8.4109,8.3805,0.16674,999.02,-0.65548,9.2209,-0.85182,1.3954,9.3309,-0.30798,3.7637,0.94151,3.9195,-3.3595,7.5824,0.31357,7.5535,-3.1039,0.49619,0.095833,0.095833,0.095833,-0.12678,6.8658,6.1721,-6.6411,0.73554,2.4159,5.8403,2.3854,0.94672,6.0964,4.3711,-0.38106,-0.45148,-1.3175,4.1464,3.1195,3.0089,0.14709,-1.0558,-8.995,-0.85303,-0.85303,-0.85303,0.48158,-2.6334,-1.6074,4.1395,-2.638,-0.83027,-1.1673,-1.9799,-2.002,-1.8105,1.142,-0.67982,-0.079092,-2.8308,0.49451,2.1592,0.50131,-2.7848,-0.42674,8.0889,-0.3521,-0.3521,-0.3521,-0.12763
2.0336,1.8475,-0.15646,-0.65548,996.02,5.3339,-0.87914,-1.6618,4.1185,-0.44741,4.2367,-2.5619,5.032,-0.85046,-6.4514,-3.855,-6.0994,-0.18013,-1.9485,-0.20481,-0.20481,-0.20481,-0.21044,26.067,25.907,-2.3833,-0.81677,0.96399,26.326,2.4964,0.58766,25.712,4.6685,-0.17066,-7.3234,3.4464,8.5491,-12.089,-11.464,-7.5414,5.015,3.7987,-2.834,-2.834,-2.834,2.5327,6.4217,8.9282,4.6938,9.8382,-1.0347,-3.1575,-1.2237,0.53813,7.8629,-2.6663,-3.9209,0.35562,4.4894,-3.1706,-0.98285,-3.1616,4.9265,-4.6717,5.3432,-0.065639,-0.065639,-0.065639,0.78347
-124.22,-127.51,0.78034,9.2209,5.3339,859.83,4.7059,-27.303,-132.8,0.85181,-12.813,-7.3356,-17.669,39.422,-103.81,5.0545,-104.76,38.553,-3.7992,2.2292,2.2292,2.2292,0.67505,-22.759,-13.829,54.687,-12.273,-25.542,-9.5034,-29.643,-11.468,-12.64,-12.356,-0.17877,11.203,-4.7099,-20.208,20.369,18.782,15.825,-6.5147,99.319,4.4605,4.4605,4.4605,-0.45341,-7.459,-21.138,-42.911,-18.542,7.4009,20.674,29.872,1.0637,-18.586,-11.545,18.024,-0.014995,-45.263,58.563,-13.453,58.85,-46.787,9.1988,-101.94,7.937,7.937,7.937,-11.362
4.3011,4.0481,0.26558,-0.85182,-0.87914,4.7059,999.04,0.16333,5.2107,-0.40728,4.7416,0.66974,4.7239,-2.3335,3.7556,0.45138,3.6846,-1.9831,0.31267,0.25116,0.25116,0.25116,-0.15011,10.044,9.6113,-6.0617,0.21776,1.8728,9.444,1.6978,0.66178,9.5638,5.6399,-0.54965,-0.4925,-1.8474,5.1451,4.6373,4.4354,0.59579,-1.4783,-6.1726,-1.1199,-1.1199,-1.1199,0.82537,-3.6096,-2.8292,3.4857,-4.0291,-0.7785,-0.60353,-1.0298,-2.6611,-3.0351,0.6859,-0.14603,-0.0838,-6.2973,3.9677,2.1008,3.995,-6.2929,-0.38246,5.4404,-0.01414,-0.01414,-0.01414,-0.80107
-25.887,-26.865,0.17983,1.3954,-1.6618,-27.303,0.16333,992.65,-26.188,-0.24455,1.5472,-3.1048,0.92769,7.7188,-26.837,-1.1479,-26.857,8.082,-2.0225,0.47931,0.47931,0.47931,-0.035778,15.335,17.141,8.8679,-3.293,-4.5986,18.352,-4.6258,-2.0321,17.273,2.2701,-0.3584,-2.3168,0.43894,2.769,-1.3396,-1.3804,-0.97614,1.1723,23.174,-1.217,-1.217,-1.217,1.8412,1.0605,-0.2004,-5.6122,0.53853,0.75582,2.5296,5.7524,-0.40627,-0.37375,-4.1428,1.5936,0.19473,-9.9686,13.03,-2.9659,13.113,-10.038,-1.0276,-18.153,1.7936,1.7936,1.7936,-2.431
-119.23,-121.99,0.27284,9.3309,4.1185,-132.8,5.2107,-26.188,872.68,1.1205,-16.2,-8.9654,-20.244,39.07,-103.96,2.0867,-104.56,38.125,-4.9093,1.6018,1.6018,1.6018,0.72234,-21.672,-12.938,57.49,-12.007,-25.604,-8.5148,-28.364,-11.171,-11.876,-16.801,0.50794,7.3003,-0.048969,-21.39,6.2566,5.3893,9.9423,-1.429,101.83,4.2224,4.2224,4.2224,-0.28025,1.3515,-11.051,-41.934,-6.5481,7.3638,18.268,28.295,4.9219,-8.9547,-12.914,14.813,0.28098,-30.703,46.822,-15.774,47.053,-31.892,6.6396,-98.63,7.2906,7.2906,7.2906,-8.9561
0.74215,0.59045,0.12312,-0.30798,-0.44741,0.85181,-0.40728,-0.24455,1.1205,999.81,2.1163,0.15962,2.0808,-0.67652,0.47638,0.15139,0.4443,-0.50989,0.05079,0.12988,0.12988,0.12988,-0.066321,4.9808,4.8714,-2.2408,-0.046866,0.61162,4.8506,0.53245,0.19817,4.8567,2.5364,-0.25352,-0.30348,-0.78662,2.3381,1.969,1.8789,0.22654,-0.5971,-1.6788,-0.5341,-0.5341,-0.5341,0.43386,-1.5277,-1.2474,1.2617,-1.7369,-0.30333,-0.14783,-0.19594,-1.1718,-1.3427,0.12188,0.011072,-0.028399,-3.167,2.2877,0.78373,2.3031,-3.1687,-0.20372,1.5659,0.071521,0.071521,0.071521,-0.45345
-12.077,-10.421,-1.5022,3.7637,4.2367,-12.813,4.7416,1.5472,-16.2,2.1163,975.61,-2.9713,-23.852,9.0516,-11.014,-2.9091,-10.545,7.2451,-1.3586,-1.5542,-1.5542,-1.5542,0.74746,-51.94,-50.404,27.774,-0.082971,-7.8076,-49.886,-6.4881,-2.5391,-50.255,-29.266,2.9775,1.607,10.401,-25.873,-26.892,-25.658,-4.6731,8.5824,24.426,5.6196,5.6196,5.6196,-4.392,20.164,17.194,-14.926,23.436,3.5286,1.3865,2.8751,14.252,18.07,-2.6832,-0.84771,0.45532,38.014,-26.636,-10.128,-26.809,38.129,1.21,-20.186,-0.63301,-0.63301,-0.63301,5.3376
-9.4221,-9.3951,-0.50137,0.94151,-2.5619,-7.3356,0.66974,-3.1048,-8.9654,0.15962,-2.9713,996.13,-2.3492,4.1541,-16.381,-4.3359,-15.965,4.3008,-2.5872,-0.46712,-0.46712,-0.46712,0.028242,11.257,12.097,8.5424,-1.6711,-2.7835,12.946,-1.1569,-0.83869,12.017,-3.7858,0.59771,-6.2546,5.914,0.51632,-17.966,-17.114,-7.8174,6.9059,16.917,-1.0982,-1.0982,-1.0982,1.3834,11.314,12.16,-2.0342,14.897,0.37339,-1.4546,1.5131,4.3635,11.48,-4.1815,-2.9933,0.47931,11.518,-6.2999,-4.5591,-6.317,11.89,-3.8041,-6.7074,0.29796,0.29796,0.29796,1.4376
-15.668,-14.21,-1.3165,3.9195,5.032,-17.669,4.7239,0.92769,-20.244,2.0808,-23.852,-2.3492,976.29,9.8167,-11.963,-1.5714,-11.648,7.966,-0.90024,-1.3049,-1.3049,-1.3049,0.7599,-54.787,-53.044,27.89,-0.28123,-8.2455,-52.528,-7.5398,-2.8519,-52.821,-28.425,2.7709,3.6208,8.5642,-26.506,-21.104,-20.174,-1.9439,6.454,24.78,5.9966,5.9966,5.9966,-4.6642,16.721,12.936,-16.26,18.535,3.7358,2.7188,3.9194,12.998,14.082,-2.1974,0.76437,0.33153,32.347,-21.778,-9.508,-21.929,32.297,2.547,-23.189,-0.30491,-0.30491,-0.30491,4.3403
36.463,36.925,0.33369,-3.3595,-0.85046,39.422,-2.3335,7.7188,39.07,-0.67652,9.0516,4.1541,9.8167,986.9,34.694,1.4007,34.635,-12.628,2.3952,-0.019444,-0.019444,-0.019444,-0.31505,9.8223,6.9988,-22.355,3.7469,8.8985,5.4622,8.8576,3.6185,6.7243,10.245,-0.80005,-0.0032233,-3.639,9.4387,8.7231,8.466,0.81268,-3.3387,-36.39,-1.5977,-1.5977,-1.5977,0.27325,-7.3827,-3.9569,14.031,-7.0514,-2.6096,-4.5126,-8.4047,-5.004,-4.4081,5.2554,-2.7271,-0.30998,-1.7841,-6.0147,7.2873,-6.0428,-1.6181,-0.616,31.362,-1.9217,-1.9217,-1.9217,1.0326
-101.49,-103.78,-0.80563,7.5824,-6.4514,-103.81,3.7556,-26.837,-103.96,0.47638,-11.014,-16.381,-11.963,34.694,887.23,-10.618,-112.07,35.142,-10.464,0.17805,0.17805,0.17805,0.29622,37.507,45.165,53.342,-12.772,-22.273,50.403,-19.653,-8.8921,45.565,-12.16,1.0928,-14.53,14.084,-3.4353,-40.436,-38.877,-15.327,16.782,108.36,-2.48,-2.48,-2.48,5.4715,27.79,23.288,-28.186,32.255,4.6853,7.0362,21.919,11.346,22.315,-19.979,0.95659,1.4601,1.4269,20.74,-20.402,20.898,1.7273,-7.4885,-77.19,5.8459,5.8459,5.8459,-3.3548
0.64317,1.0522,-0.76247,0.31357,-3.855,5.0545,0.45138,-1.1479,2.0867,0.15139,-2.9091,-4.3359,-1.5714,1.4007,-10.618,993.74,-9.9644,1.6571,-3.0063,-0.87202,-0.87202,-0.87202,-0.02304,16.353,16.529,5.8182,-0.8886,-1.058,17.192,1.5271,0.078228,16.301,-4.0995,0.84763,-9.3536,8.4044,2.4191,-26.101,-24.799,-11.987,9.8667,12.002,-1.8243,-1.8243,-1.8243,1.792,15.918,18.43,1.6547,21.836,-0.24112,-4.075,-1.1408,5.8214,17.283,-4.2934,-5.8436,0.6363,20.468,-14.869,-4.7006,-14.925,21.118,-5.9381,1.7114,-0.46095,-0.46095,-0.46095,3.1694
-101.95,-104.31,-0.71385,7.5535,-6.0994,-104.76,3.6846,-26.857,-104.56,0.4443,-10.545,-15.965,-11.648,34.635,-112.07,-9.9644,888.55,35.072,-10.176,0.28701,0.28701,0.28701,0.29385,36.352,44.014,52.735,-12.737,-22.201,49.202,-19.86,-8.9227,44.44,-11.525,0.9807,-13.597,13.15,-3.4961,-37.566,-36.151,-14.058,15.718,107.38,-2.3413,-2.3413,-2.3413,5.3405,26.023,21.25,-28.378,29.838,4.7046,7.5025,22.126,10.647,20.39,-19.587,1.6045,1.3942,-1.1162,22.686,-19.904,22.853,-0.88601,-6.8891,-77.584,5.9301,5.9301,5.9301,-3.7614
35.957,36.544,0.26455,-3.1039,-0.18013,38.553,-1.9831,8.082,38.125,-0.50989,7.2451,4.3008,7.966,-12.628,35.142,1.6571,35.072,987.67,2.5517,-0.090724,-0.090724,-0.090724,-0.25148,4.0322,1.284,-20.704,3.8743,8.434,-0.28481,8.307,3.4467,1.0362,8.114,-0.61305,0.8791,-3.4299,7.0849,8.5152,8.2619,1.3522,-3.4032,-35.77,-0.97612,-0.97612,-0.97612,-0.25828,-6.9532,-3.9333,12.801,-6.7888,-2.3184,-4.1445,-8.2016,-4.2683,-4.2231,5.4438,-2.3895,-0.3246,-0.011774,-7.3406,6.8735,-7.3804,0.11621,-0.049424,29.955,-1.9755,-1.9755,-1.9755,1.2803
-5.3998,-5.4001,-0.31868,0.49619,-1.9485,-3.7992,0.31267,-2.0225,-4.9093,0.05079,-1.3586,-2.5872,-0.90024,2.3952,-10.464,-3.0063,-10.176,2.5517,998.25,-0.30381,-0.30381,-0.30381,-0.0045409,9.4247,9.9094,4.8787,-1.0823,-1.5659,10.461,-0.42803,-0.43953,9.8409,-1.8068,0.34355,-4.5163,3.917,1.1835,-12.066,-11.488,-5.4839,4.6742,10.523,-0.95015,-0.95015,-0.95015,1.0893,7.4753,8.2464,-0.72791,9.9875,0.11653,-1.2081,0.77061,2.6857,7.7278,-2.783,-2.2113,0.3249,7.4286,-4.1568,-2.8404,-4.1664,7.6977,-2.7702,-3.4439,0.16805,0.16805,0.16805,0.95328
1.5628,1.7638,-0.18013,0.095833,-0.20481,2.2292,0.25116,0.47931,1.6018,0.12988,-1.5542,-0.46712,-1.3049,-0.019444,0.17805,-0.87202,0.28701,-0.090724,-0.30381,999.78,-0.22006,-0.22006,0.031757,-1.2275,-1.2772,1.2852,0.13159,-0.12188,-1.2598,0.28198,0.058102,-1.3114,-1.9782,0.26857,-1.0013,1.5346,-1.0007,-4.5357,-4.3058,-1.7258,1.5953,0.86462,0.091373,0.091373,0.091373,-0.091128,2.9088,3.2141,0.012945,3.8797,0.06098,-0.67954,-0.47228,1.4202,3.1118,-0.36909,-0.93942,0.089488,5.1324,-4.1326,-0.83365,-4.1538,5.2295,-0.66172,0.76129,-0.22694,-0.22694,-0.22694,0.83959
1.5628,1.7638,-0.18013,0.095833,-0.20481,2.2292,0.25116,0.47931,1.6018,0.12988,-1.5542,-0.46712,-1.3049,-0.019444,0.17805,-0.87202,0.28701,-0.090724,-0.30381,-0.22006,999.78,-0.22006,0.031757,-1.2275,-1.2772,1.2852,0.13159,-0.12188,-1.2598,0.28198,0.058102,-1.3114,-1.9782,0.26857,-1.0013,1.5346,-1.0007,-4.5357,-4.3058,-1.7258,1.5953,0.86462,0.091373,0.091373,0.091373,-0.091128,2.9088,3.2141,0.012945,3.8797,0.06098,-0.67954,-0.47228,1.4202,3.1118,-0.36909,-0.93942,0.089488,5.1324,-4.1326,-0.83365,-4.1538,5.2295,-0.66172,0.76129,-0.22694,-0.22694,-0.22694,0.83959
1.5628,1.7638,-0.18013,0.095833,-0.20481,2.2292,0.25116,0.47931,1.6018,0.12988,-1.5542,-0.46712,-1.3049,-0.019444,0.17805,-0.87202,0.28701,-0.090724,-0.30381,-0.22006,-0.22006,999.78,0.031757,-1.2275,-1.2772,1.2852,0.13159,-0.12188,-1.2598,0.28198,0.058102,-1.3114,-1.9782,0.26857,-1.0013,1.5346,-1.0007,-4.5357,-4.3058,-1.7258,1.5953,0.86462,0.091373,0.091373,0.091373,-0.091128,2.9088,3.2141,0.012945,3.8797,0.06098,-0.67954,-0.47228,1.4202,3.1118,-0.36909,-0.93942,0.089488,5.1324,-4.1326,-0.83365,-4.1538,5.2295,-0.66172,0.76129,-0.22694,-0.22694,-0.22694,0.83959
0.55392,0.51206,0.033825,-0.12678,-0.21044,0.67505,-0.15011,-0.035778,0.72234,-0.066321,0.74746,0.028242,0.7599,-0.31505,0.29622,-0.02304,0.29385,-0.25148,-0.0045409,0.031757,0.031757,0.031757,999.97,1.983,1.9257,-0.85726,0.0023461,0.26384,1.9153,0.27208,0.097176,1.9154,0.88257,-0.080427,-0.2301,-0.18008,0.89812,0.37851,0.36379,-0.080634,-0.093747,-0.69672,-0.21801,-0.21801,-0.21801,0.17305,-0.35781,-0.20125,0.56168,-0.3449,-0.12672,-0.14198,-0.14962,-0.35633,-0.2527,0.024994,-0.09808,-0.0034009,-0.80348,0.52022,0.25915,0.52443,-0.79384,-0.15477,0.80517,0.0023033,0.0023033,0.0023033,-0.10137
-6.5085,-2.8664,-1.1911,6.8658,26.067,-22.759,10.044,15.335,-21.672,4.9808,-51.94,11.257,-54.787,9.8223,37.507,16.353,36.352,4.0322,9.4247,-1.2275,-1.2275,-1.2275,1.983,796.4,-202.21,39.521,6.2797,-11.074,-204.51,-17.032,-4.5793,-201.16,-60.566,4.7445,39.895,-4.6555,-75.993,27.926,26.372,32.337,-15.173,-5.3493,21.783,21.783,21.783,-19.23,-7.8871,-23.047,-37.549,-20.439,8.9103,15.549,5.5051,15.068,-16.574,12.863,17.26,-1.3427,31.357,-26.133,-5.4259,-26.448,29.381,25.357,-38.316,-1.7211,-1.7211,-1.7211,4.3752
1.6905,5.4807,-1.1564,6.1721,25.907,-13.829,9.6113,17.141,-12.938,4.8714,-50.404,12.097,-53.044,6.9988,45.165,16.529,44.014,1.284,9.9094,-1.2772,-1.2772,-1.2772,1.9257,-202.21,798.56,35.015,7.1338,-9.1935,-204.08,-15.098,-3.7941,-200.45,-58.874,4.6344,39.8,-5.161,-74.326,29.014,27.445,32.261,-15.628,-13.094,21.508,21.508,21.508,-19.236,-8.9482,-23.343,-34.595,-21.272,8.3778,14.477,3.6036,14.293,-16.972,13.964,16.53,-1.396,32.037,-28.3,-4.0185,-28.626,30.111,25.158,-31.458,-2.1862,-2.1862,-2.1862,4.7721
52.167,51.524,1.6451,-6.6411,-2.3833,54.687,-6.0617,8.8679,57.49,-2.2408,27.774,8.5424,27.89,-22.355,53.342,5.8182,52.735,-20.704,4.8787,1.2852,1.2852,1.2852,-0.85726,39.521,35.015,952.72,4.9584,16.285,32.564,14.464,6.0322,34.665,32.792,-3.1935,2.3063,-14.134,27.298,37.266,35.694,8.277,-13.121,-64.521,-4.9112,-4.9112,-4.9112,2.5133,-27.668,-22.465,26.168,-31.477,-5.3738,-4.9592,-11.729,-17.354,-23.17,9.6907,-0.70729,-0.89911,-33.896,15.044,17.103,15.14,-33.999,0.59068,50.745,-1.7819,-1.7819,-1.7819,-3.2939
-11.835,-12.208,0.0045716,0.73554,-0.81677,-12.273,0.21776,-3.293,-12.007,-0.046866,-0.082971,-1.6711,-0.28123,3.7469,-12.772,-0.8886,-12.737,3.8743,-1.0823,0.13159,0.13159,0.13159,0.0023461,6.2797,7.1338,4.9584,998.49,-2.3057,7.7195,-2.1593,-0.969,7.1855,0.05561,-0.041833,-1.4417,0.87002,0.67971,-2.5509,-2.4745,-1.1331,1.2203,11.552,-0.48474,-0.48474,-0.48474,0.79363,1.7621,1.2431,-2.8126,1.8987,0.41736,0.96896,2.5868,0.46877,1.1334,-2.1247,0.40826,0.12931,-2.477,4.4077,-1.8125,4.4375,-2.4738,-0.71251,-8.5425,0.76176,0.76176,0.76176,-0.7938
-23.597,-23.733,-0.33597,2.4159,0.96399,-25.542,1.8728,-4.5986,-25.604,0.61162,-7.8076,-2.7835,-8.2455,8.8985,-22.273,-1.058,-22.201,8.434,-1.5659,-0.12188,-0.12188,-0.12188,0.26384,-11.074,-9.1935,16.285,-2.3057,993.8,-8.2065,-6.0789,-2.4665,-9.0078,-8.9817,0.75935,0.26388,3.1072,-8.2483,-7.5587,-7.3013,-0.79051,2.7356,24.547,1.5284,1.5284,1.5284,-0.59792,6.2304,3.8134,-10.052,6.259,1.9386,2.9584,5.4596,4.3371,4.1865,-3.4358,1.672,0.22564,4.384,1.4109,-5.3745,1.4129,4.2845,0.56346,-21.22,1.1308,1.1308,1.1308,-0.17862
6.0631,9.9433,-1.0997,5.8403,26.326,-9.5034,9.444,18.352,-8.5148,4.8506,-49.886,12.946,-52.528,5.4622,50.403,17.192,49.202,-0.28481,10.461,-1.2598,-1.2598,-1.2598,1.9153,-204.51,-204.08,32.564,7.7195,-8.2065,793.04,-14.307,-3.4152,-203.09,-58.278,4.5659,40.746,-6.0275,-74.317,31.574,29.897,33.314,-16.664,-18.154,21.69,21.69,21.69,-19.544,-10.637,-24.926,-33.457,-23.343,8.19,14.308,2.6929,13.641,-18.472,14.97,16.679,-1.4796,31.389,-28.776,-2.9983,-29.107,29.429,25.684,-28.199,-2.4272,-2.4272,-2.4272,4.8263
-25.715,-26.093,7.9495e-05,2.3854,2.4964,-29.643,1.6978,-4.6258,-28.364,0.53245,-6.4881,-1.1569,-7.5398,8.8576,-19.653,1.5271,-19.86,8.307,-0.42803,0.28198,0.28198,0.28198,0.27208,-17.032,-15.098,14.464,-2.1593,-6.0789,-14.307,992.93,-2.6465,-14.805,-7.1097,0.37622,4.0923,-0.43377,-9.1174,3.4468,3.1474,4.248,-1.3796,21.095,2.2278,2.2278,2.2278,-1.2378,-0.45939,-4.0409,-11.173,-2.9881,2.0993,4.8771,6.3561,1.8432,-3.1897,-1.9003,4.2762,-0.031468,-5.0032,8.6403,-3.5916,8.6715,-5.3846,3.0255,-23.258,1.4533,1.4533,1.4533,-1.6955
-10.289,-10.432,-0.047957,0.94672,0.58766,-11.468,0.66178,-2.0321,-11.171,0.19817,-2.5391,-0.83869,-2.8519,3.6185,-8.8921,0.078228,-8.9227,3.4467,-0.43953,0.058102,0.058102,0.058102,0.097176,-4.5793,-3.7941,6.0322,-0.969,-2.4665,-3.4152,-2.6465,998.96,-3.6983,-2.8274,0.18627,0.76188,0.45187,-3.086,-0.63063,-0.64969,0.67788,0.23287,9.3958,0.64814,0.64814,0.64814,-0.26525,0.99678,-0.18455,-4.1812,0.46933,0.78041,1.5899,2.4516,1.0769,0.041106,-1.1443,1.2117,0.040213,-0.72619,2.5649,-1.7549,2.5752,-0.82267,0.65592,-9.0469,0.56264,0.56264,0.56264,-0.48119
2.6184,6.4333,-1.1776,6.0964,25.712,-12.64,9.5638,17.273,-11.876,4.8567,-50.255,12.017,-52.821,6.7243,45.565,16.301,44.44,1.0362,9.8409,-1.3114,-1.3114,-1.3114,1.9154,-201.16,-200.45,34.665,7.1855,-9.0078,-203.09,-14.805,-3.6983,800.53,-58.736,4.6447,39.395,-4.9118,-73.936,28.166,26.644,31.777,-15.304,-13.506,21.379,21.379,21.379,-19.143,-8.4891,-22.687,-34.153,-20.559,8.2968,14.191,3.3469,14.39,-16.378,13.912,16.216,-1.3772,32.783,-29.02,-4.0221,-29.348,30.889,24.886,-30.587,-2.2504,-2.2504,-2.2504,4.9202
-12.131,-10.049,-1.88,4.3711,4.6685,-12.356,5.6399,2.2701,-16.801,2.5364,-29.266,-3.7858,-28.425,10.245,-12.16,-4.0995,-11.525,8.114,-1.8068,-1.9782,-1.9782,-1.9782,0.88257,-60.566,-58.874,32.792,0.05561,-8.9817,-58.278,-7.1097,-2.8274,-58.736,964.77,3.6463,0.95159,13.26,-30.475,-34.797,-33.179,-6.8875,11.232,28.452,6.5111,6.5111,6.5111,-5.1151,25.645,22.543,-16.978,30.265,4.0772,0.9446,2.8012,17.563,23.451,-3.3582,-1.8327,0.59899,48.144,-34.277,-12.291,-34.494,48.364,0.793,-22.189,-0.94513,-0.94513,-0.94513,6.8773
0.20604,-0.050932,0.24072,-0.38106,-0.17066,-0.17877,-0.54965,-0.3584,0.50794,-0.25352,2.9775,0.59771,2.7709,-0.80005,1.0928,0.84763,0.9807,-0.61305,0.34355,0.26857,0.26857,0.26857,-0.080427,4.7445,4.6344,-3.1935,-0.041833,0.75935,4.5659,0.37622,0.18627,4.6447,3.6463,999.58,0.59632,-1.8875,2.6959,5.2758,5.02,1.5753,-1.7957,-2.824,-0.49038,-0.49038,-0.49038,0.38537,-3.616,-3.5769,1.2402,-4.5391,-0.33012,0.32818,0.025637,-2.1009,-3.5729,0.52061,0.69626,-0.10034,-6.4188,4.7904,1.4137,4.8176,-6.4941,0.37588,1.2996,0.18369,0.18369,0.18369,-0.9702
3.9127,4.1367,-0.84079,-0.45148,-7.3234,11.203,-0.4925,-2.3168,7.3003,-0.30348,1.607,-6.2546,3.6208,-0.0032233,-14.53,-9.3536,-13.597,0.8791,-4.5163,-1.0013,-1.0013,-1.0013,-0.2301,39.895,39.8,2.3063,-1.4417,0.26388,40.746,4.0923,0.76188,39.395,0.95159,0.59632,984.48,10.877,10.594,-35.173,-33.391,-18.135,13.71,13.272,-4.4011,-4.4011,-4.4011,4.0383,20.483,25.288,6.4632,29.178,-1.2912,-6.9055,-2.528,5.7111,23.211,-6.2699,-9.1904,0.91054,23.12,-16.995,-4.9972,-17.039,24.137,-9.897,7.7957,-0.5638,-0.5638,-0.5638,3.7133
0.61193,-0.419,1.3635,-1.3175,3.4464,-4.7099,-1.8474,0.43894,-0.048969,-0.78662,10.401,5.914,8.5642,-3.639,14.084,8.4044,13.15,-3.4299,3.917,1.5346,1.5346,1.5346,-0.18008,-4.6555,-5.161,-14.134,0.87002,3.1072,-6.0275,-0.43377,0.45187,-4.9118,13.26,-1.8875,10.877,986.85,4.3546,39.368,37.425,15.94,-14.396,-19.747,0.60417,0.60417,0.60417,-0.85591,-25.026,-27.389,1.6586,-33.236,-0.61886,4.8124,1.0373,-11.105,-26.234,5.7054,7.5306,-0.89257,-36.348,26.566,8.3421,26.687,-37.183,6.8858,2.1057,0.87366,0.87366,0.87366,-5.5432
-15.197,-13.651,-1.0471,4.1464,8.5491,-20.208,5.1451,2.769,-21.39,2.3381,-25.873,0.51632,-26.506,9.4387,-3.4353,2.4191,-3.4961,7.0849,1.1835,-1.0007,-1.0007,-1.0007,0.89812,-75.993,-74.326,27.298,0.67971,-8.2483,-74.317,-9.1174,-3.086,-73.936,-30.475,2.6959,10.594,4.3546,967.42,-7.1766,-6.9466,5.7077,0.86568,17.821,8.2806,8.2806,8.2806,-6.7996,8.797,2.9431,-19.154,7.0957,4.3787,5.4784,4.5346,11.276,5.0396,0.79785,4.4949,-0.057426,25.311,-17.144,-7.5392,-17.293,24.837,6.9552,-25.586,-0.28261,-0.28261,-0.28261,3.2608
3.0047,5.93,-3.981,3.1195,-12.089,20.369,4.6373,-1.3396,6.2566,1.969,-26.892,-17.966,-21.104,8.7231,-40.436,-26.101,-37.566,8.5152,-12.066,-4.5357,-4.5357,-4.5357,0.37851,27.926,29.014,37.266,-2.5509,-7.5587,31.574,3.4468,-0.63063,28.166,-34.797,5.2758,-35.173,39.368,-7.1766,881.05,-113.05,-49.811,43.793,55.231,-3.373,-3.373,-3.373,3.8083,74.778,83.242,-0.92537,100.27,0.9839,-15.979,-4.4831,31.807,79.311,-17.306,-24.035,2.7277,107.01,-78.902,-23.835,-79.252,109.67,-22.348,-0.11226,-2.7506,-2.7506,-2.7506,16.504
2.3389,5.1096,-3.7841,3.0089,-11.464,18.782,4.4354,-1.3804,5.3893,1.8789,-25.658,-17.114,-20.174,8.466,-38.877,-24.799,-36.151,8.2619,-11.488,-4.3058,-4.3058,-4.3058,0.36379,26.372,27.445,35.694,-2.4745,-7.3013,29.897,3.1474,-0.64969,26.644,-33.179,5.02,-33.391,37.425,-6.9466,-113.05,892.55,-47.3,41.622,52.946,-3.1795,-3.1795,-3.1795,3.6115,71.095,79.082,-1.0763,95.289,0.97088,-15.107,-4.1376,30.267,75.357,-16.503,-22.779,2.594,101.62,-74.822,-22.73,-75.153,104.14,-21.207,-0.54853,-2.5843,-2.5843,-2.5843,15.654
6.8032,7.7021,-1.4561,0.14709,-7.5414,15.825,0.59579,-0.97614,9.9423,0.22654,-4.6731,-7.8174,-1.9439,0.81268,-15.327,-11.987,-14.058,1.3522,-5.4839,-1.7258,-1.7258,-1.7258,-0.080634,32.337,32.261,8.277,-1.1331,-0.79051,33.314,4.248,0.67788,31.777,-6.8875,1.5753,-18.135,15.94,5.7077,-49.811,-47.3,976.76,18.793,17.998,-3.6904,-3.6904,-3.6904,3.4406,30.121,35.487,5.1572,41.728,-0.81562,-8.6031,-3.494,10.78,33.205,-7.5549,-11.797,1.1951,40.181,-30.331,-8.1636,-30.446,41.472,-11.607,7.9164,-1.2118,-1.2118,-1.2118,6.4191
0.054588,-0.88122,1.4097,-1.0558,5.015,-6.5147,-1.4783,1.1723,-1.429,-0.5971,8.5824,6.9059,6.454,-3.3387,16.782,9.8667,15.718,-3.4032,4.6742,1.5953,1.5953,1.5953,-0.093747,-15.173,-15.628,-13.121,1.2203,2.7356,-16.664,-1.3796,0.23287,-15.304,11.232,-1.7957,13.71,-14.396,0.86568,43.793,41.622,18.793,983.74,-21.289,1.742,1.742,1.742,-1.8771,-27.337,-30.663,-0.17717,-36.819,-0.20663,5.9971,1.457,-11.198,-29.093,6.7517,9.0008,-1.0271,-37.655,27.419,8.6762,27.535,-38.656,8.6892,0.13249,0.8725,0.8725,0.8725,-5.7728
97.417,98.435,1.6964,-8.995,3.7987,99.319,-6.1726,23.174,101.83,-1.6788,24.426,16.917,24.78,-36.39,108.36,12.002,107.38,-35.77,10.523,0.86462,0.86462,0.86462,-0.69672,-5.3493,-13.094,-64.521,11.552,24.547,-18.154,21.095,9.3958,-13.506,28.452,-2.824,13.272,-19.747,17.821,55.231,52.946,17.998,-21.289,887.56,-0.82039,-0.82039,-0.82039,-2.5573,-38.666,-33.26,33.603,-45.35,-6.201,-6.5322,-21.06,-19.205,-32.749,19.95,0.42722,-1.6525,-26.186,-0.95829,24.722,-0.99125,-26.609,6.7678,80.342,-4.7798,-4.7798,-4.7798,-0.54768
2.4984,2.1666,0.10931,-0.85303,-2.834,4.4605,-1.1199,-1.217,4.2224,-0.5341,5.6196,-1.0982,5.9966,-1.5977,-2.48,-1.8243,-2.3413,-0.97612,-0.95015,0.091373,0.091373,0.091373,-0.21801,21.783,21.508,-4.9112,-0.48474,1.5284,21.69,2.2278,0.64814,21.379,6.5111,-0.49038,-4.4011,0.60417,8.2806,-3.373,-3.1795,-3.6904,1.742,-0.82039,997.64,-2.3605,-2.3605,2.0341,1.0254,2.8293,4.5744,2.5369,-1.0441,-1.9556,-1.0197,-1.5637,2.1067,-1.2051,-2.1063,0.14464,-2.5147,1.8041,0.73914,1.8326,-2.2816,-2.8276,5.5163,0.062199,0.062199,0.062199,-0.27551
2.4984,2.1666,0.10931,-0.85303,-2.834,4.4605,-1.1199,-1.217,4.2224,-0.5341,5.6196,-1.0982,5.9966,-1.5977,-2.48,-1.8243,-2.3413,-0.97612,-0.95015,0.091373,0.091373,0.091373,-0.21801,21.783,21.508,-4.9112,-0.48474,1.5284,21.69,2.2278,0.64814,21.379,6.5111,-0.49038,-4.4011,0.60417,8.2806,-3.373,-3.1795,-3.6904,1.742,-0.82039,-2.3605,997.64,-2.3605,2.0341,1.0254,2.8293,4.5744,2.5369,-1.0441,-1.9556,-1.0197,-1.5637,2.1067,-1.2051,-2.1063,0.14464,-2.5147,1.8041,0.73914,1.8326,-2.2816,-2.8276,5.5163,0.062199,0.062199,0.062199,-0.27551
2.4984,2.1666,0.10931,-0.85303,-2.834,4.4605,-1.1199,-1.217,4.2224,-0.5341,5.6196,-1.0982,5.9966,-1.5977,-2.48,-1.8243,-2.3413,-0.97612,-0.95015,0.091373,0.091373,0.091373,-0.21801,21.783,21.508,-4.9112,-0.48474,1.5284,21.69,2.2278,0.64814,21.379,6.5111,-0.49038,-4.4011,0.60417,8.2806,-3.373,-3.1795,-3.6904,1.742,-0.82039,-2.3605,-2.3605,997.64,2.0341,1.0254,2.8293,4.5744,2.5369,-1.0441,-1.9556,-1.0197,-1.5637,2.1067,-1.2051,-2.1063,0.14464,-2.5147,1.8041,0.73914,1.8326,-2.2816,-2.8276,5.5163,0.062199,0.062199,0.062199,-0.27551
1.0709,1.4242,-0.074412,0.48158,2.5327,-0.45341,0.82537,1.8412,-0.28025,0.43386,-4.392,1.3834,-4.6642,0.27325,5.4715,1.792,5.3405,-0.25828,1.0893,-0.091128,-0.091128,-0.091128,0.17305,-19.23,-19.236,2.5133,0.79363,-0.59792,-19.544,-1.2378,-0.26525,-19.143,-5.1151,0.38537,4.0383,-0.85591,-6.7996,3.8083,3.6115,3.4406,-1.8771,-2.5573,2.0341,2.0341,2.0341,998.15,-1.5562,-2.9001,-2.9356,-2.8986,0.7258,1.3757,0.16012,1.017,-2.2769,1.5851,1.6724,-0.15983,2.2744,-2.3103,-0.03345,-2.3397,2.0767,2.5378,-2.1997,-0.23865,-0.23865,-0.23865,0.36803
2.4675,0.52123,2.5972,-2.6334,6.4217,-7.459,-3.6096,1.0605,1.3515,-1.5277,20.164,11.314,16.721,-7.3827,27.79,15.918,26.023,-6.9532,7.4753,2.9088,2.9088,2.9088,-0.35781,-7.8871,-8.9482,-27.668,1.7621,6.2304,-10.637,-0.45939,0.99678,-8.4891,25.645,-3.616,20.483,-25.026,8.797,74.778,71.095,30.121,-27.337,-38.666,1.0254,1.0254,1.0254,-1.5562,952.37,-51.939,3.7445,-63.129,-1.2897,8.9089,1.6511,-21.248,-49.786,10.953,14.114,-1.6973,-68.983,50.167,16.07,50.398,-70.553,12.945,5.2065,1.5913,1.5913,1.5913,-10.473
-8.1937,-10.318,2.7623,-1.6074,8.9282,-21.138,-2.8292,-0.2004,-11.051,-1.2474,17.194,12.16,12.936,-3.9569,23.288,18.43,21.25,-3.9333,8.2464,3.2141,3.2141,3.2141,-0.20125,-23.047,-23.343,-22.465,1.2431,3.8134,-24.926,-4.0409,-0.18455,-22.687,22.543,-3.5769,25.288,-27.389,2.9431,83.242,79.082,35.487,-30.663,-33.26,2.8293,2.8293,2.8293,-2.9001,-51.939,941.37,-1.9503,-70.192,-0.19853,12.212,4.6115,-21.641,-55.717,11.522,17.651,-1.8962,-75.443,56.809,15.68,57.059,-77.37,16.168,-5.3898,2.2562,2.2562,2.2562,-11.854
-37.232,-37.312,-0.35254,4.1395,4.6938,-42.911,3.4857,-5.6122,-41.934,1.2617,-14.926,-2.0342,-16.26,14.031,-28.186,1.6547,-28.378,12.801,-0.72791,0.012945,0.012945,0.012945,0.56168,-37.549,-34.595,26.168,-2.8126,-10.052,-33.457,-11.173,-4.1812,-34.153,-16.978,1.2402,6.4632,1.6586,-19.154,-0.92537,-1.0763,5.1572,-0.17717,33.603,4.5744,4.5744,4.5744,-2.9356,3.7445,-1.9503,981.13,0.88856,3.736,7.0844,9.2393,5.8736,-0.51419,-2.9407,5.8096,0.038074,2.2413,5.2421,-7.1477,5.2406,1.725,4.7184,-36.241,1.779,1.779,1.779,-1.0159
-3.9515,-6.5243,3.3927,-2.638,9.8382,-18.542,-4.0291,0.53853,-6.5481,-1.7369,23.436,14.897,18.535,-7.0514,32.255,21.836,29.838,-6.7888,9.9875,3.8797,3.8797,3.8797,-0.3449,-20.439,-21.272,-31.477,1.8987,6.259,-23.343,-2.9881,0.46933,-20.559,30.265,-4.5391,29.178,-33.236,7.0957,100.27,95.289,41.728,-36.819,-45.35,2.5369,2.5369,2.5369,-2.8986,-63.129,-70.192,0.88856,915.41,-0.89063,13.49,4.0606,-27.111,-66.949,14.261,20.234,-2.2819,-91.487,67.813,20.062,68.117,-93.714,18.564,-0.50908,2.45,2.45,2.45,-14.155
6.3881,6.3216,0.11695,-0.83027,-1.0347,7.4009,-0.7785,0.75582,7.3638,-0.30333,3.5286,0.37339,3.7358,-2.6096,4.6853,-0.24112,4.7046,-2.3184,0.11653,0.06098,0.06098,0.06098,-0.12672,8.9103,8.3778,-5.3738,0.41736,1.9386,8.19,2.0993,0.78041,8.2968,4.0772,-0.33012,-1.2912,-0.61886,4.3787,0.9839,0.97088,-0.81562,-0.20663,-6.201,-1.0441,-1.0441,-1.0441,0.7258,-1.2897,-0.19853,3.736,-0.89063,999.23,-1.2561,-1.6009,-1.5307,-0.49198,0.49858,-0.98097,-0.015727,-1.9047,0.27402,1.5328,0.28218,-1.8167,-0.92452,6.6908,-0.2506,-0.2506,-0.2506,-0.055947
16.132,16.662,-0.44405,-1.1673,-3.1575,20.674,-0.60353,2.5296,18.268,-0.14783,1.3865,-1.4546,2.7188,-4.5126,7.0362,-4.075,7.5025,-4.1445,-1.2081,-0.67954,-0.67954,-0.67954,-0.14198,15.549,14.477,-4.9592,0.96896,2.9584,14.308,4.8771,1.5899,14.191,0.9446,0.32818,-6.9055,4.8124,5.4784,-15.979,-15.107,-8.6031,5.9971,-6.5322,-1.9556,-1.9556,-1.9556,1.3757,8.9089,12.212,7.0844,13.49,-1.2561,995.04,-4.4522,2.3674,11.18,-0.93975,-5.5285,0.34402,15.001,-14.06,-0.4781,-14.116,15.557,-4.6478,14.575,-1.187,-1.187,-1.187,2.883
26.422,27.11,-0.16418,-1.9799,-1.2237,29.872,-1.0298,5.7524,28.295,-0.19594,2.8751,1.5131,3.9194,-8.4047,21.919,-1.1408,22.126,-8.2016,0.77061,-0.47228,-0.47228,-0.47228,-0.14962,5.5051,3.6036,-11.729,2.5868,5.4596,2.6929,6.3561,2.4516,3.3469,2.8012,0.025637,-2.528,1.0373,4.5346,-4.4831,-4.1376,-3.494,1.457,-21.06,-1.0197,-1.0197,-1.0197,0.16012,1.6511,4.6115,9.2393,4.0606,-1.6009,-4.4522,993.63,-0.25712,4.0461,2.4029,-3.8988,0.008976,9.5768,-12.405,2.8634,-12.465,9.9085,-2.0484,21.788,-1.6827,-1.6827,-1.6827,2.4096
3.9234,2.7509,1.298,-2.002,0.53813,1.0637,-2.6611,-0.40627,4.9219,-1.1718,14.252,4.3635,12.998,-5.004,11.346,5.8214,10.647,-4.2683,2.6857,1.4202,1.4202,1.4202,-0.35633,15.068,14.293,-17.354,0.46877,4.3371,13.641,1.8432,1.0769,14.39,17.563,-2.1009,5.7111,-11.105,11.276,31.807,30.267,10.78,-11.198,-19.205,-1.5637,-1.5637,-1.5637,1.017,-21.248,-21.641,5.8736,-27.111,-1.5307,2.3674,-0.25712,988.77,-21.27,4.1261,4.6744,-0.66609,-34.016,24.585,8.1789,24.715,-34.539,3.5591,7.663,0.75279,0.75279,0.75279,-5.0503
-6.6782,-8.7958,2.6876,-1.8105,7.8629,-18.586,-3.0351,-0.37375,-8.9547,-1.3427,18.07,11.48,14.082,-4.4081,22.315,17.283,20.39,-4.2231,7.7278,3.1118,3.1118,3.1118,-0.2527,-16.574,-16.972,-23.17,1.1334,4.1865,-18.472,-3.1897,0.041106,-16.378,23.451,-3.5729,23.211,-26.234,5.0396,79.311,75.357,33.205,-29.093,-32.749,2.1067,2.1067,2.1067,-2.2769,-49.786,-55.717,-0.51419,-66.949,-0.49198,11.18,4.0461,-21.27,946.9,10.859,16.399,-1.7916,-73.171,54.959,15.371,55.207,-74.963,14.828,-3.3122,2.1538,2.1538,2.1538,-11.447
-13.27,-13.398,-0.45106,1.142,-2.6663,-11.545,0.6859,-4.1428,-12.914,0.12188,-2.6832,-4.1815,-2.1974,5.2554,-19.979,-4.2934,-19.587,5.4438,-2.783,-0.36909,-0.36909,-0.36909,0.024994,12.863,13.964,9.6907,-2.1247,-3.4358,14.97,-1.9003,-1.1443,13.912,-3.3582,0.52061,-6.2699,5.7054,0.79785,-17.306,-16.503,-7.5549,6.7517,19.95,-1.2051,-1.2051,-1.2051,1.5851,10.953,11.522,-2.9407,14.261,0.49858,-0.93975,2.4029,4.1261,10.859,995.35,-2.5587,0.48673,9.4077,-3.9143,-4.8494,-3.9176,9.7469,-3.7483,-9.4683,0.57655,0.57655,0.57655,0.97947
12.669,13.307,-0.70689,-0.67982,-3.9209,18.024,-0.14603,1.5936,14.813,0.011072,-0.84771,-2.9933,0.76437,-2.7271,0.95659,-5.8436,1.6045,-2.3895,-2.2113,-0.93942,-0.93942,-0.93942,-0.09808,17.26,16.53,-0.70729,0.40826,1.672,16.679,4.2762,1.2117,16.216,-1.8327,0.69626,-9.1904,7.5306,4.4949,-24.035,-22.779,-11.797,9.0008,0.42722,-2.1063,-2.1063,-2.1063,1.6724,14.114,17.651,5.8096,20.234,-0.98097,-5.5285,-3.8988,4.6744,16.399,-2.5587,993.24,0.54345,21.346,-17.984,-2.5935,-18.056,22.052,-6.0377,11.606,-1.1471,-1.1471,-1.1471,3.7321
0.38124,0.34174,0.082594,-0.079092,0.35562,-0.014995,-0.0838,0.19473,0.28098,-0.028399,0.45532,0.47931,0.33153,-0.30998,1.4601,0.6363,1.3942,-0.3246,0.3249,0.089488,0.089488,0.089488,-0.0034009,-1.3427,-1.396,-0.89911,0.12931,0.22564,-1.4796,-0.031468,0.040213,-1.3772,0.59899,-0.10034,0.91054,-0.89257,-0.057426,2.7277,2.594,1.1951,-1.0271,-1.6525,0.14464,0.14464,0.14464,-0.15983,-1.6973,-1.8962,0.038074,-2.2819,-0.015727,0.34402,0.008976,-0.66609,-1.7916,0.48673,0.54345,999.93,-2.13,1.4624,0.57045,1.468,-2.1921,0.57062,0.24228,0.025276,0.025276,0.025276,-0.31356
-30.312,-34.94,4.2603,-2.8308,4.4894,-45.263,-6.2973,-9.9686,-30.703,-3.167,38.014,11.518,32.347,-1.7841,1.4269,20.468,-1.1162,-0.011774,7.4286,5.1324,5.1324,5.1324,-0.80348,31.357,32.037,-33.896,-2.477,4.384,31.389,-5.0032,-0.72619,32.783,48.144,-6.4188,23.12,-36.348,25.311,107.01,101.62,40.181,-37.655,-26.186,-2.5147,-2.5147,-2.5147,2.2744,-68.983,-75.443,2.2413,-91.487,-1.9047,15.001,9.5768,-34.016,-73.171,9.4077,21.346,-2.13,879.91,95.457,20.674,95.948,-122.31,15.181,-12.308,4.9785,4.9785,4.9785,-19.42
45.489,49.567,-3.2288,0.49451,-3.1706,58.563,3.9677,13.03,46.822,2.2877,-26.636,-6.2999,-21.778,-6.0147,20.74,-14.869,22.686,-7.3406,-4.1568,-4.1326,-4.1326,-4.1326,0.52022,-26.133,-28.3,15.044,4.4077,1.4109,-28.776,8.6403,2.5649,-29.02,-34.277,4.7904,-16.995,26.566,-17.144,-78.902,-74.822,-30.331,27.419,-0.95829,1.8041,1.8041,1.8041,-2.3103,50.167,56.809,5.2421,67.813,0.27402,-14.06,-12.405,24.585,54.959,-3.9143,-17.984,1.4624,95.457,919.67,-12.294,-80.746,97.255,-11.553,27.056,-5.1555,-5.1555,-5.1555,16.196
-14.799,-14.36,-0.88076,2.1592,-0.98285,-13.453,2.1008,-2.9659,-15.774,0.78373,-10.128,-4.5591,-9.508,7.2873,-20.402,-4.7006,-19.904,6.8735,-2.8404,-0.83365,-0.83365,-0.83365,0.25915,-5.4259,-4.0185,17.103,-1.8125,-5.3745,-2.9983,-3.5916,-1.7549,-4.0221,-12.291,1.4137,-4.9972,8.3421,-7.5392,-23.835,-22.73,-8.1636,8.6762,24.722,0.73914,0.73914,0.73914,-0.03345,16.07,15.68,-7.1477,20.062,1.5328,-0.4781,2.8634,8.1789,15.371,-4.8494,-2.5935,0.57045,20.674,-12.294,992.58,-12.354,21.014,-2.9201,-14.219,0.25673,0.25673,0.25673,2.6315
45.726,49.827,-3.2454,0.50131,-3.1616,58.85,3.995,13.113,47.053,2.3031,-26.809,-6.317,-21.929,-6.0428,20.898,-14.925,22.853,-7.3804,-4.1664,-4.1538,-4.1538,-4.1538,0.52443,-26.448,-28.626,15.14,4.4375,1.4129,-29.107,8.6715,2.5752,-29.348,-34.494,4.8176,-17.039,26.687,-17.293,-79.252,-75.153,-30.446,27.535,-0.99125,1.8326,1.8326,1.8326,-2.3397,50.398,57.059,5.2406,68.117,0.28218,-14.116,-12.465,24.715,55.207,-3.9176,-18.056,1.468,95.948,-80.746,-12.354,918.83,97.753,-11.585,27.171,-5.1833,-5.1833,-5.1833,16.279
-31.282,-35.967,4.3365,-2.7848,4.9265,-46.787,-6.2929,-10.038,-31.892,-3.1687,38.129,11.89,32.297,-1.6181,1.7273,21.118,-0.88601,0.11621,7.6977,5.2295,5.2295,5.2295,-0.79384,29.381,30.111,-33.999,-2.4738,4.2845,29.429,-5.3846,-0.82267,30.889,48.364,-6.4941,24.137,-37.183,24.837,109.67,104.14,41.472,-38.656,-26.609,-2.2816,-2.2816,-2.2816,2.0767,-70.553,-77.37,1.725,-93.714,-1.8167,15.557,9.9085,-34.539,-74.963,9.7469,22.052,-2.1921,-122.31,97.255,21.014,97.753,875.39,15.843,-13.259,5.0774,5.0774,5.0774,-19.796
4.3833,4.5744,-0.53864,-0.42674,-4.6717,9.1988,-0.38246,-1.0276,6.6396,-0.20372,1.21,-3.8041,2.547,-0.616,-7.4885,-5.9381,-6.8891,-0.049424,-2.7702,-0.66172,-0.66172,-0.66172,-0.15477,25.357,25.158,0.59068,-0.71251,0.56346,25.684,3.0255,0.65592,24.886,0.793,0.37588,-9.897,6.8858,6.9552,-22.348,-21.207,-11.607,8.6892,6.7678,-2.8276,-2.8276,-2.8276,2.5378,12.945,16.168,4.7184,18.564,-0.92452,-4.6478,-2.0484,3.5591,14.828,-3.7483,-6.0377,0.57062,15.181,-11.553,-2.9201,-11.585,15.843,993.66,6.4713,-0.47643,-0.47643,-0.47643,2.502
-90.941,-92.414,-0.20406,8.0889,5.3432,-101.94,5.4404,-18.153,-98.63,1.5659,-20.186,-6.7074,-23.189,31.362,-77.19,1.7114,-77.584,29.955,-3.4439,0.76129,0.76129,0.76129,0.80517,-38.316,-31.458,50.745,-8.5425,-21.22,-28.199,-23.258,-9.0469,-30.587,-22.189,1.2996,7.7957,2.1057,-25.586,-0.11226,-0.54853,7.9164,0.13249,80.342,5.5163,5.5163,5.5163,-2.1997,5.2065,-5.3898,-36.241,-0.50908,6.6908,14.575,21.788,7.663,-3.3122,-9.4683,11.606,0.24228,-12.308,27.056,-14.219,27.171,-13.259,6.4713,920.74,5.1381,5.1381,5.1381,-5.1519
7.0069,7.3074,-0.13423,-0.3521,-0.065639,7.937,-0.01414,1.7936,7.2906,0.071521,-0.63301,0.29796,-0.30491,-1.9217,5.8459,-0.46095,5.9301,-1.9755,0.16805,-0.22694,-0.22694,-0.22694,0.0023033,-1.7211,-2.1862,-1.7819,0.76176,1.1308,-2.4272,1.4533,0.56264,-2.2504,-0.94513,0.18369,-0.5638,0.87366,-0.28261,-2.7506,-2.5843,-1.2118,0.8725,-4.7798,0.062199,0.062199,0.062199,-0.23865,1.5913,2.2562,1.779,2.45,-0.2506,-1.187,-1.6827,0.75279,2.1538,0.57655,-1.1471,0.025276,4.9785,-5.1555,0.25673,-5.1833,5.0774,-0.47643,5.1381,999.47,-0.52903,-0.52903,1.0091
7.0069,7.3074,-0.13423,-0.3521,-0.065639,7.937,-0.01414,1.7936,7.2906,0.071521,-0.63301,0.29796,-0.30491,-1.9217,5.8459,-0.46095,5.9301,-1.9755,0.16805,-0.22694,-0.22694,-0.22694,0.0023033,-1.7211,-2.1862,-1.7819,0.76176,1.1308,-2.4272,1.4533,0.56264,-2.2504,-0.94513,0.18369,-0.5638,0.87366,-0.28261,-2.7506,-2.5843,-1.2118,0.8725,-4.7798,0.062199,0.062199,0.062199,-0.23865,1.5913,2.2562,1.779,2.45,-0.2506,-1.187,-1.6827,0.75279,2.1538,0.57655,-1.1471,0.025276,4.9785,-5.1555,0.25673,-5.1833,5.0774,-0.47643,5.1381,-0.52903,999.47,-0.52903,1.0091
7.0069,7.3074,-0.13423,-0.3521,-0.065639,7.937,-0.01414,1.7936,7.2906,0.071521,-0.63301,0.29796,-0.30491,-1.9217,5.8459,-0.46095,5.9301,-1.9755,0.16805,-0.22694,-0.22694,-0.22694,0.0023033,-1.7211,-2.1862,-1.7819,0.76176,1.1308,-2.4272,1.4533,0.56264,-2.2504,-0.94513,0.18369,-0.5638,0.87366,-0.28261,-2.7506,-2.5843,-1.2118,0.8725,-4.7798,0.062199,0.062199,0.062199,-0.23865,1.5913,2.2562,1.779,2.45,-0.2506,-1.187,-1.6827,0.75279,2.1538,0.57655,-1.1471,0.025276,4.9785,-5.1555,0.25673,-5.1833,5.0774,-0.47643,5.1381,-0.52903,-0.52903,999.47,1.0091
-8.6466,-9.4523,0.66147,-0.12763,0.78347,-11.362,-0.80107,-2.431,-8.9561,-0.45345,5.3376,1.4376,4.3403,1.0326,-3.3548,3.1694,-3.7614,1.2803,0.95328,0.83959,0.83959,0.83959,-0.10137,4.3752,4.7721,-3.2939,-0.7938,-0.17862,4.8263,-1.6955,-0.48119,4.9202,6.8773,-0.9702,3.7133,-5.5432,3.2608,16.504,15.654,6.4191,-5.7728,-0.54768,-0.27551,-0.27551,-0.27551,0.36803,-10.473,-11.854,-1.0159,-14.155,-0.055947,2.883,2.4096,-5.0503,-11.447,0.97947,3.7321,-0.31356,-19.42,16.196,2.6315,16.279,-19.796,2.502,-5.1519,1.0091,1.0091,1.0091,996.73
