557.75,361.34,819.61,646.29,4.689,281.34,704.41,776.24,494.9,251.67
22.681,119.79,631.37,472.04,1.1829,227.32,582.21,677.29,419.31,42.008
791.02,766.36,909.8,813.5,12.449,386.03,860.25,929.77,633.1,529.82
0.032538,0.037511,-0.10578,-0.11672,-0.00018627,0.042817,0.0047704,-0.0020241,-0.044841,0.037027
0.037511,0.097572,-0.1481,-0.18498,-0.012083,-0.12163,0.048403,-0.063616,0.058009,0.076058
-0.10578,-0.1481,0.36801,0.41395,-0.0053506,-0.055554,0.045564,-0.0089184,0.046635,-0.14356
-0.11672,-0.18498,0.41395,0.47468,0.00096432,0.0063036,0.016105,0.023924,0.01762,-0.17013
-0.00018627,-0.012083,-0.0053506,0.00096432,0.99964,-0.0046843,-0.0071779,-0.0094,-0.0047157,0.00027035
0.042817,-0.12163,-0.055554,0.0063036,-0.0046843,0.93012,-0.12137,-0.14622,-0.076339,-0.057298
0.0047704,0.048403,0.045564,0.016105,-0.0071779,-0.12137,0.63425,-0.38063,-0.25926,-0.01964
-0.0020241,-0.063616,-0.0089184,0.023924,-0.0094,-0.14622,-0.38063,0.58684,-0.26694,-0.011656
-0.044841,0.058009,0.046635,0.01762,-0.0047157,-0.076339,-0.25926,-0.26694,0.8094,0.045641
0.037027,0.076058,-0.14356,-0.17013,0.00027035,-0.057298,-0.01964,-0.011656,0.045641,0.067143
52.657,52.657,52.657,52.657,52.657,52.657,52.657,52.657,52.657,52.657
