0.31399,0.11954,-0.28461,0.13219,0.060046,0.24638,0.25653,0.11145,0.09033,0.18079,0.57934,0.53297,0.28468,0.37198,0.56788,0.77998,0.3604,0.14477,-0.59501,0.0028226,0.0028226,0.0028226,0.0019739,0.03553,34.202,0.13029,-0.068093
0.22357,0.029493,-0.49414,0.028838,0.0078949,0.0061483,0.16608,0.0068112,0.00015388,0.013055,0.10756,0.0081755,0.01574,0.0028151,0.01873,0.0068851,0.055555,0.032638,-1.0682,-0.047591,-0.047591,-0.047591,3.1422e-06,-0.040355,-60.753,-0.42628,-0.47451
0.54719,0.24742,-0.1797,0.24918,0.17213,0.49639,0.47033,0.32037,0.21097,0.57158,0.99513,0.99243,0.99938,0.99265,0.99941,0.9963,0.99163,0.33502,-0.40147,0.042669,0.042669,0.042669,0.011042,0.1035,147.46,0.64879,0.35686
864.91,-77.923,117.54,-73.924,1.6831,-112.19,-108.37,-70.989,-25.335,32.252,-5.8367,18.264,23.324,23.218,55.874,36.091,53.662,-21.167,177.98,55.002,55.002,55.002,-3.1847,-32.932,0.055693,17.818,9.6338
-77.923,892.79,41.298,-93.618,13.678,-36.74,-46.854,-28.488,-82.94,81.731,-86.817,-56.5,-0.7944,42.404,47.522,38.242,36.292,-51.33,51.454,27.003,27.003,27.003,-1.0069,-59.032,0.21524,74.859,-11.506
117.54,41.298,886.32,42.19,2.6906,110.15,101.33,64.994,-5.986,-1.5879,-35.892,-47.069,-28.257,-11.623,-46.233,-22.561,-46.191,-0.70418,-172.86,-50.974,-50.974,-50.974,3.0859,10.863,0.020244,11.522,-15.274
-73.924,-93.618,42.19,910.47,-6.3146,-34.578,-41.922,-32.661,-68.476,84.049,-81.387,-43.031,-44.801,14.312,50.808,17.066,47.83,-83.75,61.607,18.4,18.4,18.4,-0.80364,-56.32,0.2153,64.671,-7.9706
1.6831,13.678,2.6906,-6.3146,944.12,13.573,7.1187,-17.362,28.846,35.24,-4.9406,18.402,-148.76,-14.763,10.046,-1.8559,-11.895,-70.51,43.383,-24.323,-24.323,-24.323,0.14186,-9.1706,0.0045665,22.857,-9.6332
-112.19,-36.74,110.15,-34.578,13.573,881.51,-98.083,-55.439,1.0915,-17.685,36.24,75.437,89.812,-6.0894,29.245,-28.739,83.02,14.053,148.77,54.732,54.732,54.732,-2.7043,-3.4784,0.013041,-2.6322,10.153
-108.37,-46.854,101.33,-41.922,7.1187,-98.083,899.01,-50.74,3.8748,51.62,29.267,10.364,42.606,43.544,38.987,26.47,54.684,51.75,165.27,44.111,44.111,44.111,-3.389,-12.606,-0.12597,-18.356,-5.4374
-70.989,-28.488,64.994,-32.661,-17.362,-55.439,-50.74,920.43,15.99,-43.049,-83.642,15.021,-3.7602,-31.564,-58.233,57.337,-34.774,-47.011,158.84,16.712,16.712,16.712,-2.2631,-20.931,0.1492,20.687,21.025
-25.335,-82.94,-5.986,-68.476,28.846,1.0915,3.8748,15.99,892.72,21.497,-39.426,-54.313,19.539,-1.7584,89.354,7.4693,32.825,-89.239,-84.315,25.054,25.054,25.054,1.4168,-42.52,0.085929,51.421,5.3667
32.252,81.731,-1.5879,84.049,35.24,-17.685,51.62,-43.049,21.497,530.89,39.628,187.34,169.18,-147.65,-72.814,82.46,-216.8,-120.36,-78.292,46.62,46.62,46.62,2.5742,52.289,0.20653,8.4013,33.998
-5.8367,-86.817,-35.892,-81.387,-4.9406,36.24,29.267,-83.642,-39.426,39.628,466.76,15.656,8.2377,43.111,-337.89,-9.9076,13.267,-163.89,88.135,-50.011,-50.011,-50.011,-0.47281,-70.339,-0.15679,-54.819,8.312
18.264,-56.5,-47.069,-43.031,18.402,75.437,10.364,15.021,-54.313,187.34,15.656,403.32,1.862,-279.39,114.64,167.63,-45.727,93.663,39.05,-24.108,-24.108,-24.108,-2.4886,-46.557,-0.052674,-45.613,65.656
23.324,-0.7944,-28.257,-44.801,-148.76,89.812,42.606,-3.7602,19.539,169.18,8.2377,1.862,479.16,124.14,134.99,104.39,-91.839,-218.35,3.6068,-61.738,-61.738,-61.738,1.6749,-41.918,-0.041618,21.307,28.013
23.218,42.404,-11.623,14.312,-14.763,-6.0894,43.544,-31.564,-1.7584,-147.65,43.111,-279.39,124.14,336.57,35.254,-149.41,85.28,-150.83,35.56,-16.65,-16.65,-16.65,1.0362,-2.7743,-0.022993,39.028,-24.424
55.874,47.522,-46.233,50.808,10.046,29.245,38.987,-58.233,89.354,-72.814,-337.89,114.64,134.99,35.254,577.42,-63.024,-34.66,73.093,93.679,-60.354,-60.354,-60.354,-1.2839,15.826,-0.098862,22.59,55.646
36.091,38.242,-22.561,17.066,-1.8559,-28.739,26.47,57.337,7.4693,82.46,-9.9076,167.63,104.39,-149.41,-63.024,564.14,352.87,-26.065,-86.894,-33.905,-33.905,-33.905,2.5648,24.684,0.2523,69.483,-13.567
53.662,36.292,-46.191,47.83,-11.895,83.02,54.684,-34.774,32.825,-216.8,13.267,-45.727,-91.839,85.28,-34.66,352.87,587.1,8.9394,-12.891,-5.0199,-5.0199,-5.0199,0.37611,0.49079,0.24872,85.685,-41.632
-21.167,-51.33,-0.70418,-83.75,-70.51,14.053,51.75,-47.011,-89.239,-120.36,-163.89,93.663,-218.35,-150.83,73.093,-26.065,8.9394,537.62,-67.32,2.0133,2.0133,2.0133,4.155,-53.648,-0.050147,-75.384,12.013
177.98,51.454,-172.86,61.607,43.383,148.77,165.27,158.84,-84.315,-78.292,88.135,39.05,3.6068,35.56,93.679,-86.894,-12.891,-67.32,553.91,-27.189,-27.189,-27.189,7.624,35.083,-0.12196,-13.182,34.772
55.002,27.003,-50.974,18.4,-24.323,54.732,44.111,16.712,25.054,46.62,-50.011,-24.108,-61.738,-16.65,-60.354,-33.905,-5.0199,2.0133,-27.189,955.24,-44.76,-44.76,0.84207,-0.078539,0.047917,22.617,-27.842
55.002,27.003,-50.974,18.4,-24.323,54.732,44.111,16.712,25.054,46.62,-50.011,-24.108,-61.738,-16.65,-60.354,-33.905,-5.0199,2.0133,-27.189,-44.76,955.24,-44.76,0.84207,-0.078539,0.047917,22.617,-27.842
55.002,27.003,-50.974,18.4,-24.323,54.732,44.111,16.712,25.054,46.62,-50.011,-24.108,-61.738,-16.65,-60.354,-33.905,-5.0199,2.0133,-27.189,-44.76,-44.76,955.24,0.84207,-0.078539,0.047917,22.617,-27.842
-3.1847,-1.0069,3.0859,-0.80364,0.14186,-2.7043,-3.389,-2.2631,1.4168,2.5742,-0.47281,-2.4886,1.6749,1.0362,-1.2839,2.5648,0.37611,4.155,7.624,0.84207,0.84207,0.84207,999.83,-0.24467,0.012352,-1.2675,1.4518
-32.932,-59.032,10.863,-56.32,-9.1706,-3.4784,-12.606,-20.931,-42.52,52.289,-70.339,-46.557,-41.918,-2.7743,15.826,24.684,0.49079,-53.648,35.083,-0.078539,-0.078539,-0.078539,-0.24467,956.97,0.14159,81.271,-42.282
0.055693,0.21524,0.020244,0.2153,0.0045665,0.013041,-0.12597,0.1492,0.085929,0.20653,-0.15679,-0.052674,-0.041618,-0.022993,-0.098862,0.2523,0.24872,-0.050147,-0.12196,0.047917,0.047917,0.047917,0.012352,0.14159,0.0008571,0.11436,-0.037687
17.818,74.859,11.522,64.671,22.857,-2.6322,-18.356,20.687,51.421,8.4013,-54.819,-45.613,21.307,39.028,22.59,69.483,85.685,-75.384,-13.182,22.617,22.617,22.617,-1.2675,81.271,0.11436,61.656,-20.823
9.6338,-11.506,-15.274,-7.9706,-9.6332,10.153,-5.4374,21.025,5.3667,33.998,8.312,65.656,28.013,-24.424,55.646,-13.567,-41.632,12.013,34.772,-27.842,-27.842,-27.842,1.4518,-42.282,-0.037687,-20.823,41.098
