493.15,416.68,-735.99,-1600.8,-134.38,-134.38,-134.38,0.00756,-2507.2
4604.4,4604,589.88,-455.65,1587.9,1587.9,1587.9,10010,3345.2
0.0005945,-0.00058325,1.1041e-05,-4.5239e-06,9.4467e-06,9.4467e-06,9.4467e-06,-2.1062e-06,-3.3265e-06
-0.00058325,0.00058094,-3.5192e-06,3.2969e-06,-1.0358e-05,-1.0358e-05,-1.0358e-05,-5.0592e-07,2.3183e-06
1.1041e-05,-3.5192e-06,7.3818e-05,-2.9959e-05,-1.2578e-05,-1.2578e-05,-1.2578e-05,-1.546e-06,-4.0981e-06
-4.5239e-06,3.2969e-06,-2.9959e-05,2.035e-05,4.6368e-06,4.6368e-06,4.6368e-06,9.8997e-08,1.822e-06
9.4467e-06,-1.0358e-05,-1.2578e-05,4.6368e-06,0.66667,-0.33333,-0.33333,1.4111e-07,5.0211e-07
9.4467e-06,-1.0358e-05,-1.2578e-05,4.6368e-06,-0.33333,0.66667,-0.33333,1.4111e-07,5.0211e-07
9.4467e-06,-1.0358e-05,-1.2578e-05,4.6368e-06,-0.33333,-0.33333,0.66667,1.4111e-07,5.0211e-07
-2.1062e-06,-5.0592e-07,-1.546e-06,9.8997e-08,1.4111e-07,1.4111e-07,1.4111e-07,9.8401e-07,4.4162e-08
-3.3265e-06,2.3183e-06,-4.0981e-06,1.822e-06,5.0211e-07,5.0211e-07,5.0211e-07,4.4162e-08,1.2278e-06
83.026,83.026,83.026,83.026,83.026,83.026,83.026,83.026,83.026
1666.1,1631.7,-75.328,-1177.9,1067.4,1067.4,1067.4,1336.9,141.93
1,1,1,1,1,1,1,1,1
