0,43.478,235.29,375.46,1.2428,154.51,838,1031.9,622.51,1.4803,140.08,62.002,0.23252
1352.2,202.53,533.33,1006.7,14.449,451.32,995.69,1216.5,898,28.718,246.58,229.24,150.56
1.3493e-05,-0.0001252,-7.128e-05,3.0059e-05,0.00032905,1.2519e-05,5.1991e-05,-3.3077e-06,-1.3936e-05,-0.0008392,2.7676e-05,-0.0002596,0.00012345
-0.0001252,0.003576,0.0019146,-0.00049266,-0.0097842,-0.00064274,-0.00075286,-0.00059635,1.3166e-05,0.012274,0.003679,0.0043345,-0.0029084
-7.128e-05,0.0019146,0.0013909,-0.00037176,-0.009022,-0.00010744,-0.0011572,2.2559e-05,0.00011502,0.0084103,0.0022652,0.0026146,-0.0020853
3.0059e-05,-0.00049266,-0.00037176,0.0002685,0.0018464,-0.00018813,0.00082902,-0.00047404,-0.00028486,-0.0055793,0.00078772,-0.0010403,0.00090281
0.00032905,-0.0097842,-0.009022,0.0018464,0.84577,-0.02558,0.094687,-0.052156,-0.02626,-0.097406,-0.011628,0.0032504,0.021943
1.2519e-05,-0.00064274,-0.00010744,-0.00018813,-0.02558,0.33613,-0.0051998,-0.32932,0.33456,0.0060252,-0.0059511,-0.0020122,-0.00093461
5.1991e-05,-0.00075286,-0.0011572,0.00082902,0.094687,-0.0051998,0.023679,-0.013467,-0.0082247,-0.028259,0.0061559,0.0027632,0.0046728
-3.3077e-06,-0.00059635,2.2559e-05,-0.00047404,-0.052156,-0.32932,-0.013467,0.3422,-0.32849,0.013244,-0.0081935,-0.0030064,-0.0016322
-1.3936e-05,1.3166e-05,0.00011502,-0.00028486,-0.02626,0.33456,-0.0082247,-0.32849,0.33692,0.0072407,-0.0024175,-0.00092828,-0.00073468
-0.0008392,0.012274,0.0084103,-0.0055793,-0.097406,0.0060252,-0.028259,0.013244,0.0072407,0.19996,-0.021763,0.022611,-0.030067
2.7676e-05,0.003679,0.0022652,0.00078772,-0.011628,-0.0059511,0.0061559,-0.0081935,-0.0024175,-0.021763,0.036398,0.0016833,-0.000838
-0.0002596,0.0043345,0.0026146,-0.0010403,0.0032504,-0.0020122,0.0027632,-0.0030064,-0.00092828,0.022611,0.0016833,0.012432,-0.0050789
0.00012345,-0.0029084,-0.0020853,0.00090281,0.021943,-0.00093461,0.0046728,-0.0016322,-0.00073468,-0.030067,-0.000838,-0.0050789,0.0070497
73.004,73.004,73.004,73.004,73.004,73.004,73.004,73.004,73.004,73.004,73.004,73.004,73.004
575.28,120.28,364.71,660.89,5.2136,267.11,982.45,1111.4,844.25,10.481,174.76,124.56,76.629
0.11111,0.11111,0.11111,0.11111,0.11111,0.11111,0.11111,0.11111,0.11111,0.11111,0.11111,0.11111,0.11111
239.63,131.03,378.92,511.75,12.287,416.15,894.99,1092.6,676.48,12.22,229.72,200.51,21.059
0.88889,0.88889,0.88889,0.88889,0.88889,0.88889,0.88889,0.88889,0.88889,0.88889,0.88889,0.88889,0.88889
