118.79,0.37695,0.6098,1.0593,0.015003,0.39704,0.59574,0.77231,0.37527,0.18977
19.688,0.16883,0.45098,0.96626,0.0077195,0.36348,0.44122,0.66353,0.30004,0.13277
215.58,0.55652,0.76863,1.113,0.018608,0.43067,0.65097,0.87012,0.47817,0.23236
0.014831,-2.953,-8.7931,-0.55896,0.12336,2.1162,2.5894,-3.647,-5.7631,-1.6956
-2.953,1072.8,2217.3,128.93,54.274,-352.57,349.73,174.22,526.8,1954
-8.7931,2217.3,8387.3,1185.2,82.936,323.97,1787.1,1536,1212.1,-190.16
-0.55896,128.93,1185.2,8603,-111.3,-265.87,-2153.1,-1812.7,-1546.9,-366.56
0.12336,54.274,82.936,-111.3,9990.9,-19.32,-172.28,-144.45,-125.13,-38.681
2.1162,-352.57,323.97,-265.87,-19.32,9933.5,-403.36,-344.69,-278.14,11.463
2.5894,349.73,1787.1,-2153.1,-172.28,-403.36,6679.2,-2793.8,-2390.5,-597.47
-3.647,174.22,1536,-1812.7,-144.45,-344.69,-2793.8,7647.9,-2007.4,-477.13
-5.7631,526.8,1212.1,-1546.9,-125.13,-278.14,-2390.5,-2007.4,8270.7,-488.59
-1.6956,1954,-190.16,-366.56,-38.681,11.463,-597.47,-477.13,-488.59,9490.2
