678.9,676.89,-2.835,-371.32,352.96,352.96,352.96,231.1,52.369
343.09,337.73,-91.233,-486.98,271.73,271.73,271.73,2.2505,-198.67
1441.7,1440.2,84.826,-235.62,433.43,433.43,433.43,1299.7,302.34
0.2292,-0.22947,0.015545,-0.004912,-0.0051113,-0.0051113,-0.0051113,-0.00039799,0.00067986
-0.22947,0.22987,-0.015837,0.0052597,0.0050927,0.0050927,0.0050927,0.00030204,-0.00071498
0.015545,-0.015837,0.0052735,-0.0026262,-0.00083668,-0.00083668,-0.00083668,0.00012564,0.00025771
-0.004912,0.0052597,-0.0026262,0.0026995,-0.00011906,-0.00011906,-0.00011906,-0.00023228,-0.00027991
-0.0051113,0.0050927,-0.00083668,-0.00011906,0.66708,-0.33292,-0.33292,4.9886e-05,-1.8468e-06
-0.0051113,0.0050927,-0.00083668,-0.00011906,-0.33292,0.66708,-0.33292,4.9886e-05,-1.8468e-06
-0.0051113,0.0050927,-0.00083668,-0.00011906,-0.33292,-0.33292,0.66708,4.9886e-05,-1.8468e-06
-0.00039799,0.00030204,0.00012564,-0.00023228,4.9886e-05,4.9886e-05,4.9886e-05,9.0298e-05,9.3207e-06
0.00067986,-0.00071498,0.00025771,-0.00027991,-1.8468e-06,-1.8468e-06,-1.8468e-06,9.3207e-06,8.1251e-05
53.614,53.614,53.614,53.614,53.614,53.614,53.614,53.614,53.614
