0.31024,0.29073,0.089985,0.087603,0.11035,0.25556,0.085913,0.14933,0.24662,0.99354,0.090809,0.03115,0.092167,0.95145,0.2173,0.025912,0.21612,0.9565,0.026509,0.14469,0.14469,0.14469,0.0031877,-0.072971,12.108,0.18242,0.16765,0.41126,0.40034,-0.049083,0.035242,0.11777,0.38483,0.071131,0.025465,0.39948,0.10203,0.98937,0.059414,0.9541,0.080461,0.2449,0.24035,0.078902,0.95667,-0.37659,0.12337,0.12337,0.12337,0.012543,-0.083335,-11.167,0.2844,0.0068629,0.64026,0.59787,-0.21523,0.5617,0.030194,0.29329,0.22881,0.18821,0.56249,0.041622,0.051351,0.99665,0.65309,0.71776,0.046465,0.71769,0.65117,0.054401,-0.52374,0.055017,0.055017,0.055017,0.070546,-0.40878,0.8117,0.30015,-0.013725
0.15757,0.12696,0.084278,0.069884,0.070058,0.090284,0.073629,0.085154,0.11025,0.9855,0.018409,0.001356,0.020837,0.8563,0.012374,0.0034357,0.011965,0.85874,0.0045801,0.13459,0.13459,0.13459,0.00044179,-0.13265,-130.25,-0.22745,0.035294,0.27548,0.27147,-0.14317,0.0075722,0.0883,0.25913,0.034584,0.01498,0.27118,0.015548,0.9803,0.0022602,0.88529,0.0059175,0.13599,0.13829,0.030502,0.87653,-0.62036,0.089516,0.089516,0.089516,4.4969e-05,-0.18626,-78.58,-0.095179,-0.18824,0.51114,0.43903,-0.26706,0.37843,0.017862,0.239,0.14798,0.14162,0.41387,0.0032958,0.00067054,0.99192,0.44739,0.48336,0.011395,0.48202,0.43934,0.020826,-0.62521,0.029864,0.029864,0.029864,0.034743,-0.48948,-114.98,-0.26996,-0.29804
0.65014,0.64465,0.096813,0.10077,0.14101,0.63697,0.10054,0.23687,0.59955,0.99967,0.16967,0.056192,0.16964,0.98859,0.51002,0.07652,0.51233,0.99992,0.044803,0.15372,0.15372,0.15372,0.0054032,0.0096808,165.07,0.51167,0.32941,0.75291,0.75124,0.04686,0.07283,0.17423,0.74559,0.14096,0.052916,0.75004,0.1975,0.99808,0.13595,0.98839,0.19297,0.46175,0.44588,0.18135,0.98992,-0.23688,0.1386,0.1386,0.1386,0.047023,0.054825,66.431,0.55023,0.1451,0.70517,0.69017,-0.12879,0.65991,0.04177,0.34155,0.26442,0.2318,0.65067,0.0733,0.11059,0.99901,0.87309,0.89149,0.071351,0.89217,0.87542,0.10491,-0.27421,0.068756,0.068756,0.068756,0.1162,-0.31411,132.21,0.58736,0.24706
9999.8,-0.20419,0.0021504,0.010361,-0.0078421,-0.21224,0.00097313,-0.053937,-0.20061,-0.0018996,0.013658,-0.018559,0.0074783,0.057041,-0.19057,-0.0015952,-0.19144,0.059382,-0.011848,0.0045301,0.0045301,0.0045301,-0.00020156,0.050441,-11.675,0.00055186,-0.12492,0.093809,0.1073,0.061645,-0.02379,-0.03386,0.11568,-0.036971,-0.015541,0.10856,0.020206,-0.0035121,-0.0065848,-0.0058037,0.016639,0.018502,0.016762,0.0062034,-0.0020651,0.16211,-0.0067544,-0.0067544,-0.0067544,0.011563,0.027018,-39.263,-0.15258,-0.02516,-0.0092397,-0.0218,-0.045017,-0.019813,0.0061679,0.023832,0.044813,-0.0089807,-0.021736,-0.026412,0.018695,0.00075892,-0.096589,0.11383,-0.017489,0.11451,-0.097856,-0.0008303,-0.13985,0.014009,0.014009,0.014009,-0.021673,0.0689,-16.914,-0.16526,0.10573
-0.20419,9999.8,0.0022458,0.010743,-0.008215,-0.22058,0.00097176,-0.056114,-0.20847,-0.0019938,0.014408,-0.019298,0.0079838,0.059248,-0.19815,-0.0016671,-0.19906,0.0617,-0.012325,0.0047205,0.0047205,0.0047205,-0.00021649,0.052483,-12.479,-0.00047848,-0.12971,0.098118,0.11213,0.063891,-0.024746,-0.035149,0.12085,-0.038382,-0.016139,0.11344,0.021255,-0.0036748,-0.0069139,-0.0060835,0.017551,0.019341,0.017527,0.0064278,-0.0021709,0.16844,-0.0070851,-0.0070851,-0.0070851,0.012075,0.027807,-40.642,-0.15939,-0.025875,-0.0097037,-0.022726,-0.046673,-0.020696,0.0063814,0.02475,0.046573,-0.0094364,-0.022673,-0.027468,0.019418,0.00078865,-0.10068,0.11854,-0.018122,0.11925,-0.102,-0.00090699,-0.14526,0.014573,0.014573,0.014573,-0.02257,0.071632,-17.736,-0.17267,0.11006
0.0021504,0.0022458,10000,-9.944e-05,7.4885e-05,0.0023558,9.7884e-06,0.00059858,0.0021922,3.0023e-05,-0.00026266,0.00016448,-0.00018209,-0.00059256,0.0020068,-3.8391e-05,0.0020231,-0.0006234,0.00010523,-6.2531e-05,-6.2531e-05,-6.2531e-05,4.8149e-06,-0.00049472,0.44911,0.00032034,0.0011289,-0.0011169,-0.0012603,-0.00054323,0.00025844,0.00034119,-0.0013471,0.0003995,0.00016452,-0.0012755,-0.00036217,5.6215e-05,1.1247e-05,0.0001639,-0.00026258,-0.00049453,-0.00046115,-0.00017345,0.0001262,-0.0016305,8.2591e-05,8.2591e-05,8.2591e-05,-0.00013194,-2.5577e-05,0.37366,0.0020791,0.00035331,0.00029258,0.00044001,0.00045925,0.00046547,-5.7598e-05,-0.00029024,-0.00049734,0.00019462,0.00043415,0.00025338,-0.00025402,-2.1652e-06,0.0013648,-0.0014746,0.0001237,-0.0014832,0.001384,-2.9511e-05,0.0014976,-0.00016184,-0.00016184,-0.00016184,0.00028419,-0.00064413,0.093651,0.0017837,-0.00082926
0.010361,0.010743,-9.944e-05,10000,0.00029201,0.011248,-0.00011425,0.0027552,0.010656,6.9208e-05,-0.00038681,0.00094686,-5.6726e-05,-0.0030688,0.0098894,4.1622e-05,0.0099366,-0.0031599,0.00059331,-0.00022339,-0.00022339,-0.00022339,-8.8933e-07,-0.002535,0.13757,-0.001796,0.0067342,-0.0038734,-0.0045921,-0.003524,0.0012214,0.0018545,-0.0050254,0.0020308,0.00084334,-0.0046628,-0.00066993,0.00014936,0.00019198,0.00025987,-0.00044788,-0.00091153,-0.00082216,-0.00041302,0.00011265,-0.008595,0.00024251,0.00024251,0.00024251,-0.00051007,-0.0018023,2.3532,0.0067878,0.0018696,0.00039459,0.0011225,0.0025736,0.00097321,-0.00037468,-0.0013093,-0.0023785,0.00033301,0.0010909,0.0013499,-0.001034,-3.7489e-05,0.0047162,-0.0057018,0.00099204,-0.0057351,0.0047888,-5.4418e-05,0.0075635,-0.00072238,-0.00072238,-0.00072238,0.0010862,-0.0035528,0.5665,0.0070673,-0.0051231
-0.0078421,-0.008215,7.4885e-05,0.00029201,10000,-0.0079187,-0.00015172,-0.0025844,-0.0076163,-0.00017603,0.0015181,-0.0012142,0.0013937,0.0021876,-0.0091045,-0.00072719,-0.0090829,0.0024193,-0.00083475,0.00016724,0.00016724,0.00016724,-5.1633e-05,0.0031459,-0.63972,-0.0072291,-0.0060131,0.0089846,0.0095139,0.0019639,-0.0011487,-0.0011982,0.0099382,-0.0010686,-0.00053241,0.0095314,0.0019093,-0.00020188,-0.0015875,0.00028366,0.0024193,-0.0011485,-0.0011211,-0.0010368,0.00073356,0.007328,-0.00083112,-0.00083112,-0.00083112,0.00097122,0.0010689,-0.43864,-0.0099063,0.00259,0.00058891,0.00052553,-0.00095316,0.00072171,4.9632e-05,0.00043655,0.0016534,-0.00039567,0.00033275,-0.0015666,0.00010193,9.1455e-05,-0.0035822,0.0044548,-0.0008333,0.0044863,-0.0035592,-0.00087179,-0.0048024,0.00058501,0.00058501,0.00058501,-0.00081842,0.0040428,-3.1752,-0.015895,0.0092398
-0.21224,-0.22058,0.0023558,0.011248,-0.0079187,9999.8,0.0011407,-0.057987,-0.217,-0.002002,0.014318,-0.019635,0.0075285,0.061619,-0.20466,-0.0011369,-0.20566,0.064062,-0.012493,0.0049318,0.0049318,0.0049318,-0.00019285,0.053576,-13.188,0.0049742,-0.13372,0.097868,0.11244,0.066662,-0.025558,-0.036625,0.12143,-0.040217,-0.01684,0.11383,0.021362,-0.0037897,-0.0060531,-0.0068492,0.01692,0.021945,0.019966,0.0078316,-0.003028,0.17423,-0.0069221,-0.0069221,-0.0069221,0.012146,0.02861,-43.089,-0.16306,-0.029872,-0.011069,-0.024968,-0.049154,-0.023005,0.00678,0.026172,0.048525,-0.0098852,-0.02475,-0.028098,0.020757,0.00076369,-0.10521,0.12354,-0.018652,0.12427,-0.10664,-0.00022514,-0.15157,0.015135,0.015135,0.015135,-0.023549,0.073292,-16.321,-0.17197,0.10999
0.00097313,0.00097176,9.7884e-06,-0.00011425,-0.00015172,0.0011407,10000,0.00012884,0.0011119,-3.7768e-05,0.0004387,3.777e-05,0.0004773,-0.00037308,0.00068421,-6.4687e-05,0.00069088,-0.00033498,6.8071e-06,2.5961e-07,2.5961e-07,2.5961e-07,-1.6641e-05,-4.8304e-05,-0.64994,-0.0027167,0.00081857,0.0011974,0.0011195,-0.00071526,6.5781e-05,0.00027141,0.0010928,0.00030866,0.00011327,0.0011068,0.00049995,-3.6428e-05,-0.00021619,-3.1711e-05,0.00057741,-2.5078e-05,-1.8547e-05,-0.00017652,2.7927e-05,-0.00085694,-0.00014262,-0.00014262,-0.00014262,9.7439e-05,-0.0006905,0.62788,-0.0011583,0.00097853,-7.6667e-05,8.8697e-05,0.00052972,1.4987e-05,-0.00010633,-0.00020303,-0.00024627,-0.00016346,4.3858e-05,5.966e-05,-0.00017309,8.9367e-07,-7.4754e-05,-0.00012046,0.00018741,-0.00012014,-5.8815e-05,-0.00015324,0.00098116,-4.4728e-05,-4.4728e-05,-4.4728e-05,2.428e-05,-0.00020258,-0.43361,-0.0017514,0.00021903
-0.053937,-0.056114,0.00059858,0.0027552,-0.0025844,-0.057987,0.00012884,10000,-0.054843,-0.00059236,0.0044674,-0.0053252,0.0028263,0.015568,-0.053103,-0.00075782,-0.053319,0.016299,-0.0034349,0.0012523,0.0012523,0.0012523,-8.4349e-05,0.014443,-3.7172,-0.0045373,-0.0346,0.028959,0.032651,0.016465,-0.0066466,-0.0091685,0.035,-0.0099041,-0.004208,0.03298,0.0063771,-0.0010233,-0.002511,-0.0014176,0.0057051,0.0043398,0.0039009,0.0010808,-0.0002181,0.044831,-0.0021964,-0.0021964,-0.0021964,0.0034819,0.0070682,-10.043,-0.044662,-0.0048891,-0.0022163,-0.0054194,-0.01182,-0.0048651,0.001565,0.0062774,0.012233,-0.0026103,-0.0055103,-0.0075081,0.0048161,0.00023658,-0.02675,0.031492,-0.004795,0.031682,-0.027061,-0.000673,-0.037896,0.0038724,0.0038724,0.0038724,-0.0059827,0.019539,-6.0006,-0.050821,0.031568
-0.20061,-0.20847,0.0021922,0.010656,-0.0076163,-0.217,0.0011119,-0.054843,9999.8,-0.0018789,0.013336,-0.018733,0.0069717,0.058323,-0.19387,-0.0013233,-0.19479,0.060635,-0.011927,0.0046225,0.0046225,0.0046225,-0.00018052,0.050956,-11.562,0.0046844,-0.12722,0.092939,0.10672,0.063324,-0.02419,-0.034683,0.11524,-0.037974,-0.015921,0.10803,0.019931,-0.003539,-0.0060719,-0.0061164,0.015993,0.019651,0.017835,0.0069285,-0.0024555,0.16521,-0.0065921,-0.0065921,-0.0065921,0.011533,0.02782,-40.741,-0.15345,-0.027536,-0.0097841,-0.022835,-0.046446,-0.020828,0.0064111,0.024585,0.045828,-0.0090709,-0.022669,-0.026729,0.019392,0.00074764,-0.098523,0.1161,-0.017844,0.11679,-0.099851,-0.00043493,-0.14326,0.014285,0.014285,0.014285,-0.022117,0.069765,-16.021,-0.16385,0.10557
-0.0018996,-0.0019938,3.0023e-05,6.9208e-05,-0.00017603,-0.002002,-3.7768e-05,-0.00059236,-0.0018789,10000,0.00038123,-0.00021221,0.00032717,0.00050843,-0.001987,-5.9797e-05,-0.0019935,0.00055622,-0.00014442,5.403e-05,5.403e-05,5.403e-05,-1.0789e-05,0.00059924,-0.44158,-0.0013637,-0.001133,0.0017588,0.0018839,0.0003992,-0.0002573,-0.00027715,0.0019734,-0.00029299,-0.00013212,0.0018926,0.00048982,-5.9758e-05,-0.00020008,-7.5442e-05,0.00049362,0.00017839,0.0001622,-2.8339e-05,1.6535e-06,0.0015569,-0.00015564,-0.00015564,-0.00015564,0.00019145,4.8463e-06,-0.16152,-0.0024196,0.00020914,-0.00012989,-0.00019663,-0.00028017,-0.00020488,2.1514e-05,0.00018283,0.00041992,-0.00018318,-0.00021973,-0.00029662,0.00013309,1.049e-05,-0.0011841,0.0013034,-0.00012495,0.0013117,-0.0011907,-9.4312e-05,-0.0012067,0.00014725,0.00014725,0.00014725,-0.00024704,0.00075145,-0.44301,-0.0029346,0.0014472
0.013658,0.014408,-0.00026266,-0.00038681,0.0015181,0.014318,0.0004387,0.0044674,0.013336,0.00038123,10000,0.0015421,-0.003236,-0.0034778,0.01453,0.00044552,0.014584,-0.0038998,0.0010736,-0.00044075,-0.00044075,-0.00044075,0.00010659,-0.004504,4.6769,0.014153,0.0074913,-0.015136,-0.016014,-0.0020853,0.0019205,0.0018001,-0.01667,0.0019209,0.00088988,-0.016069,-0.0045902,0.00053348,0.0016956,0.00078441,-0.0046077,-0.001832,-0.0016903,0.0002454,0.00012459,-0.010893,0.0013816,0.0013816,0.0013816,-0.0016037,0.0011737,0.46084,0.020741,-0.00259,0.0014055,0.001755,0.0015283,0.0019783,-3.2044e-05,-0.0012401,-0.0029954,0.0017613,0.001976,0.0021776,-0.00092001,-7.243e-05,0.0097755,-0.010354,0.00065023,-0.010421,0.0098176,0.00084046,0.0082163,-0.0011068,-0.0011068,-0.0011068,0.0019669,-0.0054274,3.7743,0.024695,-0.010944
-0.018559,-0.019298,0.00016448,0.00094686,-0.0012142,-0.019635,3.777e-05,-0.0053252,-0.018733,-0.00021221,0.0015421,10000,0.0010663,0.005426,-0.019103,-0.00069636,-0.019134,0.0057134,-0.0014,0.00038363,0.00038363,0.00038363,-3.724e-05,0.0055901,-0.30146,-0.0032777,-0.013074,0.011679,0.012959,0.0059026,-0.0023697,-0.0031917,0.013818,-0.0032688,-0.0014324,0.013055,0.0021585,-0.00031798,-0.001569,3.5701e-05,0.0023738,-0.00017827,-0.00024561,-0.00046298,0.00057409,0.016222,-0.00094267,-0.00094267,-0.00094267,0.0013758,0.0033063,-3.206,-0.015501,-5.2649e-05,0.00022625,-0.00067587,-0.0038529,-0.00028694,0.00049544,0.0018674,0.0041352,-0.00059947,-0.0007987,-0.0028958,0.00125,0.00012479,-0.0081006,0.010059,-0.0019218,0.010123,-0.008162,-0.00067818,-0.012849,0.0013147,0.0013147,0.0013147,-0.0018881,0.0075757,-3.3195,-0.02113,0.013851
0.0074783,0.0079838,-0.00018209,-5.6726e-05,0.0013937,0.0075285,0.0004773,0.0028263,0.0069717,0.00032717,-0.003236,0.0010663,10000,-0.0017017,0.0088351,0.00054835,0.0088461,-0.0020654,0.00077844,-0.00028349,-0.00028349,-0.00028349,0.00010411,-0.0031411,4.0186,0.014919,0.0039484,-0.01287,-0.013326,-0.00020248,0.0012035,0.00074137,-0.013737,0.00070296,0.00039355,-0.013336,-0.0039784,0.0004146,0.001744,0.00042684,-0.0042642,-0.00068361,-0.00062509,0.00073418,-0.00016294,-0.0060622,0.0012435,0.0012435,0.0012435,-0.0013099,0.0017587,-0.88554,0.016102,-0.0039889,0.00078481,0.00066471,2.0671e-05,0.00088671,0.00018122,-0.00038552,-0.001559,0.0013894,0.00092165,0.0014577,-0.00018814,-6.364e-05,0.0063938,-0.0065353,0.00018683,-0.0065803,0.0063799,0.0009762,0.0037346,-0.00066157,-0.00066157,-0.00066157,0.001232,-0.0035593,3.7016,0.020894,-0.0086825
0.057041,0.059248,-0.00059256,-0.0030688,0.0021876,0.061619,-0.00037308,0.015568,0.058323,0.00050843,-0.0034778,0.005426,-0.0017017,10000,0.055324,0.00051995,0.055569,-0.017312,0.0034535,-0.0012797,-0.0012797,-0.0012797,4.3875e-05,-0.014632,2.4212,-0.0022827,0.036806,-0.026132,-0.030061,-0.018365,0.0068815,0.0099425,-0.032498,0.010816,0.0045431,-0.03043,-0.0052767,0.00095784,0.001877,0.0014742,-0.0043134,-0.0048208,-0.004342,-0.0016989,0.00042759,-0.047356,0.0018455,0.0018455,0.0018455,-0.0032597,-0.0086376,11.747,0.042493,0.0076559,0.0022764,0.0059649,0.013305,0.0052683,-0.0018516,-0.0069168,-0.013014,0.0023197,0.0059298,0.0076914,-0.0053875,-0.0002285,0.02719,-0.032397,0.0052546,-0.03259,0.027553,0.00021916,0.040832,-0.0040388,-0.0040388,-0.0040388,0.006163,-0.02012,4.7768,0.046564,-0.030852
-0.19057,-0.19815,0.0020068,0.0098894,-0.0091045,-0.20466,0.00068421,-0.053103,-0.19387,-0.001987,0.01453,-0.019103,0.0088351,0.055324,9999.8,-0.0030972,-0.18883,0.057832,-0.012307,0.0043028,0.0043028,0.0043028,-0.00026544,0.051384,-10.025,-0.011643,-0.12435,0.10054,0.11363,0.05952,-0.023468,-0.032703,0.12196,-0.035113,-0.014936,0.11478,0.020989,-0.0034344,-0.0092242,-0.0041368,0.019081,0.012864,0.011434,0.0030307,8.0025e-05,0.15963,-0.0075796,-0.0075796,-0.0075796,0.012162,0.027563,-36.219,-0.15322,-0.017153,-0.0061631,-0.017461,-0.042229,-0.01507,0.0056585,0.021987,0.043179,-0.0082935,-0.017798,-0.026781,0.016655,0.0008841,-0.091614,0.10909,-0.017567,0.10975,-0.092675,-0.0026018,-0.13435,0.013596,0.013596,0.013596,-0.020696,0.069863,-21.643,-0.17818,0.1138
-0.0015952,-0.0016671,-3.8391e-05,4.1622e-05,-0.00072719,-0.0011369,-6.4687e-05,-0.00075782,-0.0013233,-5.9797e-05,0.00044552,-0.00069636,0.00054835,0.00051995,-0.0030972,10000,-0.0030308,0.00063089,-0.00049242,-2.7222e-05,-2.7222e-05,-2.7222e-05,-2.6681e-05,0.0015716,1.0754,-0.0046012,-0.0028294,0.0046856,0.0048048,0.00063096,-0.0003643,-0.00026955,0.0049667,1.2152e-05,-7.6998e-05,0.0047826,0.00049133,-6.4524e-06,-0.0013868,0.00078491,0.001244,-0.002588,-0.0024643,-0.0014327,0.0010747,0.0026064,-0.00047937,-0.00047937,-0.00047937,0.00048939,0.0013151,0.37637,-0.0026938,0.0030577,0.0014914,0.0017887,0.00018867,0.0020934,-7.0412e-05,-0.00034807,0.00022517,0.00029004,0.0016082,-0.00077998,-0.00057762,8.1343e-05,0.00069551,-8.2301e-05,-0.00052941,-7.7899e-05,0.00076756,-0.00085128,-0.00063231,0.00010019,0.00010019,0.00010019,5.4072e-05,0.0020676,-2.5587,-0.0090603,0.0063094
-0.19144,-0.19906,0.0020231,0.0099366,-0.0090829,-0.20566,0.00069088,-0.053319,-0.19479,-0.0019935,0.014584,-0.019134,0.0088461,0.055569,-0.18883,-0.0030308,9999.8,0.05808,-0.012323,0.0043306,0.0043306,0.0043306,-0.00026475,0.051503,-10.23,-0.011319,-0.12472,0.10065,0.1138,0.05976,-0.02356,-0.032849,0.12216,-0.035303,-0.015009,0.11496,0.021077,-0.0034551,-0.0091329,-0.0042491,0.019078,0.013224,0.011772,0.0031994,-3.7615e-05,0.16022,-0.0075763,-0.0075763,-0.0075763,0.012182,0.027545,-36.442,-0.15385,-0.017548,-0.0063676,-0.017756,-0.04247,-0.015389,0.0056942,0.022143,0.043391,-0.0083807,-0.018077,-0.026845,0.016808,0.00088019,-0.092221,0.10972,-0.017601,0.11039,-0.093296,-0.002529,-0.13501,0.013661,0.013661,0.013661,-0.02082,0.070026,-21.502,-0.17828,0.11377
0.059382,0.0617,-0.0006234,-0.0031599,0.0024193,0.064062,-0.00033498,0.016299,0.060635,0.00055622,-0.0038998,0.0057134,-0.0020654,-0.017312,0.057832,0.00063089,0.05808,10000,0.0036486,-0.0013393,-0.0013393,-0.0013393,5.6321e-05,-0.015414,2.7988,-0.00068672,0.03834,-0.028314,-0.0324,-0.018919,0.007202,0.010298,-0.03495,0.011175,0.0047077,-0.032778,-0.0058194,0.0010229,0.0021713,0.0015083,-0.0049005,-0.0048648,-0.0043747,-0.0015932,0.00036141,-0.04936,0.0020395,0.0020395,0.0020395,-0.0034989,-0.0087852,11.961,0.045306,0.0073143,0.0023245,0.0060847,0.013658,0.0053722,-0.001881,-0.0071205,-0.013526,0.0024953,0.0060832,0.0080817,-0.0055179,-0.00024539,0.028484,-0.033882,0.0054457,-0.034084,0.028852,0.00036567,0.042327,-0.004216,-0.004216,-0.004216,0.0064422,-0.02112,5.4006,0.050304,-0.032867
-0.011848,-0.012325,0.00010523,0.00059331,-0.00083475,-0.012493,6.8071e-06,-0.0034349,-0.011927,-0.00014442,0.0010736,-0.0014,0.00077844,0.0034535,-0.012307,-0.00049242,-0.012323,0.0036486,10000,0.00024506,0.00024506,0.00024506,-2.753e-05,0.0036539,-0.23765,-0.0027069,-0.0084051,0.0078851,0.0087014,0.0037153,-0.0015285,-0.0020223,0.0092565,-0.0020535,-0.00090679,0.0087604,0.0014802,-0.00020967,-0.0011021,5.4446e-05,0.0016643,-0.00023706,-0.00027366,-0.00038851,0.00042198,0.010411,-0.00064773,-0.00064773,-0.00064773,0.00091976,0.0020836,-1.9504,-0.010241,0.00024769,0.00020278,-0.00033886,-0.0023885,-8.5783e-05,0.00029951,0.0011536,0.0026295,-0.00039503,-0.00043247,-0.0018863,0.00075096,8.3978e-05,-0.0051791,0.0064366,-0.0012311,0.0064774,-0.0052129,-0.00049657,-0.0081364,0.00084218,0.00084218,0.00084218,-0.0012061,0.0049292,-2.3111,-0.014233,0.0092132
0.0045301,0.0047205,-6.2531e-05,-0.00022339,0.00016724,0.0049318,2.5961e-07,0.0012523,0.0046225,5.403e-05,-0.00044075,0.00038363,-0.00028349,-0.0012797,0.0043028,-2.7222e-05,0.0043306,-0.0013393,0.00024506,10000,-0.00011906,-0.00011906,7.5126e-06,-0.0010966,0.63077,0.00034269,0.0026103,-0.0022558,-0.0025621,-0.0012742,0.00054604,0.00074789,-0.0027498,0.00084738,0.00035222,-0.0025929,-0.00062288,0.0001009,8.1126e-05,0.00024772,-0.00047135,-0.00075864,-0.00070221,-0.00026406,0.00016565,-0.0035747,0.00016456,0.00016456,0.00016456,-0.00027183,-0.0003188,0.84409,0.0039726,0.00067392,0.00043026,0.00073182,0.0010017,0.00073936,-0.00013139,-0.0005835,-0.0010413,0.00031549,0.00072421,0.00056797,-0.00048779,-1.0482e-05,0.002574,-0.0028825,0.00032678,-0.0028994,0.0026094,-2.5723e-05,0.0031889,-0.00033257,-0.00033257,-0.00033257,0.00055273,-0.0014627,0.28282,0.0037669,-0.0020602
0.0045301,0.0047205,-6.2531e-05,-0.00022339,0.00016724,0.0049318,2.5961e-07,0.0012523,0.0046225,5.403e-05,-0.00044075,0.00038363,-0.00028349,-0.0012797,0.0043028,-2.7222e-05,0.0043306,-0.0013393,0.00024506,-0.00011906,10000,-0.00011906,7.5126e-06,-0.0010966,0.63077,0.00034269,0.0026103,-0.0022558,-0.0025621,-0.0012742,0.00054604,0.00074789,-0.0027498,0.00084738,0.00035222,-0.0025929,-0.00062288,0.0001009,8.1126e-05,0.00024772,-0.00047135,-0.00075864,-0.00070221,-0.00026406,0.00016565,-0.0035747,0.00016456,0.00016456,0.00016456,-0.00027183,-0.0003188,0.84409,0.0039726,0.00067392,0.00043026,0.00073182,0.0010017,0.00073936,-0.00013139,-0.0005835,-0.0010413,0.00031549,0.00072421,0.00056797,-0.00048779,-1.0482e-05,0.002574,-0.0028825,0.00032678,-0.0028994,0.0026094,-2.5723e-05,0.0031889,-0.00033257,-0.00033257,-0.00033257,0.00055273,-0.0014627,0.28282,0.0037669,-0.0020602
0.0045301,0.0047205,-6.2531e-05,-0.00022339,0.00016724,0.0049318,2.5961e-07,0.0012523,0.0046225,5.403e-05,-0.00044075,0.00038363,-0.00028349,-0.0012797,0.0043028,-2.7222e-05,0.0043306,-0.0013393,0.00024506,-0.00011906,-0.00011906,10000,7.5126e-06,-0.0010966,0.63077,0.00034269,0.0026103,-0.0022558,-0.0025621,-0.0012742,0.00054604,0.00074789,-0.0027498,0.00084738,0.00035222,-0.0025929,-0.00062288,0.0001009,8.1126e-05,0.00024772,-0.00047135,-0.00075864,-0.00070221,-0.00026406,0.00016565,-0.0035747,0.00016456,0.00016456,0.00016456,-0.00027183,-0.0003188,0.84409,0.0039726,0.00067392,0.00043026,0.00073182,0.0010017,0.00073936,-0.00013139,-0.0005835,-0.0010413,0.00031549,0.00072421,0.00056797,-0.00048779,-1.0482e-05,0.002574,-0.0028825,0.00032678,-0.0028994,0.0026094,-2.5723e-05,0.0031889,-0.00033257,-0.00033257,-0.00033257,0.00055273,-0.0014627,0.28282,0.0037669,-0.0020602
-0.00020156,-0.00021649,4.8149e-06,-8.8933e-07,-5.1633e-05,-0.00019285,-1.6641e-05,-8.4349e-05,-0.00018052,-1.0789e-05,0.00010659,-3.724e-05,0.00010411,4.3875e-05,-0.00026544,-2.6681e-05,-0.00026475,5.6321e-05,-2.753e-05,7.5126e-06,7.5126e-06,7.5126e-06,10000,0.00010534,-0.11472,-0.00054136,-0.00012333,0.00044609,0.00045817,-5.1584e-06,-3.6153e-05,-1.6813e-05,0.00047087,-1.1254e-05,-8.9016e-06,0.00045783,0.0001293,-1.2506e-05,-7.1262e-05,-2.8206e-06,0.00014865,-1.4114e-05,-1.4015e-05,-4.2851e-05,1.8685e-05,0.00017805,-4.4135e-05,-4.4135e-05,-4.4135e-05,4.492e-05,-5.0236e-05,0.045597,-0.00050959,0.00017419,-5.0623e-06,6.2957e-06,1.5606e-05,2.0408e-06,-8.6704e-06,1.0197e-06,3.9545e-05,-3.9091e-05,-4.2443e-06,-4.8548e-05,-6.5348e-06,2.8025e-06,-0.00017022,0.00017671,-6.9066e-06,0.00017802,-0.00016851,-4.1668e-05,-8.5685e-05,1.8398e-05,1.8398e-05,1.8398e-05,-3.2789e-05,0.0001191,-0.14578,-0.00073736,0.00032497
0.050441,0.052483,-0.00049472,-0.002535,0.0031459,0.053576,-4.8304e-05,0.014443,0.050956,0.00059924,-0.004504,0.0055901,-0.0031411,-0.014632,0.051384,0.0015716,0.051503,-0.015414,0.0036539,-0.0010966,-0.0010966,-0.0010966,0.00010534,10000,2.0847,0.0091632,0.034425,-0.031339,-0.034804,-0.015586,0.0064036,0.0085787,-0.037106,0.0089226,0.0038834,-0.035076,-0.0062722,0.00092662,0.003827,0.00038119,-0.0065193,-0.00096329,-0.00070858,0.00064727,-0.0010253,-0.043386,0.002515,0.002515,0.002515,-0.0036866,-0.0079023,8.6524,0.043215,0.00097951,0.00029359,0.0028491,0.01046,0.0019988,-0.0013353,-0.0052683,-0.011286,0.0020107,0.0031338,0.0076522,-0.0036895,-0.00030558,0.023291,-0.028271,0.0049314,-0.028447,0.02349,0.001566,0.034902,-0.0036036,-0.0036036,-0.0036036,0.0053271,-0.019959,8.2903,0.055973,-0.035595
-11.675,-12.479,0.44911,0.13757,-0.63972,-13.188,-0.64994,-3.7172,-11.562,-0.44158,4.6769,-0.30146,4.0186,2.4212,-10.025,1.0754,-10.23,2.7988,-0.23765,0.63077,0.63077,0.63077,-0.11472,2.0847,0.37496,-13.982,-1.2597,11.53,12.205,-0.42146,-1.4855,-1.0704,12.618,-1.7858,-0.70672,12.298,5.9462,-0.75694,0.49503,-2.8843,4.4223,8.2377,7.7865,2.5603,-2.5607,6.0642,-1.0112,-1.0112,-1.0112,1.1694,-6.131,0.58875,-23.227,-1.4059,-5.4092,-6.1575,-1.1717,-7.315,-0.044037,1.9245,2.7702,-3.3135,-6.1322,-0.8775,2.1081,-0.091203,-14.361,13.247,0.81176,13.323,-14.543,0.51426,-6.8556,1.0921,1.0921,1.0921,-2.6012,1.7785,0.45916,-15.094,0.13347
0.00055186,-0.00047848,0.00032034,-0.001796,-0.0072291,0.0049742,-0.0027167,-0.0045373,0.0046844,-0.0013637,0.014153,-0.0032777,0.014919,-0.0022827,-0.011643,-0.0046012,-0.011319,-0.00068672,-0.0027069,0.00034269,0.00034269,0.00034269,-0.00054136,0.0091632,-13.982,9999.9,-0.00097008,0.056359,0.05607,-0.010235,-0.0018782,0.0027765,0.056762,0.0044368,0.0011502,0.055784,0.016514,-0.0012938,-0.011108,0.0014206,0.020836,-0.0080734,-0.007632,-0.0090312,0.0043389,0.0027453,-0.0060109,-0.0060109,-0.0060109,0.0053456,-0.010476,13.709,-0.053892,0.033588,0.0024485,0.0065513,0.0099717,0.0059313,-0.0023912,-0.0041734,-0.0012423,-0.0040245,0.0047646,-0.003763,-0.0047112,0.00038451,-0.0086751,0.0074889,0.0012601,0.0075774,-0.0081308,-0.0070391,0.0095861,0.00054584,0.00054584,0.00054584,-0.0012548,0.0087276,-21.842,-0.092954,0.038145
-0.12492,-0.12971,0.0011289,0.0067342,-0.0060131,-0.13372,0.00081857,-0.0346,-0.12722,-0.001133,0.0074913,-0.013074,0.0039484,0.036806,-0.12435,-0.0028294,-0.12472,0.03834,-0.0084051,0.0026103,0.0026103,0.0026103,-0.00012333,0.034425,-1.2597,-0.00097008,9999.9,0.063491,0.07214,0.041268,-0.015381,-0.021949,0.07767,-0.023176,-0.009899,0.072881,0.011244,-0.0019483,-0.0068094,-0.0011546,0.010872,0.0039713,0.0032521,0.00048205,0.0016089,0.10685,-0.0047259,-0.0047259,-0.0047259,0.0077931,0.02251,-24.867,-0.093037,-0.010608,-0.0010653,-0.0083866,-0.028385,-0.0060643,0.0039076,0.014023,0.028218,-0.0038472,-0.0086569,-0.018051,0.010222,0.00066955,-0.055052,0.067773,-0.012605,0.068185,-0.055672,-0.0021898,-0.088756,0.0087684,0.0087684,0.0087684,-0.012804,0.047375,-15.244,-0.11556,0.079096
0.093809,0.098118,-0.0011169,-0.0038734,0.0089846,0.097868,0.0011974,0.028959,0.092939,0.0017588,-0.015136,0.011679,-0.01287,-0.026132,0.10054,0.0046856,0.10065,-0.028314,0.0078851,-0.0022558,-0.0022558,-0.0022558,0.00044609,-0.031339,11.53,0.056359,0.063491,9999.9,-0.089887,-0.023955,0.012754,0.014639,-0.094459,0.014667,0.0067102,-0.090275,-0.0196,0.0023787,0.011721,0.00055966,-0.021671,0.00037144,0.00072025,0.0046712,-0.0033275,-0.081423,0.0073661,0.0073661,0.0073661,-0.0092434,-0.0088699,9.8571,0.10613,-0.012537,0.00037378,0.0033862,0.014972,0.0022945,-0.0013945,-0.0081309,-0.020531,0.0059669,0.0046763,0.01575,-0.0050453,-0.00070951,0.048678,-0.057071,0.0083238,-0.057444,0.048836,0.0058254,0.060716,-0.0069985,-0.0069985,-0.0069985,0.010704,-0.040525,24.606,0.14501,-0.081555
0.1073,0.11213,-0.0012603,-0.0045921,0.0095139,0.11244,0.0011195,0.032651,0.10672,0.0018839,-0.016014,0.012959,-0.013326,-0.030061,0.11363,0.0048048,0.1138,-0.0324,0.0087014,-0.0025621,-0.0025621,-0.0025621,0.00045817,-0.034804,12.205,0.05607,0.07214,-0.089887,9999.9,-0.028246,0.014385,0.016978,-0.10228,0.017214,0.0077808,-0.097604,-0.020914,0.0026119,0.012173,0.00092878,-0.022752,-0.0008202,-0.00035573,0.0042632,-0.003211,-0.092592,0.0078167,0.0078167,0.0078167,-0.010026,-0.010828,12.594,0.11639,-0.010777,0.00095174,0.0048303,0.01809,0.0035862,-0.0018252,-0.0097648,-0.023607,0.006546,0.0061145,0.017568,-0.0063212,-0.00076288,0.055196,-0.0648,0.0095479,-0.065219,0.055441,0.0058824,0.070343,-0.0079565,-0.0079565,-0.0079565,0.012175,-0.045275,25.759,0.1562,-0.088851
0.061645,0.063891,-0.00054323,-0.003524,0.0019639,0.066662,-0.00071526,0.016465,0.063324,0.0003992,-0.0020853,0.0059026,-0.00020248,-0.018365,0.05952,0.00063096,0.05976,-0.018919,0.0037153,-0.0012742,-0.0012742,-0.0012742,-5.1584e-06,-0.015586,-0.42146,-0.010235,0.041268,-0.023955,-0.028246,10000,0.0073233,0.011115,-0.030865,0.012006,0.0050189,-0.028653,-0.0036902,0.00083267,0.0017053,0.0010212,-0.0027684,-0.0038021,-0.0033511,-0.0017257,5.9613e-05,-0.051922,0.0015442,0.0015442,0.0015442,-0.0031367,-0.011799,13.952,0.039678,0.0099439,0.0013523,0.0055379,0.015243,0.0044329,-0.0022214,-0.0075486,-0.014092,0.0016061,0.0054177,0.0082983,-0.0057996,-0.00026235,0.026768,-0.032992,0.0062055,-0.033186,0.027161,3.3038e-05,0.044947,-0.0042705,-0.0042705,-0.0042705,0.0062643,-0.021891,4.3403,0.044399,-0.033005
-0.02379,-0.024746,0.00025844,0.0012214,-0.0011487,-0.025558,6.5781e-05,-0.0066466,-0.02419,-0.0002573,0.0019205,-0.0023697,0.0012035,0.0068815,-0.023468,-0.0003643,-0.02356,0.007202,-0.0015285,0.00054604,0.00054604,0.00054604,-3.6153e-05,0.0064036,-1.4855,-0.0018782,-0.015381,0.012754,0.014385,0.0073233,10000,-0.0040575,0.015424,-0.004369,-0.0018583,0.014529,0.00275,-0.00044307,-0.0011431,-0.00057449,0.0024859,0.0017646,0.0015783,0.00041979,-4.2435e-05,0.019847,-0.00096725,-0.00096725,-0.00096725,0.0015356,0.0032477,-4.4517,-0.01952,-0.002102,-0.00088081,-0.0022868,-0.0052256,-0.0020189,0.00069413,0.0027522,0.0053917,-0.0011051,-0.0023303,-0.0033313,0.0020975,0.0001076,-0.011649,0.01378,-0.0021482,0.013863,-0.011784,-0.00031939,-0.016727,0.001704,0.001704,0.001704,-0.002616,0.0086771,-2.7026,-0.022472,0.014106
-0.03386,-0.035149,0.00034119,0.0018545,-0.0011982,-0.036625,0.00027141,-0.0091685,-0.034683,-0.00027715,0.0018001,-0.0031917,0.00074137,0.0099425,-0.032703,-0.00026955,-0.032849,0.010298,-0.0020223,0.00074789,0.00074789,0.00074789,-1.6813e-05,0.0085787,-1.0704,0.0027765,-0.021949,0.014639,0.016978,0.011115,-0.0040575,10000,0.018416,-0.0064861,-0.0027158,0.0172,0.0028191,-0.00054057,-0.00098234,-0.00084498,0.0022149,0.0028315,0.0025481,0.0010868,-0.00026484,0.028136,-0.0010031,-0.0010031,-0.0010031,0.0018537,0.0054155,-7.1997,-0.024224,-0.0049948,-0.0012901,-0.0035339,-0.0080587,-0.0030877,0.0011388,0.004151,0.007738,-0.0012692,-0.0034896,-0.0045276,0.0032412,0.00013309,-0.015854,0.019002,-0.003171,0.019114,-0.016075,-4.6724e-05,-0.024389,0.0023846,0.0023846,0.0023846,-0.0036155,0.011869,-2.5619,-0.026289,0.017918
0.11568,0.12085,-0.0013471,-0.0050254,0.0099382,0.12143,0.0010928,0.035,0.11524,0.0019734,-0.01667,0.013818,-0.013737,-0.032498,0.12196,0.0049667,0.12216,-0.03495,0.0092565,-0.0027498,-0.0027498,-0.0027498,0.00047087,-0.037106,12.618,0.056762,0.07767,-0.094459,-0.10228,-0.030865,0.015424,0.018416,9999.9,0.018748,0.0084363,-0.1028,-0.021855,0.0027631,0.012625,0.001085,-0.023636,-0.0012996,-0.00077658,0.004179,-0.0032497,-0.09966,0.0081661,0.0081661,0.0081661,-0.010576,-0.01207,14.161,0.1232,-0.010137,0.0011744,0.0055363,0.019928,0.0041785,-0.0020695,-0.010714,-0.025503,0.006902,0.0068417,0.018766,-0.00703,-0.00080427,0.059188,-0.069576,0.010332,-0.070024,0.059477,0.0060259,0.076238,-0.0085549,-0.0085549,-0.0085549,0.013079,-0.0484,26.795,0.16432,-0.094044
-0.036971,-0.038382,0.0003995,0.0020308,-0.0010686,-0.040217,0.00030866,-0.0099041,-0.037974,-0.00029299,0.0019209,-0.0032688,0.00070296,0.010816,-0.035113,1.2152e-05,-0.035303,0.011175,-0.0020535,0.00084738,0.00084738,0.00084738,-1.1254e-05,0.0089226,-1.7858,0.0044368,-0.023176,0.014667,0.017214,0.012006,-0.004369,-0.0064861,0.018748,10000,-0.002979,0.017469,0.0030541,-0.00060941,-0.00056593,-0.0012789,0.0020813,0.0042396,0.0038727,0.0017746,-0.00073853,0.030177,-0.00095194,-0.00095194,-0.00095194,0.0018888,0.0053552,-8.0689,-0.026203,-0.0066477,-0.002081,-0.0046775,-0.008972,-0.0043217,0.0012793,0.0047412,0.008502,-0.0015751,-0.0045623,-0.0047223,0.0038265,0.00011501,-0.018027,0.021248,-0.003283,0.021372,-0.018301,0.00026994,-0.026785,0.0026139,0.0026139,0.0026139,-0.0040586,0.01236,-1.8895,-0.025982,0.017442
-0.015541,-0.016139,0.00016452,0.00084334,-0.00053241,-0.01684,0.00011327,-0.004208,-0.015921,-0.00013212,0.00088988,-0.0014324,0.00039355,0.0045431,-0.014936,-7.6998e-05,-0.015009,0.0047077,-0.00090679,0.00035222,0.00035222,0.00035222,-8.9016e-06,0.0038834,-0.70672,0.0011502,-0.009899,0.0067102,0.0077808,0.0050189,-0.0018583,-0.0027158,0.0084363,-0.002979,10000,0.007884,0.0013747,-0.00025933,-0.00039194,-0.00046274,0.0010476,0.0015227,0.0013816,0.00058755,-0.00020267,0.012805,-0.00045875,-0.00045875,-0.00045875,0.00084764,0.0023027,-3.2816,-0.011345,-0.0023934,-0.00073467,-0.0017772,-0.0036874,-0.0016059,0.00051859,0.001932,0.003558,-0.00064732,-0.0017507,-0.002047,0.0015297,5.6107e-05,-0.0074887,0.0088776,-0.0014077,0.0089299,-0.0075949,1.5926e-05,-0.011182,0.0010999,0.0010999,0.0010999,-0.0016919,0.0053557,-1.0805,-0.011925,0.0079345
0.10856,0.11344,-0.0012755,-0.0046628,0.0095314,0.11383,0.0011068,0.03298,0.10803,0.0018926,-0.016069,0.013055,-0.013336,-0.03043,0.11478,0.0047826,0.11496,-0.032778,0.0087604,-0.0025929,-0.0025929,-0.0025929,0.00045783,-0.035076,12.298,0.055784,0.072881,-0.090275,-0.097604,-0.028653,0.014529,0.0172,-0.1028,0.017469,0.007884,9999.9,-0.021008,0.0026333,0.012155,0.00099586,-0.022791,-0.0010422,-0.00056131,0.0041605,-0.0031549,-0.093587,0.007837,0.007837,0.007837,-0.010079,-0.010981,12.89,0.11724,-0.010457,0.0010669,0.0050456,0.018413,0.0037973,-0.0018724,-0.0099422,-0.023901,0.0066098,0.0063207,0.017713,-0.0064726,-0.00076469,0.055853,-0.065554,0.0096494,-0.065977,0.056109,0.0058492,0.071273,-0.0080462,-0.0080462,-0.0080462,0.01232,-0.045654,25.754,0.15687,-0.089292
0.020206,0.021255,-0.00036217,-0.00066993,0.0019093,0.021362,0.00049995,0.0063771,0.019931,0.00048982,-0.0045902,0.0021585,-0.0039784,-0.0052767,0.020989,0.00049133,0.021077,-0.0058194,0.0014802,-0.00062288,-0.00062288,-0.00062288,0.0001293,-0.0062722,5.9462,0.016514,0.011244,-0.0196,-0.020914,-0.0036902,0.00275,0.0028191,-0.021855,0.0030541,0.0013747,-0.021008,10000,0.00071016,0.0020335,0.0011332,-0.0057421,-0.0028193,-0.0026023,3.1142e-05,0.00029415,-0.016098,0.0017473,0.0017473,0.0017473,-0.0021102,0.00098465,1.3852,0.027702,-0.0023015,0.0020151,0.0027174,0.0027635,0.0029739,-0.00017031,-0.0020035,-0.0044785,0.0023214,0.0029637,0.0030717,-0.0015375,-9.4437e-05,0.013745,-0.01473,0.0010836,-0.014823,0.013828,0.00094285,0.012627,-0.0016015,-0.0016015,-0.0016015,0.0028028,-0.0077062,4.6227,0.032089,-0.01466
-0.0035121,-0.0036748,5.6215e-05,0.00014936,-0.00020188,-0.0037897,-3.6428e-05,-0.0010233,-0.003539,-5.9758e-05,0.00053348,-0.00031798,0.0004146,0.00095784,-0.0034344,-6.4524e-06,-0.0034551,0.0010229,-0.00020967,0.0001009,0.0001009,0.0001009,-1.2506e-05,0.00092662,-0.75694,-0.0012938,-0.0019483,0.0023787,0.0026119,0.00083267,-0.00044307,-0.00054057,0.0027631,-0.00060941,-0.00025933,0.0026333,0.00071016,10000,-0.00015723,-0.00021487,0.00061539,0.00061313,0.0005686,0.00014938,-0.00012162,0.0027511,-0.0001943,-0.0001943,-0.0001943,0.00026937,3.647e-05,-0.49024,-0.0038049,-0.00019884,-0.0003798,-0.0005745,-0.00066044,-0.0006045,7.3162e-05,0.00042015,0.00079808,-0.00032331,-0.00058547,-0.00046734,0.00034763,9.8949e-06,-0.002205,0.0024026,-0.00021522,0.0024171,-0.0022288,-3.9717e-05,-0.0023631,0.00026718,0.00026718,0.00026718,-0.00045996,0.0011867,-0.41541,-0.0038943,0.001879
-0.0065848,-0.0069139,1.1247e-05,0.00019198,-0.0015875,-0.0060531,-0.00021619,-0.002511,-0.0060719,-0.00020008,0.0016956,-0.001569,0.001744,0.001877,-0.0092242,-0.0013868,-0.0091329,0.0021713,-0.0011021,8.1126e-05,8.1126e-05,8.1126e-05,-7.1262e-05,0.003827,0.49503,-0.011108,-0.0068094,0.011721,0.012173,0.0017053,-0.0011431,-0.00098234,0.012625,-0.00056593,-0.00039194,0.012155,0.0020335,-0.00015723,10000,0.0010507,0.0032456,-0.0036617,-0.0035026,-0.0023637,0.001699,0.0074199,-0.0011491,-0.0011491,-0.0011491,0.0012343,0.0018828,0.39638,-0.010097,0.0055536,0.0020225,0.0023827,-0.00019761,0.0028216,-9.0984e-05,-0.00018434,0.0012468,-1.0026e-05,0.0020338,-0.0018876,-0.00065036,0.000152,-0.001642,0.0028234,-0.0010651,0.0028494,-0.0015395,-0.0015955,-0.0034833,0.00048217,0.00048217,0.00048217,-0.00047434,0.0049113,-5.1535,-0.021439,0.013283
-0.0058037,-0.0060835,0.0001639,0.00025987,0.00028366,-0.0068492,-3.1711e-05,-0.0014176,-0.0061164,-7.5442e-05,0.00078441,3.5701e-05,0.00042684,0.0014742,-0.0041368,0.00078491,-0.0042491,0.0015083,5.4446e-05,0.00024772,0.00024772,0.00024772,-2.8206e-06,0.00038119,-2.8843,0.0014206,-0.0011546,0.00055966,0.00092878,0.0010212,-0.00057449,-0.00084498,0.001085,-0.0012789,-0.00046274,0.00099586,0.0011332,-0.00021487,0.0010507,10000,0.00016351,0.0040059,0.0037822,0.0017728,-0.0013708,0.0031245,4.5592e-05,4.5592e-05,4.5592e-05,9.8657e-05,-0.0014139,-1.3349,-0.005715,-0.0034066,-0.0023836,-0.0030828,-0.0015299,-0.0034775,0.00021151,0.001235,0.001456,-0.0010349,-0.0029286,-0.00019855,0.0013204,-6.2431e-05,-0.0055309,0.005289,0.00011544,0.0053161,-0.0056541,0.00076452,-0.004298,0.00046904,0.00046904,0.00046904,-0.0010519,0.00040434,1.659,0.00056075,-0.0023955
0.016639,0.017551,-0.00026258,-0.00044788,0.0024193,0.01692,0.00057741,0.0057051,0.015993,0.00049362,-0.0046077,0.0023738,-0.0042642,-0.0043134,0.019081,0.001244,0.019078,-0.0049005,0.0016643,-0.00047135,-0.00047135,-0.00047135,0.00014865,-0.0065193,4.4223,0.020836,0.010872,-0.021671,-0.022752,-0.0027684,0.0024859,0.0022149,-0.023636,0.0020813,0.0010476,-0.022791,-0.0057421,0.00061539,0.0032456,0.00016351,10000,0.0003407,0.00038408,0.0016452,-0.00086218,-0.014489,0.0020337,0.0020337,0.0020337,-0.0022827,0.00026319,0.025004,0.02613,-0.0059782,0.00021888,0.00029869,0.0014242,0.00028486,5.377e-05,-0.0010274,-0.0035261,0.0017532,0.00072534,0.0031623,-0.000461,-0.00015719,0.010385,-0.01156,0.0011798,-0.01164,0.010362,0.0017713,0.0096148,-0.0013293,-0.0013293,-0.0013293,0.00216,-0.0079834,6.7237,0.036622,-0.018227
0.018502,0.019341,-0.00049453,-0.00091153,-0.0011485,0.021945,-2.5078e-05,0.0043398,0.019651,0.00017839,-0.001832,-0.00017827,-0.00068361,-0.0048208,0.012864,-0.002588,0.013224,-0.0048648,-0.00023706,-0.00075864,-0.00075864,-0.00075864,-1.4114e-05,-0.00096329,8.2377,-0.0080734,0.0039713,0.00037144,-0.0008202,-0.0038021,0.0017646,0.0028315,-0.0012996,0.0042396,0.0015227,-0.0010422,-0.0028193,0.00061313,-0.0036617,0.0040059,0.0003407,10000,-0.011936,-0.0058248,0.0043783,-0.01005,-0.00037358,-0.00037358,-0.00037358,-0.00011428,0.0037519,4.822,0.015694,0.01195,0.007414,0.0097749,0.0052774,0.010944,-0.00077334,-0.0040424,-0.0046718,0.0030176,0.0092266,0.00054615,-0.0043061,0.00020417,0.016876,-0.016257,-0.00022864,-0.016339,0.01728,-0.0026347,0.014078,-0.0014623,-0.0014623,-0.0014623,0.0032398,-0.0011254,-5.9432,-0.0050977,0.0085485
0.016762,0.017527,-0.00046115,-0.00082216,-0.0011211,0.019966,-1.8547e-05,0.0039009,0.017835,0.0001622,-0.0016903,-0.00024561,-0.00062509,-0.004342,0.011434,-0.0024643,0.011772,-0.0043747,-0.00027366,-0.00070221,-0.00070221,-0.00070221,-1.4015e-05,-0.00070858,7.7865,-0.007632,0.0032521,0.00072025,-0.00035573,-0.0033511,0.0015783,0.0025481,-0.00077658,0.0038727,0.0013816,-0.00056131,-0.0026023,0.0005686,-0.0035026,0.0037822,0.00038408,-0.011936,10000,-0.0055059,0.0041505,-0.0088745,-0.00038061,-0.00038061,-0.00038061,-6.2628e-05,0.0036835,4.4124,0.014301,0.011237,0.0070065,0.0091958,0.0048228,0.010316,-0.0007081,-0.0037403,-0.004252,0.0028321,0.0086759,0.00041024,-0.0040122,0.00019705,0.015639,-0.014978,-0.00029103,-0.015053,0.016018,-0.0025043,0.01279,-0.0013314,-0.0013314,-0.0013314,0.002989,-0.00078525,-5.7094,-0.0054947,0.0085497
0.0062034,0.0064278,-0.00017345,-0.00041302,-0.0010368,0.0078316,-0.00017652,0.0010808,0.0069285,-2.8339e-05,0.0002454,-0.00046298,0.00073418,-0.0016989,0.0030307,-0.0014327,0.0031994,-0.0015932,-0.00038851,-0.00026406,-0.00026406,-0.00026406,-4.2851e-05,0.00064727,2.5603,-0.0090312,0.00048205,0.0046712,0.0042632,-0.0017257,0.00041979,0.0010868,0.004179,0.0017746,0.00058755,0.0041605,3.1142e-05,0.00014938,-0.0023637,0.0017728,0.0016452,-0.0058248,-0.0055059,10000,0.0021572,-0.0026519,-0.00061231,-0.00061231,-0.00061231,0.00040337,0.0012064,2.6021,0.0018964,0.0071032,0.0032836,0.0044524,0.0025048,0.0049379,-0.00043092,-0.001796,-0.0016825,0.00096419,0.0041005,-0.00025423,-0.0019933,0.00012037,0.0058457,-0.0054914,-0.00018272,-0.0055147,0.0060441,-0.0016026,0.0054007,-0.00046663,-0.00046663,-0.00046663,0.0011192,0.00072284,-4.1405,-0.0097473,0.0071552
-0.0020651,-0.0021709,0.0001262,0.00011265,0.00073356,-0.003028,2.7927e-05,-0.0002181,-0.0024555,1.6535e-06,0.00012459,0.00057409,-0.00016294,0.00042759,8.0025e-05,0.0010747,-3.7615e-05,0.00036141,0.00042198,0.00016565,0.00016565,0.00016565,1.8685e-05,-0.0010253,-2.5607,0.0043389,0.0016089,-0.0033275,-0.003211,5.9613e-05,-4.2435e-05,-0.00026484,-0.0032497,-0.00073853,-0.00020267,-0.0031549,0.00029415,-0.00012162,0.001699,-0.0013708,-0.00086218,0.0043783,0.0041505,0.0021572,10000,-0.00028846,0.00039927,0.00039927,0.00039927,-0.00032549,-0.0018972,-1.0441,-0.0012465,-0.0043556,-0.0025711,-0.0032053,-0.0010136,-0.0036797,0.00017363,0.00098411,0.00065655,-0.00083951,-0.0029748,0.00050514,0.001217,-0.00010069,-0.0037713,0.0031355,0.00049548,0.0031478,-0.0038992,0.0011114,-0.0019515,0.00019129,0.00019129,0.00019129,-0.00065347,-0.0014121,2.9703,0.007417,-0.0063795
0.16211,0.16844,-0.0016305,-0.008595,0.007328,0.17423,-0.00085694,0.044831,0.16521,0.0015569,-0.010893,0.016222,-0.0060622,-0.047356,0.15963,0.0026064,0.16022,-0.04936,0.010411,-0.0035747,-0.0035747,-0.0035747,0.00017805,-0.043386,6.0642,0.0027453,0.10685,-0.081423,-0.092592,-0.051922,0.019847,0.028136,-0.09966,0.030177,0.012805,-0.093587,-0.016098,0.0027511,0.0074199,0.0031245,-0.014489,-0.01005,-0.0088745,-0.0026519,-0.00028846,9999.9,0.006015,0.006015,0.006015,-0.0099713,-0.02543,31.965,0.12484,0.016388,0.0044735,0.0143,0.036725,0.011998,-0.0050156,-0.018828,-0.036771,0.0063266,0.014496,0.022706,-0.014232,-0.00075675,0.075867,-0.091191,0.015351,-0.091741,0.076779,0.0019435,0.11505,-0.011487,-0.011487,-0.011487,0.017294,-0.059386,17.435,0.14565,-0.095908
