1.2633,1.1826,-0.4182,-1.0872,0.56315,0.56315,0.56315,0.58805
1.2307,1.143,-0.56167,-1.181,0.21107,0.21107,0.21107,0.4843
1.3176,1.213,-0.20812,-1.0194,1.022,1.022,1.022,0.66823
900.62,-35.318,199.08,187.35,-7.0292,-7.0292,-7.0292,-91.562
-35.318,984.85,61.766,68.781,-31.122,-31.122,-31.122,-39.381
199.08,61.766,570.16,-367.74,-84.756,-84.756,-84.756,159.8
187.35,68.781,-367.74,644.93,37.414,37.414,37.414,178.39
-7.0292,-31.122,-84.756,37.414,684.67,-315.33,-315.33,-81.717
-7.0292,-31.122,-84.756,37.414,-315.33,684.67,-315.33,-81.717
-7.0292,-31.122,-84.756,37.414,-315.33,-315.33,684.67,-81.717
-91.562,-39.381,159.8,178.39,-81.717,-81.717,-81.717,897.66
