0.87833,0.78761,-0.059205,-0.65042,0.36153,0.36153,0.36153,0.00093832
0.33717,0.15379,-0.34045,-0.85706,0.040716,0.040716,0.040716,1.7267e-05
1.5033,1.4824,0.36774,-0.14292,0.8268,0.8268,0.8268,0.0035231
2251.5,-1984.4,1491.2,-478.53,-395.47,-395.47,-395.47,-23.597
-1984.4,1783.5,-1587.2,497.41,398.63,398.63,398.63,14.288
1491.2,-1587.2,7252.8,-2005.6,-1677.3,-1677.3,-1677.3,13.194
-478.53,497.41,-2005.6,574.17,462.15,462.15,462.15,38.465
-395.47,398.63,-1677.3,462.15,7062.9,-2937.1,-2937.1,-14.207
-395.47,398.63,-1677.3,462.15,-2937.1,7062.9,-2937.1,-14.207
-395.47,398.63,-1677.3,462.15,-2937.1,-2937.1,7062.9,-14.207
-23.597,14.288,13.194,38.465,-14.207,-14.207,-14.207,9999.7
