518.71,542.11,737.97,649.51,0.26882,69.743,1070.3,1106.6,1036.9,77.649,211.04,119.74,956.85
96.507,190.75,380.39,370.53,0.1053,44.165,964.02,1011.5,928.7,13.614,85.939,46.786,821.61
1087.2,928.57,988.24,824.5,0.46259,87.848,1189.2,1232.5,1144.6,138.37,279.27,212.14,999.49
0.0011894,0.0012343,0.00060294,0.0039205,4.062e-05,0.007791,-0.0042679,0.0080325,0.00022622,0.023876,-0.0036109,-0.01455,0.005512
0.0012343,0.0013878,0.00053405,0.0042115,7.2953e-05,0.0089817,-0.004342,0.0087762,-0.00021179,0.026565,-0.0045065,-0.015731,0.0056005
0.00060294,0.00053405,0.00047391,0.001967,8.328e-05,0.0030586,-0.00606,0.0056278,0.0025571,0.010593,-0.0010903,-0.006902,0.003082
0.0039205,0.0042115,0.001967,0.013396,0.00045996,0.026823,-0.020743,0.030523,0.0036687,0.081648,-0.012832,-0.049178,0.018333
4.062e-05,7.2953e-05,8.328e-05,0.00045996,0.99993,-0.0057092,-0.0013796,-0.0021672,0.0035429,0.00047221,0.0007057,-6.4198e-05,0.00061407
0.007791,0.0089817,0.0030586,0.026823,-0.0057092,0.39714,-0.019905,-0.27814,0.32484,0.17396,-0.032167,-0.10121,0.034808
-0.0042679,-0.004342,-0.00606,-0.020743,-0.0013796,-0.019905,0.55402,-0.30209,-0.28222,-0.063258,0.017281,0.030132,-0.015636
0.0080325,0.0087762,0.0056278,0.030523,-0.0021672,-0.27814,-0.30209,0.52979,-0.192,0.15928,-0.03125,-0.090061,0.034432
0.00022622,-0.00021179,0.0025571,0.0036687,0.0035429,0.32484,-0.28222,-0.192,0.48311,-0.01471,0.0008108,0.011263,-0.00045638
0.023876,0.026565,0.010593,0.081648,0.00047221,0.17396,-0.063258,0.15928,-0.01471,0.52462,-0.089207,-0.30994,0.10901
-0.0036109,-0.0045065,-0.0010903,-0.012832,0.0007057,-0.032167,0.017281,-0.03125,0.0008108,-0.089207,0.020121,0.048179,-0.014197
-0.01455,-0.015731,-0.006902,-0.049178,-6.4198e-05,-0.10121,0.030132,-0.090061,0.011263,-0.30994,0.048179,0.18783,-0.068753
0.005512,0.0056005,0.003082,0.018333,0.00061407,0.034808,-0.015636,0.034432,-0.00045638,0.10901,-0.014197,-0.068753,0.02774
76.347,76.347,76.347,76.347,76.347,76.347,76.347,76.347,76.347,76.347,76.347,76.347,76.347
