197.01,0.59154,0.56716,0.012477,0.42879,0.92148,1.1361,0.7073,0.052835
10.909,0.37391,0.31765,0.0097409,0.40674,0.88306,1.0827,0.66661,0.045192
330,0.89071,0.74118,0.014157,0.46014,0.9933,1.224,0.7905,0.064104
0.00010558,0.0055785,-0.04746,-0.0090387,-0.11166,0.037913,-0.009087,0.10256,-0.0099962
0.0055785,27.818,-8.3488,1.6717,30.704,8.2372,14.631,-16.073,3.1439
-0.04746,-8.3488,66.193,3.0579,32.426,-37.488,-20.76,-53.176,3.3206
-0.0090387,1.6717,3.0579,999.74,-1.0829,-0.53988,-0.95057,0.13272,-2.4617
-0.11166,30.704,32.426,-1.0829,923.65,-36.518,-91.72,-15.359,-9.0139
0.037913,8.2372,-37.488,-0.53988,-36.518,745.46,-273.63,-237.12,6.9814
-0.009087,14.631,-20.76,-0.95057,-91.72,-273.63,654.8,-253.48,-8.1199
0.10256,-16.073,-53.176,0.13272,-15.359,-237.12,-253.48,761.87,0.89376
-0.0099962,3.1439,3.3206,-2.4617,-9.0139,6.9814,-8.1199,0.89376,963.18
