1.2065,1.1179,0.40126,-0.41539,0.94352,0.94352,0.94352,0.63294
0.5907,0.44361,-0.087693,-1.094,0.36014,0.36014,0.36014,0.0099539
1.4643,1.4034,0.66382,0.21791,1.213,1.213,1.213,1.0948
495.86,-414.22,-69.956,-22.101,-10.402,-10.402,-10.402,-27.172
-414.22,389.43,85.25,11.786,-0.61683,-0.61683,-0.61683,2.0299
-69.956,85.25,137.51,-33.742,-27.981,-27.981,-27.981,-1.4384
-22.101,11.786,-33.742,19.071,7.0392,7.0392,7.0392,2.7213
-10.402,-0.61683,-27.981,7.0392,678,-322,-322,1.0576
-10.402,-0.61683,-27.981,7.0392,-322,678,-322,1.0576
-10.402,-0.61683,-27.981,7.0392,-322,-322,678,1.0576
-27.172,2.0299,-1.4384,2.7213,1.0576,1.0576,1.0576,23.022
