0.59607,0.54628,0.20614,-0.06999,0.43777,0.43777,0.43777,0.16233
0.30938,0.20516,0.074174,-0.21803,0.34978,0.34978,0.34978,0.0010886
1.2063,1.1971,0.28852,-0.034363,0.46813,0.46813,0.46813,0.88586
4927.9,-4086.7,-1896,357.77,-186.87,-186.87,-186.87,-689
-4086.7,3487.6,1589,-289.78,99.841,99.841,99.841,452.64
-1896,1589,2163.2,-1530.6,258.66,258.66,258.66,335.66
357.77,-289.78,-1530.6,1951.2,-450.25,-450.25,-450.25,-198.36
-186.87,99.841,258.66,-450.25,6988.7,-3011.3,-3011.3,170.97
-186.87,99.841,258.66,-450.25,-3011.3,6988.7,-3011.3,170.97
-186.87,99.841,258.66,-450.25,-3011.3,-3011.3,6988.7,170.97
-689,452.64,335.66,-198.36,170.97,170.97,170.97,276.6
