168.48,0.60605,0.76344,0.8454,0.00045852,0.10739,0.66968,0.72724,0.61985,0.75899
32.308,0.06639,0.36471,0.37682,2.3609e-05,0.027319,0.54896,0.61695,0.47973,0.041596
341.82,0.93684,0.99216,3.816,0.0021183,0.20111,0.84521,0.88471,0.79928,1.8536
0.0001784,0.014187,0.006305,0.0035254,0.0011585,-0.028305,0.17775,-0.090861,-0.062559,-0.0081091
0.014187,24.759,7.086,2.1928,-2.9427,30.984,56.121,-21.082,-52.07,-1.3433
0.006305,7.086,47.419,3.173,4.2296,-20.588,-23.251,-23.158,-2.5771,-1.892
0.0035254,2.1928,3.173,2.7325,-0.17737,-0.75775,3.1811,-4.0057,-3.2488,0.31667
0.0011585,-2.9427,4.2296,-0.17737,9994.3,-71.941,-5.461,-37.967,33.977,1.6228
-0.028305,30.984,-20.588,-0.75775,-71.941,3746.9,150.35,-3249.5,3003.6,-17.567
0.17775,56.121,-23.251,3.1811,-5.461,150.35,2876.4,-1325.9,-1476.3,-14.843
-0.090861,-21.082,-23.158,-4.0057,-37.967,-3249.5,-1325.9,4092.2,-2658.3,0.087801
-0.062559,-52.07,-2.5771,-3.2488,33.977,3003.6,-1476.3,-2658.3,4338,17.652
-0.0081091,-1.3433,-1.892,0.31667,1.6228,-17.567,-14.843,0.087801,17.652,5.9505
