782.7,663.96,666.23,379.7,14.098,441.03,628.11,829.83,388.79,221.27,544.03,228.11,377.45
82.564,200.8,364.71,189.93,7.2295,296.66,450.14,699.24,269.27,58.953,271.6,126,234.27
1302.3,946.24,976.47,643.59,25.796,618.84,725.21,956,476.8,391.48,885.76,304.35,562.02
0.003394,-0.031668,-0.037121,-0.010399,-0.00016031,-0.010563,-0.0083671,-0.01032,0.00024234,-0.0063554,-0.012353,0.0034774,0.01981
-0.031668,0.30538,0.35869,0.096383,0.0071165,0.083765,0.10838,0.056141,-0.027622,0.037854,0.13145,0.031979,-0.17457
-0.037121,0.35869,0.42357,0.10123,0.0076029,0.096123,0.15399,0.044721,-0.051401,0.054867,0.14881,0.017656,-0.20091
-0.010399,0.096383,0.10123,0.095652,0.00057889,0.037929,-0.10483,0.1281,0.090165,-0.047966,0.073527,0.12288,-0.076276
-0.00016031,0.0071165,0.0076029,0.00057889,0.99757,-0.036678,-0.0037231,-0.013175,0.023503,-0.0018915,0.0090655,-0.011191,0.0047284
-0.010563,0.083765,0.096123,0.037929,-0.036678,0.39205,-0.035135,-0.22661,0.38134,0.05166,0.014223,-0.10602,-0.080817
-0.0083671,0.10838,0.15399,-0.10483,-0.0037231,-0.035135,0.41272,-0.31958,-0.28445,0.066371,0.01684,-0.060096,0.022956
-0.01032,0.056141,0.044721,0.1281,-0.013175,-0.22661,-0.31958,0.69802,-0.075368,0.023584,0.015748,-0.10209,-0.13348
0.00024234,-0.027622,-0.051401,0.090165,0.023503,0.38134,-0.28445,-0.075368,0.5433,-0.02808,0.0015244,0.0039264,-0.052658
-0.0063554,0.037854,0.054867,-0.047966,-0.0018915,0.05166,0.066371,0.023584,-0.02808,0.14825,-0.058518,-0.31505,-0.050218
-0.012353,0.13145,0.14881,0.073527,0.0090655,0.014223,0.01684,0.015748,0.0015244,-0.058518,0.096122,0.18293,-0.060508
0.0034774,0.031979,0.017656,0.12288,-0.011191,-0.10602,-0.060096,-0.10209,0.0039264,-0.31505,0.18293,0.76488,0.065677
0.01981,-0.17457,-0.20091,-0.076276,0.0047284,-0.080817,0.022956,-0.13348,-0.052658,-0.050218,-0.060508,0.065677,0.13324
74.123,74.123,74.123,74.123,74.123,74.123,74.123,74.123,74.123,74.123,74.123,74.123,74.123
