556.43,472.38,246.82,31.88,456.83,456.83,456.83,152.43,-107.57
211.57,54.599,110.33,-138.19,343.64,343.64,343.64,0.0082974,-436.22
1620.2,1590.7,375.96,124.46,1110.5,1110.5,1110.5,1660,346.07
0.0047684,-0.0039746,-0.00198,0.00086652,-6.4362e-05,-6.4362e-05,-6.4362e-05,-0.00046512,-0.00014995
-0.0039746,0.0033486,0.0015845,-0.00064556,5.6146e-05,5.6146e-05,5.6146e-05,0.00034993,0.00012105
-0.00198,0.0015845,0.0038643,-0.0023,-0.00016088,-0.00016088,-0.00016088,0.00026683,9.4106e-05
0.00086652,-0.00064556,-0.0023,0.0018789,7.9264e-05,7.9264e-05,7.9264e-05,-0.00018008,-7.5565e-05
-6.4362e-05,5.6146e-05,-0.00016088,7.9264e-05,0.66669,-0.33331,-0.33331,3.528e-06,4.1251e-07
-6.4362e-05,5.6146e-05,-0.00016088,7.9264e-05,-0.33331,0.66669,-0.33331,3.528e-06,4.1251e-07
-6.4362e-05,5.6146e-05,-0.00016088,7.9264e-05,-0.33331,-0.33331,0.66669,3.528e-06,4.1251e-07
-0.00046512,0.00034993,0.00026683,-0.00018008,3.528e-06,3.528e-06,3.528e-06,9.5841e-05,2.3257e-05
-0.00014995,0.00012105,9.4106e-05,-7.5565e-05,4.1251e-07,4.1251e-07,4.1251e-07,2.3257e-05,4.9501e-05
61.342,61.342,61.342,61.342,61.342,61.342,61.342,61.342,61.342
