132.82,0.64677,0.84314,1.1305,0.0001166,0.064682,0.42464,0.45068,0.386,0.08027
65.053,0.51064,0.66667,0.90235,6.1196e-05,0.039239,0.36847,0.39952,0.31086,0.030693
218,0.87083,0.94118,1.5337,0.00022521,0.088664,0.50721,0.53878,0.47264,0.11564
0.0032137,0.60457,-1.4983,0.19536,0.00097714,0.31763,-0.080892,0.025815,-0.29182,0.45423
0.60457,814.72,-107.7,-346.92,0.060925,3.5309,-72.86,-76.047,-79.578,-23.831
-1.4983,-107.7,937.39,-201.66,0.035417,2.0531,-42.353,-44.205,-46.258,-13.852
0.19536,-346.92,-201.66,350.43,0.11408,6.6116,-136.42,-142.39,-149,-44.62
0.00097714,0.060925,0.035417,0.11408,1000,-0.0011615,0.023959,0.025007,0.026168,0.0078358
0.31763,3.5309,2.0531,6.6116,-0.0011615,999.93,1.3886,1.4493,1.5167,0.45403
-0.080892,-72.86,-42.353,-136.42,0.023959,1.3886,971.35,-29.906,-31.294,-9.3713
0.025815,-76.047,-44.205,-142.39,0.025007,1.4493,-29.906,968.79,-32.663,-9.7812
-0.29182,-79.578,-46.258,-149,0.026168,1.5167,-31.294,-32.663,965.82,-10.235
0.45423,-23.831,-13.852,-44.62,0.0078358,0.45403,-9.3713,-9.7812,-10.235,996.93
