215.03,0.76027,0.81029,0.86071,0.00085739,0.13704,0.40082,0.44745,0.31041,0.40288,0.52479,0.23179,0.99066
9.25,0.25564,0.42353,0.51082,0.00011843,0.071521,0.28755,0.31349,0.18446,0.17164,0.30727,0.16647,0.96295
348.41,0.99174,1,1.2101,0.0030437,0.276,0.54913,0.62883,0.38762,0.65834,0.87579,0.28099,0.99957
0.0001073,0.0070869,0.015473,-0.038418,-0.00085757,-0.031608,-0.0035648,-0.020756,0.010849,0.039056,0.00059884,0.028728,0.010614
0.0070869,58.944,55.088,-4.8024,-0.94955,-54.336,-42.723,-52.721,1.6155,17.975,112.88,-66.976,25.695
0.015473,55.088,231.43,-16.033,-2.4026,-136.57,-167.12,-184.85,-48.284,187.97,174.89,49.758,-6.0016
-0.038418,-4.8024,-16.033,53.794,-0.73667,-7.3621,22.157,34.18,41.542,-80.739,46.408,-63.587,-42.714
-0.00085757,-0.94955,-2.4026,-0.73667,999.93,-5.1026,-0.77405,-2.076,3.0267,-0.76015,-3.1845,1.1014,0.63622
-0.031608,-54.336,-136.57,-7.3621,-5.1026,551.35,-30.376,-139.17,309.48,-41.048,-204.74,70.965,54.686
-0.0035648,-42.723,-167.12,22.157,-0.77405,-30.376,787.61,-215.61,-185.24,-175.61,-83.797,-75.823,-21.365
-0.020756,-52.721,-184.85,34.18,-2.076,-139.17,-215.61,753.29,-107.54,-189.52,-149.82,-52.933,-6.0442
0.010849,1.6155,-48.284,41.542,3.0267,309.48,-185.24,-107.54,582.98,-148.48,54.925,-123.9,-60.731
0.039056,17.975,187.97,-80.739,-0.76015,-41.048,-175.61,-189.52,-148.48,643.66,-274.97,-103.06,-20.248
0.00059884,112.88,174.89,46.408,-3.1845,-204.74,-83.797,-149.82,54.925,-274.97,583.63,25.956,24.987
0.028728,-66.976,49.758,-63.587,1.1014,70.965,-75.823,-52.933,-123.9,-103.06,25.956,914.59,-24.796
0.010614,25.695,-6.0016,-42.714,0.63622,54.686,-21.365,-6.0442,-60.731,-20.248,24.987,-24.796,986.53
