0.73462,0.72574,-0.084583,-0.38215,0.34214,0.34214,0.34214,0.17458
0.65932,0.65898,-0.18621,-0.4909,0.32245,0.32245,0.32245,0.061946
0.83908,0.83779,-0.021003,-0.19096,0.38077,0.38077,0.38077,0.38871
8613.1,-1476.9,-434.72,1196.5,270.73,270.73,270.73,-2810.9
-1476.9,8360.9,-894.55,649.23,169.85,169.85,169.85,-3191.2
-434.72,-894.55,7061.7,-3681.5,-684.02,-684.02,-684.02,-2166.5
1196.5,649.23,-3681.5,3095,-1346.7,-1346.7,-1346.7,564.05
270.73,169.85,-684.02,-1346.7,9736.2,-263.83,-263.83,195.97
270.73,169.85,-684.02,-1346.7,-263.83,9736.2,-263.83,195.97
270.73,169.85,-684.02,-1346.7,-263.83,-263.83,9736.2,195.97
-2810.9,-3191.2,-2166.5,564.05,195.97,195.97,195.97,3713.5
