142.4,0.39907,0.61176,1.1976,0.014948,0.41165,0.58067,0.77178,0.36012,0.19423
19.688,0.16883,0.45098,0.96626,0.0077195,0.36348,0.44122,0.66353,0.28847,0.13277
265.23,0.56915,0.76863,1.7856,0.018608,0.479,0.65097,0.87012,0.47817,0.25984
0.0014554,-0.35625,-0.86097,-0.17998,0.00051378,0.13521,0.19989,-0.21863,-0.35384,-0.40145
-0.35625,119.91,226.76,51.893,-0.61201,-51.54,-27.821,36.184,87.723,99.449
-0.86097,226.76,841.77,123.12,9.0313,38.396,176.88,133.32,94.927,2.1018
-0.17998,51.893,123.12,53.838,-0.77584,-108.83,23.233,-44.045,64.787,49.31
0.00051378,-0.61201,9.0313,-0.77584,998.22,-4.7594,-24.696,-7.4473,-2.688,-19.345
0.13521,-51.54,38.396,-108.83,-4.7594,966.52,-44.017,15.205,48.684,-60.615
0.19989,-27.821,176.88,23.233,-24.696,-44.017,584.71,-240.03,-196.02,-184.62
-0.21863,36.184,133.32,-44.045,-7.4473,15.205,-240.03,695.2,-320,79.248
-0.35384,87.723,94.927,64.787,-2.688,48.684,-196.02,-320,631.31,139.86
-0.40145,99.449,2.1018,49.31,-19.345,-60.615,-184.62,79.248,139.86,675.62
