159.99,0.54027,0.73922,0.66951,0.034189,0.64907,0.79753,1.111,0.46195,0.11792
111.79,0.084158,0.6549,0.59925,0.013837,0.42918,0.54998,1.0279,0.031897,0.039089
243.87,0.90476,0.82353,0.73443,0.075594,1.01,0.92659,1.1949,0.62955,0.21757
0.20492,2.0539,22.477,6.5597,-0.60218,1.7781,22.803,22.816,21.038,1.4225
2.0539,285.41,-408.54,770.18,-54.155,-9.6609,642.26,175.95,185.56,1201.9
22.477,-408.54,9270.1,109.11,-193.57,-1980.7,320.51,-637.71,1343,-542.83
6.5597,770.18,109.11,9930.7,24.892,213.99,-82.543,55.492,-158.5,-31.394
-0.60218,-54.155,-193.57,24.892,9948.3,-531.63,82.381,-172.17,359.46,-152.58
1.7781,-9.6609,-1980.7,213.99,-531.63,4497.1,816.35,-1792.3,3710.6,-1647.7
22.803,642.26,320.51,-82.543,82.381,816.35,9836.6,254.02,-562.33,164.96
22.816,175.95,-637.71,55.492,-172.17,-1792.3,254.02,9412.9,1205.2,-558.87
21.038,185.56,1343,-158.5,359.46,3710.6,-562.33,1205.2,7494.6,1088.8
1.4225,1201.9,-542.83,-31.394,-152.58,-1647.7,164.96,-558.87,1088.8,9357.3
