946.85,365.78,337.5,1196.5,19.729,475.88,596.18,872.67,396.79,208.06
140.62,83.333,121.57,391.12,10.562,350.94,486.21,678.43,327.49,50.427
1361.6,686.75,690.2,1852.7,29.788,600.6,801.31,1035.4,538.96,322
5.6998e-05,-6.2107e-05,-1.6345e-05,-2.418e-05,0.0023661,9.1696e-06,0.00011951,-3.9728e-05,-4.4129e-05,4.1446e-05
-6.2107e-05,0.00013322,2.3359e-05,3.6507e-05,-0.0038545,3.0112e-05,-0.00013829,8.6078e-05,4.8282e-05,5.3224e-05
-1.6345e-05,2.3359e-05,0.00010969,3.32e-07,7.8928e-05,3.5863e-05,0.0002577,-7.6513e-05,-0.00011507,7.9443e-05
-2.418e-05,3.6507e-05,3.32e-07,3.6172e-05,-0.0020921,-3.0952e-05,-0.00011459,3.1584e-05,6.212e-05,-4.9563e-05
0.0023661,-0.0038545,7.8928e-05,-0.0020921,0.30474,-0.0053101,0.0049221,-0.0046478,0.00066388,-0.0008392
9.1696e-06,3.0112e-05,3.5863e-05,-3.0952e-05,-0.0053101,0.33379,0.00038503,-0.3333,0.33292,0.00024757
0.00011951,-0.00013829,0.0002577,-0.00011459,0.0049221,0.00038503,0.0020156,-0.00063527,-0.001016,0.00074817
-3.9728e-05,8.6078e-05,-7.6513e-05,3.1584e-05,-0.0046478,-0.3333,-0.00063527,0.33368,-0.33303,-0.00010254
-4.4129e-05,4.8282e-05,-0.00011507,6.212e-05,0.00066388,0.33292,-0.001016,-0.33303,0.33405,-0.00035731
4.1446e-05,5.3224e-05,7.9443e-05,-4.9563e-05,-0.0008392,0.00024757,0.00074817,-0.00010254,-0.00035731,0.00070053
74.876,74.876,74.876,74.876,74.876,74.876,74.876,74.876,74.876,74.876
