215.03,0.76027,0.81029,0.86071,0.00085739,0.13704,0.40082,0.44745,0.31041,0.40288,0.52479,0.23179,0.99066
9.25,0.25564,0.42353,0.51082,0.00011843,0.071521,0.28755,0.31349,0.18446,0.17164,0.30727,0.16647,0.96295
348.41,0.99174,1,1.2101,0.0030437,0.276,0.54913,0.62883,0.38762,0.65834,0.87579,0.28099,0.99957
0.00013898,0.042299,0.21673,-0.097274,-0.0060847,-0.12504,-0.12581,-0.25202,-0.12701,0.32032,0.04794,0.21366,0.08213
0.042299,243.79,474.74,-23.705,-14.97,-402.5,-323.26,-455.74,-53.215,292.12,624.94,-310.73,331.16
0.21673,474.74,1945.3,-319.99,-30.259,-1102.2,-1605.2,-1794.5,-692.19,2043.1,1188.5,942.69,-5.1645
-0.097274,-23.705,-319.99,204.88,-10.32,25.869,272.12,387.35,361.49,-750.23,228.35,-450.93,-413.58
-0.0060847,-14.97,-30.259,-10.32,9999.1,-47.98,-2.9721,-17.677,30.304,-2.1563,-51.122,25.746,9.1531
-0.12504,-402.5,-1102.2,25.869,-47.98,4561.2,-407.58,-1607.4,3831.3,-620.49,-1374.7,149.9,526.42
-0.12581,-323.26,-1605.2,272.12,-2.9721,-407.58,7695.4,-2304,-1896.4,-1934.1,-421.56,-1118.8,-283.11
-0.25202,-455.74,-1794.5,387.35,-17.677,-1607.4,-2304,7385.4,-1007.2,-2051.7,-1162.9,-833.81,-105.99
-0.12701,-53.215,-692.19,361.49,30.304,3831.3,-1896.4,-1007.2,5161.5,-1431.2,211.85,-983.79,-632.43
0.32032,292.12,2043.1,-750.23,-2.1563,-620.49,-1934.1,-2051.7,-1431.2,6220.1,-2251.4,-1469.6,-275.03
0.04794,624.94,1188.5,228.35,-51.122,-1374.7,-421.56,-1162.9,211.85,-2251.4,4008.2,1656.1,478.17
0.21366,-310.73,942.69,-450.93,25.746,149.9,-1118.8,-833.81,-983.79,-1469.6,1656.1,8035.4,-426.57
0.08213,331.16,-5.1645,-413.58,9.1531,526.42,-283.11,-105.99,-632.43,-275.03,478.17,-426.57,9828
