1.0673,0.88633,-0.44478,-1.2245,0.28656,0.28656,0.28656,0.057518
0.56912,0.44604,-0.77541,-1.688,-0.014911,-0.014911,-0.014911,4.0519e-05
1.4426,1.4426,-0.002525,-0.7013,0.78321,0.78321,0.78321,0.25547
508.83,-453.9,168.25,26.387,3.6389,3.6389,3.6389,-173.41
-453.9,438.63,-95.025,14.904,-43.132,-43.132,-43.132,143.95
168.25,-95.025,629.85,111.72,-243.77,-243.77,-243.77,76.682
26.387,14.904,111.72,80.23,-70.601,-70.601,-70.601,-11.622
3.6389,-43.132,-243.77,-70.601,6785.2,-3214.8,-3214.8,-48.387
3.6389,-43.132,-243.77,-70.601,-3214.8,6785.2,-3214.8,-48.387
3.6389,-43.132,-243.77,-70.601,-3214.8,-3214.8,6785.2,-48.387
-173.41,143.95,76.682,-11.622,-48.387,-48.387,-48.387,288.94
