150,0.76999,0.84608,0.14791,0.082998,1.0551,0.77721,1.2851,0.22994,0.032382,0.55199,0.1661,0.042792
49.035,0.37576,0.64706,0.031057,0.032593,0.69249,0.29955,0.70978,0.017289,0.0057481,0.36394,0.053985,0.020096
353.62,0.92885,0.99216,0.39496,0.16305,1.504,1.0292,1.5504,0.46736,0.055479,0.81367,0.24637,0.061434
0.035088,-12.463,-8.891,-0.04586,0.70084,2.695,-6.4522,-3.8664,-6.5612,0.30777,2.6739,-0.49993,-1.0558
-12.463,7241.7,-1088,-1223.3,-252.62,-937.37,2603.5,1616.7,2554.1,21.609,-630.16,96.388,-109.09
-8.891,-1088,9567.9,-430.65,-81.257,-260.97,1068.1,727.58,988.56,14.907,-186.24,60.615,-44.098
-0.04586,-1223.3,-430.65,8542.9,-436.22,-2333,429.86,-866.3,1466.7,-102.91,-1378.1,-355.46,-29.594
0.70084,-252.62,-81.257,-436.22,9861.9,-765.48,-18.462,-413.17,352.31,-37.897,-447.15,-132.33,-3.3317
2.695,-937.37,-260.97,-2333,-765.48,5662,-634.65,-2769.9,1568.1,-228.49,-2517.3,-802.05,2.3133
-6.4522,2603.5,1068.1,429.86,-18.462,-634.65,6968.3,-2780.8,-2146.1,-109.54,-275.84,-406.55,117.86
-3.8664,1616.7,727.58,-866.3,-413.17,-2769.9,-2780.8,6311.2,-918.92,-207.42,-1532.6,-745.9,96.467
-6.5612,2554.1,988.56,1466.7,352.31,1568.1,-2146.1,-918.92,7512.9,21.07,984.71,56.157,94.155
0.30777,21.609,14.907,-102.91,-37.897,-228.49,-109.54,-207.42,21.07,9986,-130.2,-49.736,3.1656
2.6739,-630.16,-186.24,-1378.1,-447.15,-2517.3,-275.84,-1532.6,984.71,-130.2,8536.3,-456.33,-2.3543
-0.49993,96.388,60.615,-355.46,-132.33,-802.05,-406.55,-745.9,56.157,-49.736,-456.33,9823.2,11.992
-1.0558,-109.09,-44.098,-29.594,-3.3317,2.3133,117.86,96.467,94.155,3.1656,-2.3543,11.992,9995.3
