1073.7,980.67,-416.47,-1061.7,286.97,286.97,286.97,244.6,550.53
835.16,729.64,-682.61,-1585,-51.551,-51.551,-51.551,98.857,120.28
1402.3,1375.1,-263.11,-542.5,590.39,590.39,590.39,635.12,848.31
0.35378,-0.32773,0.11269,0.0075773,0.0012106,0.0012106,0.0012106,-0.019352,-0.0024566
-0.32773,0.30388,-0.10444,-0.0070174,-0.0010823,-0.0010823,-0.0010823,0.017594,0.0021327
0.11269,-0.10444,0.03626,0.0023219,0.00034308,0.00034308,0.00034308,-0.0061342,-0.00075313
0.0075773,-0.0070174,0.0023219,0.00019884,3.3828e-05,3.3828e-05,3.3828e-05,-0.00042927,-6.5764e-05
0.0012106,-0.0010823,0.00034308,3.3828e-05,0.66668,-0.33332,-0.33332,-0.00010333,-2.9089e-05
0.0012106,-0.0010823,0.00034308,3.3828e-05,-0.33332,0.66668,-0.33332,-0.00010333,-2.9089e-05
0.0012106,-0.0010823,0.00034308,3.3828e-05,-0.33332,-0.33332,0.66668,-0.00010333,-2.9089e-05
-0.019352,0.017594,-0.0061342,-0.00042927,-0.00010333,-0.00010333,-0.00010333,0.0015264,0.00033289
-0.0024566,0.0021327,-0.00075313,-6.5764e-05,-2.9089e-05,-2.9089e-05,-2.9089e-05,0.00033289,0.00012331
60.879,60.879,60.879,60.879,60.879,60.879,60.879,60.879,60.879
