208.19,0.63092,0.73203,0.71876,0.014986,0.50587,0.50615,0.8007,0.29483,0.66324
70,0.40094,0.46275,0.45848,0.011819,0.46857,0.35732,0.69924,0.23066,0.23432
309.62,0.81356,0.90196,0.87857,0.019074,0.52849,0.62557,0.88131,0.35283,1.1377
0.0085845,1.0198,-1.9026,-1.8316,0.029861,0.15034,0.42459,0.29426,0.14392,0.44013
1.0198,881.35,18.134,20.437,0.10829,17.348,83.227,56.356,39.008,302.4
-1.9026,18.134,997.23,-3.1263,-0.016496,-2.6508,-12.718,-8.6117,-5.9609,-46.211
-1.8316,20.437,-3.1263,996.48,-0.0186,-2.9875,-14.333,-9.7054,-6.7179,-52.079
0.029861,0.10829,-0.016496,-0.0186,1000,-0.015841,-0.075991,-0.051456,-0.035615,-0.27607
0.15034,17.348,-2.6508,-2.9875,-0.015841,997.46,-12.169,-8.2398,-5.7034,-44.213
0.42459,83.227,-12.718,-14.333,-0.075991,-12.169,941.62,-39.531,-27.362,-212.11
0.29426,56.356,-8.6117,-9.7054,-0.051456,-8.2398,-39.531,973.23,-18.528,-143.63
0.14392,39.008,-5.9609,-6.7179,-0.035615,-5.7034,-27.362,-18.528,987.18,-99.416
0.44013,302.4,-46.211,-52.079,-0.27607,-44.213,-212.11,-143.63,-99.416,229.32
