0.74401,0.71239,0.11902,-0.37292,0.65681,0.65681,0.65681,0.082118
0.37837,0.32101,-0.17245,-0.9835,0.31667,0.31667,0.31667,0.00030391
1.316,1.3119,0.44337,0.19779,0.9724,0.9724,0.9724,0.46747
1257.5,-1097.6,-185.84,17.67,-30.754,-30.754,-30.754,-219.85
-1097.6,1038.2,229.99,-15.887,20.378,20.378,20.378,84.243
-185.84,229.99,263.15,-61.634,-13.133,-13.133,-13.133,-81.464
17.67,-15.887,-61.634,29.959,1.8175,1.8175,1.8175,19.927
-30.754,20.378,-13.133,1.8175,6673.4,-3326.6,-3326.6,16.695
-30.754,20.378,-13.133,1.8175,-3326.6,6673.4,-3326.6,16.695
-30.754,20.378,-13.133,1.8175,-3326.6,-3326.6,6673.4,16.695
-219.85,84.243,-81.464,19.927,16.695,16.695,16.695,292.33
