156.62,0.60769,0.75515,0.73628,0.00051863,0.13906,0.010048,0.087117,-0.05194,1.4754,1.0074,0.37806,0.99661
1.1321,0.12121,0.41176,0.054462,4.0272e-05,0.045133,-0.13428,-0.051908,-0.20143,0.015315,0.12402,0.036808,0.94575
358.81,0.94271,1,4.3544,0.0033789,0.33235,0.30168,0.36403,0.27599,7.5619,2.0309,1.134,0.99999
8.9286e-05,-0.0020321,-0.0059033,-0.0017204,-0.00041329,-0.0032452,-0.023346,-0.00049487,0.00275,0.0028631,-0.0036419,-0.012587,-0.0067017
-0.0020321,22.594,-4.4698,-0.12018,0.29677,7.6787,3.3149,6.5025,-1.1764,0.19096,-0.30857,1.9317,0.34698
-0.0059033,-4.4698,45.455,-0.54724,0.0046452,-6.4964,-13.247,-4.5809,1.9159,-3.1007,8.746,18.865,2.3737
-0.0017204,-0.12018,-0.54724,2.9424,-0.062946,-0.16125,0.36331,2.4334,2.5947,-0.68234,1.2115,-2.5213,1.0049
-0.00041329,0.29677,0.0046452,-0.062946,999.86,-5.7368,-0.87862,-2.6976,3.0392,0.076877,-0.17509,0.38115,1.1585
-0.0032452,7.6787,-6.4964,-0.16125,-5.7368,474.09,11.03,-264.32,261.59,3.9108,-10.545,-25.212,42.885
-0.023346,3.3149,-13.247,0.36331,-0.87862,11.03,628.71,-249.22,-260.25,-1.1148,-0.13009,11.42,-2.4396
-0.00049487,6.5025,-4.5809,2.4334,-2.6976,-264.32,-249.22,529.56,-206.12,-1.3576,-0.3204,1.3021,22.808
0.00275,-1.1764,1.9159,2.5947,3.0392,261.59,-260.25,-206.12,532.29,-5.2684,10.224,26.514,-20.078
0.0028631,0.19096,-3.1007,-0.68234,0.076877,3.9108,-1.1148,-1.3576,-5.2684,4.8269,-3.8901,-25.601,0.43718
-0.0036419,-0.30857,8.746,1.2115,-0.17509,-10.545,-0.13009,-0.3204,10.224,-3.8901,13.168,7.1819,0.29744
-0.012587,1.9317,18.865,-2.5213,0.38115,-25.212,11.42,1.3021,26.514,-25.601,7.1819,190.11,-15.356
-0.0067017,0.34698,2.3737,1.0049,1.1585,42.885,-2.4396,22.808,-20.078,0.43718,0.29744,-15.356,964.44
