181.55,0.70759,0.83578,0.60358,0.022068,0.53654,0.88392,1.1475,0.611,0.015521,0.29447,0.20875,0.023286
17.409,0.46392,0.71373,0.079435,0.006349,0.30644,0.49789,0.97086,0.036108,0.0068816,0.19901,0.15925,0.0035741
317.27,0.93991,0.94902,1.1338,0.065111,0.93475,1.1922,1.3321,1.0256,0.028812,0.51108,0.23803,0.03912
0.0027986,0.80786,0.73018,0.58969,0.6997,-0.83418,-1.2366,-0.19662,0.63768,0.86939,2.928,-2.1946,-0.17587
0.80786,445.16,-71.053,147.83,331.95,-288.9,-6.3302,-209.42,79.403,490.42,1236.9,-790.73,687.37
0.73018,-71.053,792.05,151.83,-71.13,-139.29,-1139.5,272.7,412.04,-27.427,99.708,-486.25,-1534.1
0.58969,147.83,151.83,179.68,125.2,-238.63,-178.53,-78.642,159.98,-73.89,931.89,-446.47,-109.23
0.6997,331.95,-71.13,125.2,9927.8,-334.11,-194.75,-35.38,298.65,-34.869,-368.85,-245.19,203.62
-0.83418,-288.9,-139.29,-238.63,-334.11,3905.5,667.31,-3327.6,2766.9,137.31,-1960.5,107.56,-119.16
-1.2366,-6.3302,-1139.5,-178.53,-194.75,667.31,5274,-1979.8,-2647.7,-221.66,-1036,-1517.9,1625.6
-0.19662,-209.42,272.7,-78.642,-35.38,-3327.6,-1979.8,4330.8,-2341.4,120.7,-466.5,1369.5,-536.25
0.63768,79.403,412.04,159.98,298.65,2766.9,-2647.7,-2341.4,4891.9,-16.654,1493.6,1261.4,-416.6
0.86939,490.42,-27.427,-73.89,-34.869,137.31,-221.66,120.7,-16.654,9954,-148.65,-150.68,128.68
2.928,1236.9,99.708,931.89,-368.85,-1960.5,-1036,-466.5,1493.6,-148.65,8046.6,-1244.9,1171.9
-2.1946,-790.73,-486.25,-446.47,-245.19,107.56,-1517.9,1369.5,1261.4,-150.68,-1244.9,7788.2,1738.9
-0.17587,687.37,-1534.1,-109.23,203.62,-119.16,1625.6,-536.25,-416.6,128.68,1171.9,1738.9,8100.3
