0,35.714,19.608,196.47,6.1651,302.4,818.05,1011.6,642.49,4.264,2.7795e-06,3.0669e-06,4.9488e-06,4.8968e-06,159.15,62.401,0.30432
1372.8,636.36,866.67,3311.3,17.349,536.18,1332.4,1532.8,1162.2,108.06,0.00014344,0.000183,0.00014261,0.00016119,448.16,257.92,300.3
4.7007e-06,-1.0564e-06,-2.9746e-07,-2.0378e-07,-0.00027204,6.9449e-06,1.5977e-06,8.8716e-07,-4.9505e-06,5.8664e-05,-5.6106e-10,-1.5893e-09,-8.1606e-10,-1.1179e-09,-1.6881e-05,1.5119e-05,-7.4095e-06
-1.0564e-06,6.8329e-05,-5.5693e-06,1.7364e-06,0.0012012,-4.0112e-05,-6.4069e-05,-2.7355e-06,3.6946e-05,0.00026099,2.782e-08,4.7971e-08,3.1561e-08,4.9045e-08,-3.2164e-05,5.2685e-05,-4.4107e-05
-2.9746e-07,-5.5693e-06,5.1811e-05,6.6032e-07,-2.6365e-05,-3.9059e-05,-0.00011017,3.9796e-05,7.5868e-05,0.00023345,-7.662e-09,-1.0394e-08,-5.9514e-09,-1.0134e-08,-3.6205e-05,4.5288e-05,-8.288e-06
-2.0378e-07,1.7364e-06,6.6032e-07,2.6215e-06,0.0001761,-8.9183e-06,-5.8415e-06,-1.6887e-06,8.2036e-06,1.5e-05,-2.3197e-09,-1.466e-09,-5.7529e-10,-4.7068e-10,1.764e-06,1.3306e-06,-2.6851e-06
-0.00027204,0.0012012,-2.6365e-05,0.0001761,0.37495,-0.0088316,-0.0002888,-0.0041025,0.0047486,0.021714,-4.6442e-06,-4.7062e-06,-4.0673e-06,-4.197e-06,-0.0025466,-0.0054203,-0.0025795
6.9449e-06,-4.0112e-05,-3.9059e-05,-8.9183e-06,-0.0088316,0.33404,3.1225e-06,-0.33299,0.33298,-0.0018971,7.1781e-08,6.2224e-08,5.6903e-08,5.6645e-08,3.5223e-05,-9.43e-06,0.00013514
1.5977e-06,-6.4069e-05,-0.00011017,-5.8415e-06,-0.0002888,3.1225e-06,0.0064033,-0.0031036,-0.0031019,-0.003,-2.1241e-08,-2.6586e-08,-1.992e-08,-2.1348e-08,0.00021663,-0.0010357,0.00064218
8.8716e-07,-2.7355e-06,3.9796e-05,-1.6887e-06,-0.0041025,-0.33299,-0.0031036,0.33503,-0.33198,0.00058578,3.6933e-08,3.1952e-08,2.9502e-08,2.9192e-08,-0.00011337,0.00048137,-0.00024807
-4.9505e-06,3.6946e-05,7.5868e-05,8.2036e-06,0.0047486,0.33298,-0.0031019,-0.33198,0.33503,0.0024289,-3.283e-08,-2.7033e-08,-2.5584e-08,-2.5008e-08,-0.00016388,0.00050498,-0.00038566
5.8664e-05,0.00026099,0.00023345,1.5e-05,0.021714,-0.0018971,-0.003,0.00058578,0.0024289,0.025048,-4.7215e-07,-3.9103e-07,-3.9637e-07,-3.4903e-07,-0.0041858,0.00027473,-0.0024268
-5.6106e-10,2.782e-08,-7.662e-09,-2.3197e-09,-4.6442e-06,7.1781e-08,-2.1241e-08,3.6933e-08,-3.283e-08,-4.7215e-07,1,-2.4016e-10,-1.9149e-10,-2.1797e-10,6.9217e-08,5.3224e-07,7.0632e-08
-1.5893e-09,4.7971e-08,-1.0394e-08,-1.466e-09,-4.7062e-06,6.2224e-08,-2.6586e-08,3.1952e-08,-2.7033e-08,-3.9103e-07,-2.4016e-10,1,-2.2475e-10,-2.7317e-10,4.512e-08,6.7951e-07,6.2927e-08
-8.1606e-10,3.1561e-08,-5.9514e-09,-5.7529e-10,-4.0673e-06,5.6903e-08,-1.992e-08,2.9502e-08,-2.5584e-08,-3.9637e-07,-1.9149e-10,-2.2475e-10,1,-2.074e-10,5.993e-08,5.4851e-07,5.8532e-08
-1.1179e-09,4.9045e-08,-1.0134e-08,-4.7068e-10,-4.197e-06,5.6645e-08,-2.1348e-08,2.9192e-08,-2.5008e-08,-3.4903e-07,-2.1797e-10,-2.7317e-10,-2.074e-10,1,4.5377e-08,6.577e-07,4.5795e-08
-1.6881e-05,-3.2164e-05,-3.6205e-05,1.764e-06,-0.0025466,3.5223e-05,0.00021663,-0.00011337,-0.00016388,-0.0041858,6.9217e-08,4.512e-08,5.993e-08,4.5377e-08,0.0014332,-0.00038366,0.00034776
1.5119e-05,5.2685e-05,4.5288e-05,1.3306e-06,-0.0054203,-9.43e-06,-0.0010357,0.00048137,0.00050498,0.00027473,5.3224e-07,6.7951e-07,5.4851e-07,6.577e-07,-0.00038366,0.0016502,-0.00020539
-7.4095e-06,-4.4107e-05,-8.288e-06,-2.6851e-06,-0.0025795,0.00013514,0.00064218,-0.00024807,-0.00038566,-0.0024268,7.0632e-08,6.2927e-08,5.8532e-08,4.5795e-08,0.00034776,-0.00020539,0.00054966
95.306,95.306,95.306,95.306,95.306,95.306,95.306,95.306,95.306,95.306,95.306,95.306,95.306,95.306,95.306,95.306,95.306
750.78,264.22,161.75,578.89,8.9349,353.08,997.62,1167.1,813.98,30.208,2.7067e-05,2.9002e-05,2.6645e-05,2.9019e-05,246.76,173.79,100.15
1,1,1,1,1,1,1,1,1,1,1,1,1,1,1,1,1
