201.73,0.62399,0.4719,1.0815,0.046103,0.79501,0.54118,0.80115,0.0061459,0.79084
18.182,0.31429,0.27451,0.44563,0.035028,0.71708,0.50708,0.70102,-0.029845,0.14651
300.63,0.89796,0.57647,2.1453,0.067303,0.89711,0.56842,0.86727,0.064339,1.928
0.072401,22.329,11.719,-5.5249,-1.2531,-4.9893,2.3537,-1.4491,3.5401,-3.2127
22.329,9723.4,-224.97,-1087.6,24.271,137.18,-32.493,123.36,-13.816,-1191.3
11.719,-224.97,9817,-884.74,19.743,111.59,-26.43,100.35,-11.236,-969.06
-5.5249,-1087.6,-884.74,5722.1,95.452,539.5,-127.78,485.19,-54.308,-4685.6
-1.2531,24.271,19.743,95.452,9997.9,-12.039,2.8515,-10.826,1.2123,104.55
-4.9893,137.18,111.59,539.5,-12.039,9932,16.116,-61.191,6.851,590.92
2.3537,-32.493,-26.43,-127.78,2.8515,16.116,9996.2,14.493,-1.6231,-139.96
-1.4491,123.36,100.35,485.19,-10.826,-61.191,14.493,9945,6.1603,531.43
3.5401,-13.816,-11.236,-54.308,1.2123,6.851,-1.6231,6.1603,9999.3,-59.484
-3.2127,-1191.3,-969.06,-4685.6,104.55,590.92,-139.96,531.43,-59.484,4867.9
