487.14,412.18,538.82,68.819,126.39,1367.7,923.62,1455.5,87.758,101.65,716.04,439.23,46.401
126.69,85.714,345.1,32.493,113.37,1269.2,721.38,1281.7,12.461,74.781,674.3,326.11,9.6883
1218.8,716.31,686.27,101.97,146.03,1437.8,1086.4,1565,195.93,159.05,769.96,543.42,78.468
0.10159,0.13839,-0.02658,0.024117,-0.038235,-0.16859,0.095542,-0.029619,0.13897,-0.004478,-0.10256,0.02904,0.013646
0.13839,0.21559,0.012067,0.12816,-0.044434,-0.19356,0.14379,0.010431,0.204,-0.054245,-0.10854,0.11883,0.049458
-0.02658,0.012067,0.22416,0.069494,-0.018257,0.16937,0.13752,0.059422,-0.10994,0.0010295,-0.025234,0.31132,-0.084181
0.024117,0.12816,0.069494,0.95125,0.011615,0.069404,0.038719,0.063859,-0.0055459,-0.0086306,0.024333,-0.11362,-0.01948
-0.038235,-0.044434,-0.018257,0.011615,0.99465,-0.018394,0.016367,-0.00057801,0.017816,-0.0035176,-0.013068,0.017451,0.0023431
-0.16859,-0.19356,0.16937,0.069404,-0.018394,0.77167,-0.14842,-0.17321,0.055121,0.024016,-0.045238,0.11368,0.075995
0.095542,0.14379,0.13752,0.038719,0.016367,-0.14842,0.58672,-0.30585,-0.15743,0.089515,0.049558,0.18699,0.078737
-0.029619,0.010431,0.059422,0.063859,-0.00057801,-0.17321,-0.30585,0.73921,-0.087577,0.066949,0.0068647,0.20794,0.071929
0.13897,0.204,-0.10994,-0.0055459,0.017816,0.055121,-0.15743,-0.087577,0.8573,0.042933,0.052102,0.094262,-0.004065
-0.004478,-0.054245,0.0010295,-0.0086306,-0.0035176,0.024016,0.089515,0.066949,0.042933,0.97857,-0.011395,-0.051958,-0.013245
-0.10256,-0.10854,-0.025234,0.024333,-0.013068,-0.045238,0.049558,0.0068647,0.052102,-0.011395,0.9671,0.026068,0.0054996
0.02904,0.11883,0.31132,-0.11362,0.017451,0.11368,0.18699,0.20794,0.094262,-0.051958,0.026068,0.64231,-0.03444
0.013646,0.049458,-0.084181,-0.01948,0.0023431,0.075995,0.078737,0.071929,-0.004065,-0.013245,0.0054996,-0.03444,0.97046
41.18,41.18,41.18,41.18,41.18,41.18,41.18,41.18,41.18,41.18,41.18,41.18,41.18
