562.42,638.01,529.41,655.45,11.97,413.45,915.26,1121.5,708.02,51.426
42.614,489.21,317.65,448.5,9.7409,403.03,883.06,1082.7,669.62,38.007
1076.8,864.2,741.18,783.34,13.308,437,988.39,1197.2,790.5,64.104
0.023325,-0.0065306,-0.022557,-0.017878,-0.0029354,-0.036519,0.082239,0.062284,0.098809,-0.012134
-0.0065306,0.024346,0.023479,0.01042,0.00018076,-0.10024,-0.016293,-0.11076,-0.010477,-0.0043473
-0.022557,0.023479,0.041491,0.012749,0.00093614,-0.043246,-0.066561,-0.1361,-0.092882,-0.070554
-0.017878,0.01042,0.012749,0.026919,0.0029005,-0.010468,-0.088383,-0.059237,-0.048697,0.10594
-0.0029354,0.00018076,0.00093614,0.0029005,0.99998,-6.8354e-06,0.00060127,0.00055188,0.00055854,-0.00028257
-0.036519,-0.10024,-0.043246,-0.010468,-6.8354e-06,0.98615,-0.0029528,-0.016383,-0.0025299,-0.0029418
0.082239,-0.016293,-0.066561,-0.088383,0.00060127,-0.0029528,0.97931,-0.023199,-0.020242,0.0057274
0.062284,-0.11076,-0.1361,-0.059237,0.00055188,-0.016383,-0.023199,0.95867,-0.024944,-0.0031506
0.098809,-0.010477,-0.092882,-0.048697,0.00055854,-0.0025299,-0.020242,-0.024944,0.97759,-0.00021856
-0.012134,-0.0043473,-0.070554,0.10594,-0.00028257,-0.0029418,0.0057274,-0.0031506,-0.00021856,0.98329
39.337,39.337,39.337,39.337,39.337,39.337,39.337,39.337,39.337,39.337
