276.92,129.84,377.34,528.32,11.501,399.59,904.71,1094.7,695.13,12.027,223.61,192.08,27.234
0,43.478,235.29,375.46,1.2428,154.51,838,1031.9,622.51,1.4803,140.08,62.002,0.23252
1352.2,202.53,533.33,1006.7,14.449,451.32,995.69,1216.5,898,28.718,246.58,229.24,150.56
9.3101e-06,-4.0946e-05,-1.2128e-05,1.0486e-05,1.1723e-05,1.2568e-05,4.4047e-06,-1.0332e-05,-2.0788e-05,-0.00030323,0.00013584,-0.00011301,-1.2969e-05
-4.0946e-05,0.001641,0.0005687,-6.168e-05,-0.0026068,-0.00062388,0.00029154,-0.00040189,0.00018368,0.0005501,0.0010316,0.0011201,0.00016764
-1.2128e-05,0.0005687,0.00042903,-6.2968e-05,-0.0038805,-0.00011007,-0.00038842,0.00014299,0.0002344,6.4887e-05,0.00039486,0.00034411,0.00011018
1.0486e-05,-6.168e-05,-6.2968e-05,0.00016037,0.00019683,-0.00017507,0.00055318,-0.00048755,-0.00031026,-0.0027254,0.0013208,-0.00029223,0.00017722
1.1723e-05,-0.0026068,-0.0038805,0.00019683,0.81022,-0.025288,0.089798,-0.052389,-0.026749,-0.051925,-0.0013747,0.015348,0.0098945
1.2568e-05,-0.00062388,-0.00011007,-0.00017507,-0.025288,0.33602,-0.0050466,-0.32946,0.33453,0.0057036,-0.005676,-0.0019553,-0.0008709
4.4047e-06,0.00029154,-0.00038842,0.00055318,0.089798,-0.0050466,0.022295,-0.01312,-0.0080262,-0.020696,0.0073091,0.0044293,0.0027788
-1.0332e-05,-0.00040189,0.00014299,-0.00048755,-0.052389,-0.32946,-0.01312,0.34188,-0.32868,0.013777,-0.0075683,-0.0026257,-0.0018411
-2.0788e-05,0.00018368,0.0002344,-0.00031026,-0.026749,0.33453,-0.0080262,-0.32868,0.33676,0.0080618,-0.0020749,-0.00061266,-0.0009987
-0.00030323,0.0005501,6.4887e-05,-0.0027254,-0.051925,0.0057036,-0.020696,0.013777,0.0080618,0.11967,-0.03644,0.0024193,-0.009959
0.00013584,0.0010316,0.00039486,0.0013208,-0.0013747,-0.005676,0.0073091,-0.0075683,-0.0020749,-0.03644,0.031081,-0.0026007,0.0033408
-0.00011301,0.0011201,0.00034411,-0.00029223,0.015348,-0.0019553,0.0044293,-0.0026257,-0.00061266,0.0024193,-0.0026007,0.0066749,0.0001998
-1.2969e-05,0.00016764,0.00011018,0.00017722,0.0098945,-0.0008709,0.0027788,-0.0018411,-0.0009987,-0.009959,0.0033408,0.0001998,0.0017763
77.182,77.182,77.182,77.182,77.182,77.182,77.182,77.182,77.182,77.182,77.182,77.182,77.182
