796.91,545.09,775.03,894,0.22768,69.004,633.85,668.4,599.4,75.259,278.36,87.382,973.29
151.65,116.44,423.53,623.06,0.012403,31.314,453.52,482.25,430.15,9.823,136.58,16.786,786.81
1348.8,915.79,984.31,1511.8,1.3567,161.16,835.18,860.58,810.12,176.89,391.01,161.93,999.89
8.221e-06,-2.0656e-06,-5.0551e-06,4.6518e-06,-5.4801e-06,-1.7305e-05,-1.1799e-05,-7.8869e-06,9.5195e-06,-3.4056e-05,1.5126e-05,-2.3558e-06,-6.8388e-06
-2.0656e-06,2.3533e-05,-1.8179e-05,-1.2634e-05,-0.00019849,2.3387e-05,0.00043616,-0.00018859,-0.00021177,0.00017299,-8.1863e-05,-6.5932e-05,-8.2452e-06
-5.0551e-06,-1.8179e-05,7.2121e-05,1.8172e-05,9.4832e-05,2.5303e-05,-0.00059714,0.00030793,0.00028326,-0.00051174,0.00017907,0.00021689,1.0317e-05
4.6518e-06,-1.2634e-05,1.8172e-05,3.7949e-05,0.00016043,-2.9856e-05,-0.00024304,0.00010436,0.00013456,-0.00023946,9.4674e-05,-2.8904e-05,2.1399e-05
-5.4801e-06,-0.00019849,9.4832e-05,0.00016043,0.997,-0.0069294,-0.004454,-0.0014547,0.005466,-0.0043936,0.0017582,0.0026666,9.2264e-05
-1.7305e-05,2.3387e-05,2.5303e-05,-2.9856e-05,-0.0069294,0.33455,-0.0024364,-0.33145,0.334,-0.001792,0.00030059,0.00097561,-1.9842e-05
-1.1799e-05,0.00043616,-0.00059714,-0.00024304,-0.004454,-0.0024364,0.073189,-0.037198,-0.034795,0.015488,-0.0056953,-0.0090748,0.0023818
-7.8869e-06,-0.00018859,0.00030793,0.00010436,-0.0014547,-0.33145,-0.037198,0.35266,-0.31587,-0.0083668,0.0028397,0.004752,-0.0011555
9.5195e-06,-0.00021177,0.00028326,0.00013456,0.005466,0.334,-0.034795,-0.31587,0.35014,-0.0065892,0.0025411,0.0037891,-0.0011404
-3.4056e-05,0.00017299,-0.00051174,-0.00023946,-0.0043936,-0.001792,0.015488,-0.0083668,-0.0065892,0.020888,-0.0065584,-0.014997,0.0021964
1.5126e-05,-8.1863e-05,0.00017907,9.4674e-05,0.0017582,0.00030059,-0.0056953,0.0028397,0.0025411,-0.0065584,0.0023472,0.0047374,-0.00078771
-2.3558e-06,-6.5932e-05,0.00021689,-2.8904e-05,0.0026666,0.00097561,-0.0090748,0.004752,0.0037891,-0.014997,0.0047374,0.013945,-0.0026273
-6.8388e-06,-8.2452e-06,1.0317e-05,2.1399e-05,9.2264e-05,-1.9842e-05,0.0023818,-0.0011555,-0.0011404,0.0021964,-0.00078771,-0.0026273,0.00113
88.977,88.977,88.977,88.977,88.977,88.977,88.977,88.977,88.977,88.977,88.977,88.977,88.977
