185.75,184.46,10.489,91.213,127.05,74.503,156.3,95.503,20.283,43.538,996.62,45.3,756.12,49.287,470.5,470.91,40.892,754.99,-391.81,414.42,414.42,414.42,0.073326,-103.16,-1.5141e+05,-16.025,166.67
144.88,142.62,-16.159,74.585,31.407,1.7091,110.15,71.793,0.53922,2.4557,980.62,2.6066,13.026,1.0005,26.642,27.405,0.75353,12.447,-450.02,339.9,339.9,339.9,0.0045557,-131.04,-3.3922e+05,-228.04,-11.765
214.86,213.29,54.843,126.73,175.1,192.63,193.87,124.31,86.084,95.711,999.99,180.25,999.23,159.99,998.2,999.87,117.32,999.27,-162.58,452.57,452.57,452.57,0.34355,-53.215,58154,141.56,376.47
0.67993,-0.29393,0.0091309,-0.074438,-0.061335,-0.054362,-0.23294,-0.14845,-0.054144,-0.031143,0.028413,-0.053856,-0.011439,0.022031,-0.027459,0.035362,0.045696,0.022018,0.0072897,-0.011039,-0.011039,-0.011039,-0.0023771,0.031537,1.1799e-06,0.005831,0.00099057
-0.29393,0.69499,0.12041,-0.020293,-0.083449,-0.091356,-0.26209,-0.10444,-0.031508,-0.0009924,0.0055472,-0.0075971,-3.9242e-05,-0.011067,-0.025957,0.036963,0.016028,0.0088714,-0.02407,-0.015032,-0.015032,-0.015032,-0.0006116,-0.0033321,1.0836e-06,-5.6473e-05,-0.0010434
0.0091309,0.12041,0.12402,-0.012325,-0.02921,-0.095199,-0.038262,0.11717,0.030913,-0.026115,0.039599,-0.065164,0.0036893,-0.001643,0.00013437,0.011077,0.065069,0.00036074,-0.035085,-0.024178,-0.024178,-0.024178,-0.0074318,0.074816,8.5941e-07,-0.003266,-0.0044019
-0.074438,-0.020293,-0.012325,0.35714,-0.017932,-0.081957,0.13119,-0.090937,-0.087504,0.033272,0.12808,0.11135,-0.11596,0.0062068,0.054824,-0.044882,-0.072229,0.11592,-0.029601,-0.0068047,-0.0068047,-0.0068047,-0.0085031,-0.025496,7.4557e-06,0.0027537,0.0010546
-0.061335,-0.083449,-0.02921,-0.017932,0.40341,0.20764,-0.11938,0.076514,0.22171,0.15357,0.03732,0.0051595,-0.0623,-0.16771,0.0016691,-0.027107,-0.081974,0.017595,-0.031791,-0.0099781,-0.0099781,-0.0099781,0.0013921,0.16557,-2.8074e-06,-0.013165,-0.0051394
-0.054362,-0.091356,-0.095199,-0.081957,0.20764,0.25545,-0.14764,0.037164,0.1186,0.041014,-0.05346,0.0048762,-0.011886,-0.026492,0.025042,-0.057014,-0.035424,-0.013778,-0.019285,0.021127,0.021127,0.021127,0.00022078,-0.048654,-1.0637e-05,-0.012548,-0.0032549
-0.23294,-0.26209,-0.038262,0.13119,-0.11938,-0.14764,0.62505,0.095581,-0.05216,0.022067,-0.0299,0.077211,0.036078,-0.011703,-0.033859,0.05424,-0.063613,-0.018022,0.066478,0.0020405,0.0020405,0.0020405,-0.0013019,0.034202,1.1888e-05,0.013531,0.0078114
-0.14845,-0.10444,0.11717,-0.090937,0.076514,0.037164,0.095581,0.64682,0.14225,-0.12592,0.027273,-0.15659,-0.021894,0.11221,-0.0022307,0.0011728,0.1363,0.014935,-0.11125,-0.025402,-0.025402,-0.025402,0.0020789,0.023975,-1.1789e-05,-0.024161,-0.020133
-0.054144,-0.031508,0.030913,-0.087504,0.22171,0.1186,-0.05216,0.14225,0.20405,0.077446,-0.0041115,-0.048945,-0.015786,-0.10279,-0.014978,0.00025271,-0.0086189,-0.0071562,-0.027939,-0.012978,-0.012978,-0.012978,-0.0056128,0.12819,-3.7523e-06,-0.010953,-0.0040608
-0.031143,-0.0009924,-0.026115,0.033272,0.15357,0.041014,0.022067,-0.12592,0.077446,0.17881,0.0099824,0.11848,0.021052,-0.17933,-0.041605,0.037844,-0.15919,-0.034746,0.021201,4.7689e-05,4.7689e-05,4.7689e-05,-0.0010405,0.099846,5.7871e-06,-0.00048651,0.0054315
0.028413,0.0055472,0.039599,0.12808,0.03732,-0.05346,-0.0299,0.027273,-0.0041115,0.0099824,0.95211,0.023306,0.02733,0.025712,0.0013017,0.0052148,0.02657,-0.031328,-0.01731,-0.019109,-0.019109,-0.019109,0.0025359,0.058915,3.1513e-06,0.0018414,0.00080489
-0.053856,-0.0075971,-0.065164,0.11135,0.0051595,0.0048762,0.077211,-0.15659,-0.048945,0.11848,0.023306,0.20067,-0.01749,-0.093381,0.034132,-0.03161,-0.18679,0.020546,0.021083,0.014404,0.014404,0.014404,0.0029115,-0.044388,4.8043e-06,0.0048688,0.0095558
-0.011439,-3.9242e-05,0.0036893,-0.11596,-0.0623,-0.011886,0.036078,-0.021894,-0.015786,0.021052,0.02733,-0.01749,0.47255,-0.020121,0.010848,-0.01305,-0.00090062,-0.46947,0.028855,0.020632,0.020632,0.020632,-0.0015462,-0.0032907,7.67e-07,-0.0050208,-0.0021003
0.022031,-0.011067,-0.001643,0.0062068,-0.16771,-0.026492,-0.011703,0.11221,-0.10279,-0.17933,0.025712,-0.093381,-0.020121,0.20674,0.032804,-0.028978,0.13481,0.036483,-0.025119,0.0037241,0.0037241,0.0037241,0.001085,-0.14666,-6.479e-06,-0.00036739,-0.0064162
-0.027459,-0.025957,0.00013437,0.054824,0.0016691,0.025042,-0.033859,-0.0022307,-0.014978,-0.041605,0.0013017,0.034132,0.010848,0.032804,0.47264,-0.47703,-0.0039607,-0.012898,-0.012464,0.0060015,0.0060015,0.0060015,-0.00041638,-0.028325,-2.7232e-06,0.0024689,0.0024684
0.035362,0.036963,0.011077,-0.044882,-0.027107,-0.057014,0.05424,0.0011728,0.00025271,0.037844,0.0052148,-0.03161,-0.01305,-0.028978,-0.47703,0.48607,0.0034395,0.018992,0.014281,-0.0093003,-0.0093003,-0.0093003,0.00044489,0.033422,4.0178e-06,-0.00078065,-0.0020798
0.045696,0.016028,0.065069,-0.072229,-0.081974,-0.035424,-0.063613,0.1363,-0.0086189,-0.15919,0.02657,-0.18679,-0.00090062,0.13481,-0.0039607,0.0034395,0.21175,0.0037078,-0.021374,-0.0085131,-0.0085131,-0.0085131,-0.0029002,-0.0075183,-5.1369e-06,-0.0020107,-0.0073509
0.022018,0.0088714,0.00036074,0.11592,0.017595,-0.013778,-0.018022,0.014935,-0.0071562,-0.034746,-0.031328,0.020546,-0.46947,0.036483,-0.012898,0.018992,0.0037078,0.4724,-0.024686,-0.020859,-0.020859,-0.020859,0.0010803,-0.012055,-2.5956e-07,0.00699,0.0029145
0.0072897,-0.02407,-0.035085,-0.029601,-0.031791,-0.019285,0.066478,-0.11125,-0.027939,0.021201,-0.01731,0.021083,0.028855,-0.025119,-0.012464,0.014281,-0.021374,-0.024686,0.047606,0.0075122,0.0075122,0.0075122,0.0020113,0.011017,3.6918e-06,0.0078412,0.0056512
-0.011039,-0.015032,-0.024178,-0.0068047,-0.0099781,0.021127,0.0020405,-0.025402,-0.012978,4.7689e-05,-0.019109,0.014404,0.020632,0.0037241,0.0060015,-0.0093003,-0.0085131,-0.020859,0.0075122,0.67566,-0.32434,-0.32434,0.0011365,-0.029509,-8.1618e-07,-0.00026451,0.00095187
-0.011039,-0.015032,-0.024178,-0.0068047,-0.0099781,0.021127,0.0020405,-0.025402,-0.012978,4.7689e-05,-0.019109,0.014404,0.020632,0.0037241,0.0060015,-0.0093003,-0.0085131,-0.020859,0.0075122,-0.32434,0.67566,-0.32434,0.0011365,-0.029509,-8.1618e-07,-0.00026451,0.00095187
-0.011039,-0.015032,-0.024178,-0.0068047,-0.0099781,0.021127,0.0020405,-0.025402,-0.012978,4.7689e-05,-0.019109,0.014404,0.020632,0.0037241,0.0060015,-0.0093003,-0.0085131,-0.020859,0.0075122,-0.32434,-0.32434,0.67566,0.0011365,-0.029509,-8.1618e-07,-0.00026451,0.00095187
-0.0023771,-0.0006116,-0.0074318,-0.0085031,0.0013921,0.00022078,-0.0013019,0.0020789,-0.0056128,-0.0010405,0.0025359,0.0029115,-0.0015462,0.001085,-0.00041638,0.00044489,-0.0029002,0.0010803,0.0020113,0.0011365,0.0011365,0.0011365,0.99972,-0.002278,3.0392e-07,0.00016142,7.6606e-06
0.031537,-0.0033321,0.074816,-0.025496,0.16557,-0.048654,0.034202,0.023975,0.12819,0.099846,0.058915,-0.044388,-0.0032907,-0.14666,-0.028325,0.033422,-0.0075183,-0.012055,0.011017,-0.029509,-0.029509,-0.029509,-0.002278,0.24254,7.6734e-06,0.0019595,0.00041894
1.1799e-06,1.0836e-06,8.5941e-07,7.4557e-06,-2.8074e-06,-1.0637e-05,1.1888e-05,-1.1789e-05,-3.7523e-06,5.7871e-06,3.1513e-06,4.8043e-06,7.67e-07,-6.479e-06,-2.7232e-06,4.0178e-06,-5.1369e-06,-2.5956e-07,3.6918e-06,-8.1618e-07,-8.1618e-07,-8.1618e-07,3.0392e-07,7.6734e-06,1.0261e-09,9.4044e-07,5.4638e-07
0.005831,-5.6473e-05,-0.003266,0.0027537,-0.013165,-0.012548,0.013531,-0.024161,-0.010953,-0.00048651,0.0018414,0.0048688,-0.0050208,-0.00036739,0.0024689,-0.00078065,-0.0020107,0.00699,0.0078412,-0.00026451,-0.00026451,-0.00026451,0.00016142,0.0019595,9.4044e-07,0.0028371,0.0016518
0.00099057,-0.0010434,-0.0044019,0.0010546,-0.0051394,-0.0032549,0.0078114,-0.020133,-0.0040608,0.0054315,0.00080489,0.0095558,-0.0021003,-0.0064162,0.0024684,-0.0020798,-0.0073509,0.0029145,0.0056512,0.00095187,0.00095187,0.00095187,7.6606e-06,0.00041894,5.4638e-07,0.0016518,0.0015699
119.77,119.77,119.77,119.77,119.77,119.77,119.77,119.77,119.77,119.77,119.77,119.77,119.77,119.77,119.77,119.77,119.77,119.77,119.77,119.77,119.77,119.77,119.77,119.77,119.77,119.77,119.77
