0.98283,0.90971,0.34869,-0.18417,0.99346,0.99346,0.99346,0.10821
0.88498,0.79579,0.22054,-0.32154,0.89394,0.89394,0.89394,0.012375
1.1219,1.1,0.43837,-0.090704,1.0913,1.0913,1.0913,0.21145
712.08,-323.36,82.52,273.14,-35.707,-35.707,-35.707,16.964
-323.36,619.05,138.74,309.6,20.812,20.812,20.812,-39.081
82.52,138.74,857.09,-85.67,-147.46,-147.46,-147.46,145.63
273.14,309.6,-85.67,740.43,24.107,24.107,24.107,-6.7719
-35.707,20.812,-147.46,24.107,787.07,-212.93,-212.93,201.09
-35.707,20.812,-147.46,24.107,-212.93,787.07,-212.93,201.09
-35.707,20.812,-147.46,24.107,-212.93,-212.93,787.07,201.09
16.964,-39.081,145.63,-6.7719,201.09,201.09,201.09,809.09
