772.66,250.54,132.84,1625.2,9.2889,353.76,671.49,827.48,473.72,33.808,221.52,133.62,283.17
0,62.5,47.059,902.84,2.2883,211.77,473.76,661.42,164.38,4.5474,148.17,55.596,47.921
1312.5,384.62,439.22,4458.9,33.14,644.38,866.28,962.53,674.16,65.241,382.9,212.57,457.69
3.4686e-05,-8.9352e-05,-0.00026823,2.4825e-05,-0.00090581,-1.7263e-06,0.0010081,-0.00054153,-0.00053971,-0.00096492,0.00048628,0.00021338,-9.4971e-05
-8.9352e-05,0.00062258,0.00098458,-6.1206e-05,0.010274,-0.00038573,-0.0029384,0.0013502,0.001742,-0.0015526,-0.0012508,0.00042893,0.00051304
-0.00026823,0.00098458,0.0045607,-0.00035593,0.015054,-0.00033343,-0.013553,0.0069467,0.0072845,0.0080666,-0.0053189,-0.001586,0.0011889
2.4825e-05,-6.1206e-05,-0.00035593,3.3112e-05,-2.7709e-05,-4.5937e-05,0.0010942,-0.00060236,-0.00055631,-0.001231,0.00050814,0.000275,-7.6549e-05
-0.00090581,0.010274,0.015054,-2.7709e-05,0.77899,-0.026859,-0.031741,0.0042104,0.031072,-0.069146,-0.037801,0.028278,0.010375
-1.7263e-06,-0.00038573,-0.00033343,-4.5937e-05,-0.026859,0.33495,0.001097,-0.33306,0.33198,0.0089012,-0.0011466,-0.0024753,-0.00041386
0.0010081,-0.0029384,-0.013553,0.0010942,-0.031741,0.001097,0.046778,-0.024139,-0.025247,-0.025745,0.014785,0.0052494,-0.0037735
-0.00054153,0.0013502,0.0069467,-0.00060236,0.0042104,-0.33306,-0.024139,0.34629,-0.32066,0.018454,-0.0085864,-0.0040538,0.0017845
-0.00053971,0.001742,0.0072845,-0.00055631,0.031072,0.33198,-0.025247,-0.32066,0.34737,0.0094692,-0.0074173,-0.0015627,0.0022028
-0.00096492,-0.0015526,0.0080666,-0.001231,-0.069146,0.0089012,-0.025745,0.018454,0.0094692,0.13785,-0.032567,-0.034482,-0.00077959
0.00048628,-0.0012508,-0.0053189,0.00050814,-0.037801,-0.0011466,0.014785,-0.0085864,-0.0074173,-0.032567,0.015578,0.0070769,-0.0013143
0.00021338,0.00042893,-0.001586,0.000275,0.028278,-0.0024753,0.0052494,-0.0040538,-0.0015627,-0.034482,0.0070769,0.0099594,0.00011851
-9.4971e-05,0.00051304,0.0011889,-7.6549e-05,0.010375,-0.00041386,-0.0037735,0.0017845,0.0022028,-0.00077959,-0.0013143,0.00011851,0.00062914
88.804,88.804,88.804,88.804,88.804,88.804,88.804,88.804,88.804,88.804,88.804,88.804,88.804
