186.43,0.44093,0.66013,0.81129,0.018762,0.53013,0.64597,0.8403,0.31018,0.60655
18,0.18919,0.58039,0.68933,0.0054139,0.31307,0.4872,0.7718,-0.023684,0.45481
325.71,0.59788,0.74118,1.0178,0.042562,0.79548,0.83079,0.90688,0.5938,0.81582
0.044098,12.974,3.3472,-11.719,0.11815,-3.2336,5.5999,1.5378,4.7715,7.5294
12.974,8595.6,-654.74,856.15,-174.09,-1845.4,1027.1,461.65,2307.1,935.85
3.3472,-654.74,9694.8,399.13,-81.163,-860.34,478.86,215.22,1075.6,436.29
-11.719,856.15,399.13,9478.1,106.13,1125,-626.15,-281.42,-1406.4,-570.5
0.11815,-174.09,-81.163,106.13,9978.4,-228.77,127.33,57.227,285.99,116.01
-3.2336,-1845.4,-860.34,1125,-228.77,7575,1349.7,606.62,3031.6,1229.8
5.5999,1027.1,478.86,-626.15,127.33,1349.7,9248.8,-337.64,-1687.3,-684.47
1.5378,461.65,215.22,-281.42,57.227,606.62,-337.64,9848.2,-758.37,-307.63
4.7715,2307.1,1075.6,-1406.4,285.99,3031.6,-1687.3,-758.37,6210,-1537.4
7.5294,935.85,436.29,-570.5,116.01,1229.8,-684.47,-307.63,-1537.4,9376.4
