132.79,0.54211,0.73797,0.64951,0.00026882,0.069743,1.0703,1.1066,1.0369,0.077649,0.21104,0.11974,0.95685
24.706,0.19075,0.38039,0.37053,0.0001053,0.044165,0.96402,1.0114,0.9287,0.013614,0.085939,0.046786,0.82161
278.33,0.92857,0.98823,0.8245,0.00046259,0.087848,1.1892,1.2325,1.1446,0.13837,0.27927,0.21214,0.99949
0.00062673,0.04907,0.085056,0.1599,2.1285e-05,0.014658,0.11911,0.12911,0.11443,0.043397,0.057915,-0.087959,0.17704
0.04907,31.381,-16.391,30.285,0.21335,19.99,10.475,21.772,1.7754,24.311,-2.4687,-11.489,5.8976
0.085056,-16.391,72.104,21.411,-0.18242,-19.854,25.593,22.267,42.126,0.1598,26.743,-11.76,85.588
0.1599,30.285,21.411,141.09,0.40038,22.138,11.326,39.107,16.963,81.402,67.188,-35.382,112.89
2.1285e-05,0.21335,-0.18242,0.40038,999.99,-0.68195,-0.019933,-0.37515,0.3069,0.29561,-0.3909,0.23931,0.27161
0.014658,19.99,-19.854,22.138,-0.68195,917.18,5.7879,-37.217,45.612,10.75,-82.397,-13.845,19.505
0.11911,10.475,25.593,11.326,-0.019933,5.7879,708.14,-278.82,-284.61,22.535,-2.7582,-2.3194,58.787
0.12911,21.772,22.267,39.107,-0.37515,-37.217,-278.82,710.74,-252.04,26.647,-49.867,-3.9841,70.319
0.11443,1.7754,42.126,16.963,0.3069,45.612,-284.61,-252.04,702.34,15.897,32.523,9.8707,50.819
0.043397,24.311,0.1598,81.402,0.29561,10.75,22.535,26.647,15.897,797.98,-207.95,-251.77,-24.052
0.057915,-2.4687,26.743,67.188,-0.3909,-82.397,-2.7582,-49.867,32.523,-207.95,485.77,-195.8,179.17
-0.087959,-11.489,-11.76,-35.382,0.23931,-13.845,-2.3194,-3.9841,9.8707,-251.77,-195.8,541.28,-194.99
0.17704,5.8976,85.588,112.89,0.27161,19.505,58.787,70.319,50.819,-24.052,179.17,-194.99,522.01
