1345.5,1281.1,-254.58,-945.58,636.53,636.53,636.53,878.49,898.99
1230.5,1143,-561.67,-1181,211.07,211.07,211.07,484.3,525.49
1730.9,1724.1,350.79,-277.48,1022,1022,1022,1851.4,1119.5
0.36002,-0.38518,0.22582,-0.17255,-0.01266,-0.01266,-0.01266,0.0037582,-0.023563
-0.38518,0.72158,0.097168,-0.06232,-0.035687,-0.035687,-0.035687,-0.16539,0.089334
0.22582,0.097168,0.51416,-0.37983,-0.062026,-0.062026,-0.062026,-0.17444,0.055477
-0.17255,-0.06232,-0.37983,0.28074,0.045497,0.045497,0.045497,0.12708,-0.039928
-0.01266,-0.035687,-0.062026,0.045497,0.67497,-0.32503,-0.32503,0.025556,-0.009382
-0.01266,-0.035687,-0.062026,0.045497,-0.32503,0.67497,-0.32503,0.025556,-0.009382
-0.01266,-0.035687,-0.062026,0.045497,-0.32503,-0.32503,0.67497,0.025556,-0.009382
0.0037582,-0.16539,-0.17444,0.12708,0.025556,0.025556,0.025556,0.084202,-0.033691
-0.023563,0.089334,0.055477,-0.039928,-0.009382,-0.009382,-0.009382,-0.033691,0.014872
55.208,55.208,55.208,55.208,55.208,55.208,55.208,55.208,55.208
