818.75,654.89,678.65,528.32,11.501,399.59,904.71,1094.7,695.13,12.027,223.61,192.08,27.234
57.888,226.89,270.59,375.46,1.2428,154.51,838,1031.9,622.51,1.4803,140.08,62.002,0.23252
1401.2,945.21,968.63,1006.7,14.449,451.32,995.69,1216.5,898,28.718,246.58,229.24,150.56
1.3801e-05,-1.4539e-05,-3.5643e-06,7.9395e-06,0.00017395,1.5798e-05,6.8358e-05,-3.1737e-05,-4.8705e-05,-0.0007568,-9.6335e-05,6.8467e-05,0.00012265
-1.4539e-05,4.7928e-05,-9.095e-07,3.1681e-05,-0.0011628,-2.7413e-05,0.00018552,-0.00011583,-8.8548e-05,0.00044173,0.00038198,-0.00012299,-0.00017308
-3.5643e-06,-9.095e-07,3.9943e-05,-2.5752e-05,-0.0007015,-4.6658e-05,0.00017917,-5.3308e-05,-5.6301e-07,0.00010952,0.00023872,0.00015674,-2.6768e-05
7.9395e-06,3.1681e-05,-2.5752e-05,0.00020226,-0.0011342,-0.00015851,0.0007044,-0.00058901,-0.00043701,-0.0032103,0.0013546,-0.00026404,0.00022062
0.00017395,-0.0011628,-0.0007015,-0.0011342,0.81594,-0.023491,0.072304,-0.043674,-0.020048,-0.049618,-0.013647,0.015206,0.013691
1.5798e-05,-2.7413e-05,-4.6658e-05,-0.00015851,-0.023491,0.3358,-0.0049797,-0.32964,0.33455,0.0052413,-0.005719,-0.0016468,-0.00067895
6.8358e-05,0.00018552,0.00017917,0.0007044,0.072304,-0.0049797,0.024975,-0.01425,-0.0092119,-0.02789,0.010177,0.0052572,0.0031297
-3.1737e-05,-0.00011583,-5.3308e-05,-0.00058901,-0.043674,-0.32964,-0.01425,0.34231,-0.32807,0.01693,-0.0085261,-0.0028176,-0.0019674
-4.8705e-05,-8.8548e-05,-5.6301e-07,-0.00043701,-0.020048,0.33455,-0.0092119,-0.32807,0.33737,0.011789,-0.0029547,-0.001055,-0.0013192
-0.0007568,0.00044173,0.00010952,-0.0032103,-0.049618,0.0052413,-0.02789,0.01693,0.011789,0.15523,-0.029825,-0.0047286,-0.016552
-9.6335e-05,0.00038198,0.00023872,0.0013546,-0.013647,-0.005719,0.010177,-0.0085261,-0.0029547,-0.029825,0.032049,-0.0014557,0.0021649
6.8467e-05,-0.00012299,0.00015674,-0.00026404,0.015206,-0.0016468,0.0052572,-0.0028176,-0.001055,-0.0047286,-0.0014557,0.0061826,0.00067152
0.00012265,-0.00017308,-2.6768e-05,0.00022062,0.013691,-0.00067895,0.0031297,-0.0019674,-0.0013192,-0.016552,0.0021649,0.00067152,0.0028862
82.388,82.388,82.388,82.388,82.388,82.388,82.388,82.388,82.388,82.388,82.388,82.388,82.388
