665.27,633.23,761.52,796.46,0.36944,89.686,723.92,771.93,682.25,573.82,587.36,265.57,995.92
2.5755,62.241,317.65,376.82,0.0036676,14.369,548.96,616.95,479.73,32.414,162.84,60.85,948.61
1391,988.02,1000,3816,4.4931,240.52,1040.8,1067.2,1030.8,1853.6,1244.5,573.75,999.94
6.5633e-06,-1.0751e-07,-8.0968e-07,2.8369e-07,-0.00010414,7.373e-06,2.0821e-05,-6.2894e-06,-1.3911e-05,1.1023e-06,-2.5888e-06,-7.1175e-06,4.9426e-05
-1.0751e-07,1.8885e-05,5.3072e-06,4.3046e-08,-0.00023224,5.7344e-07,6.2409e-05,-3.301e-05,-3.3826e-05,-5.8265e-06,7.3033e-06,1.6887e-05,-1.8726e-05
-8.0968e-07,5.3072e-06,3.9729e-05,1.6513e-06,-4.9876e-05,-6.2879e-06,3.2429e-05,-2.4001e-05,-1.8225e-05,-5.0126e-06,8.8566e-06,1.5381e-06,-2.6867e-05
2.8369e-07,4.3046e-08,1.6513e-06,3.7732e-06,-1.7003e-05,2.9893e-07,-7.6217e-06,4.9627e-06,4.5069e-06,9.9308e-07,-2.6415e-06,1.3525e-06,-7.1173e-06
-0.00010414,-0.00023224,-4.9876e-05,-1.7003e-05,0.9002,-0.0061657,0.0027192,-0.0044882,0.0016733,0.0004409,-0.00037108,0.00026226,0.0098635
7.373e-06,5.7344e-07,-6.2879e-06,2.9893e-07,-0.0061657,0.33388,0.00035324,-0.33323,0.33289,-3.7004e-05,-1.5805e-05,-3.5912e-05,0.003078
2.0821e-05,6.2409e-05,3.2429e-05,-7.6217e-06,0.0027192,0.00035324,0.0065977,-0.0031493,-0.0035029,-0.00015441,0.00016638,0.00015785,0.0029977
-6.2894e-06,-3.301e-05,-2.4001e-05,4.9627e-06,-0.0044882,-0.33323,-0.0031493,0.33501,-0.33177,6.2448e-05,-9.8115e-05,-8.9226e-05,3.7172e-05
-1.3911e-05,-3.3826e-05,-1.8225e-05,4.5069e-06,0.0016733,0.33289,-0.0035029,-0.33177,0.33534,9.8624e-05,-8.1283e-05,-5.1662e-05,-0.0030566
1.1023e-06,-5.8265e-06,-5.0126e-06,9.9308e-07,0.0004409,-3.7004e-05,-0.00015441,6.2448e-05,9.8624e-05,8.7184e-05,-8.3184e-05,-0.00015876,-0.00042096
-2.5888e-06,7.3033e-06,8.8566e-06,-2.6415e-06,-0.00037108,-1.5805e-05,0.00016638,-9.8115e-05,-8.1283e-05,-8.3184e-05,0.00011142,0.00011414,0.00021073
-7.1175e-06,1.6887e-05,1.5381e-06,1.3525e-06,0.00026226,-3.5912e-05,0.00015785,-8.9226e-05,-5.1662e-05,-0.00015876,0.00011414,0.00049716,-0.0002942
4.9426e-05,-1.8726e-05,-2.6867e-05,-7.1173e-06,0.0098635,0.003078,0.0029977,3.7172e-05,-0.0030566,-0.00042096,0.00021073,-0.0002942,0.039631
101.09,101.09,101.09,101.09,101.09,101.09,101.09,101.09,101.09,101.09,101.09,101.09,101.09
