214.83,0.69357,0.68444,0.48667,0.011281,0.39739,0.90179,1.0895,0.69213,0.011942,0.22298,0.1881,0.031733
14.819,0.23529,0.27059,0.37546,0.0012428,0.15451,0.838,1.0319,0.62251,0.0014803,0.14008,0.062002,0.00023252
358.7,0.9452,0.96863,0.75779,0.014444,0.45132,0.98254,1.1702,0.898,0.028718,0.24658,0.22924,0.15056
0.00010938,-0.032211,-0.0018881,0.035345,0.00051672,0.014647,-0.011731,0.0054005,-0.0092531,-0.022096,-0.01733,0.030037,0.027603
-0.032211,37.436,-12.964,-5.2559,-2.8847,0.32363,22.572,-9.2448,-9.5707,6.6875,-3.366,-36.402,-37.469
-0.0018881,-12.964,32.098,-25.989,-1.5069,6.7897,19.606,21.947,15.166,4.3646,18.39,29.302,26.193
0.035345,-5.2559,-25.989,171.41,3.2236,12.602,-30.364,-29.792,-42.401,-36.016,27.291,-8.1692,-173.65
0.00051672,-2.8847,-1.5069,3.2236,998.46,-18.774,8.133,-7.3808,11.392,-1.0975,-7.9916,-6.6231,-2.1535
0.014647,0.32363,6.7897,12.602,-18.774,529.89,34.271,-185.66,284.45,-19.749,-142.09,-168.49,-39.822
-0.011731,22.572,19.606,-30.364,8.133,34.271,724.41,-203.53,-237.8,0.80691,20.929,58.678,-20.547
0.0054005,-9.2448,21.947,-29.792,-7.3808,-185.66,-203.53,673.49,-140.85,-5.0552,-67.66,-52.659,-51.694
-0.0092531,-9.5707,15.166,-42.401,11.392,284.45,-237.8,-140.85,574.71,14.694,74.428,115.85,-11.869
-0.022096,6.6875,4.3646,-36.016,-1.0975,-19.749,0.80691,-5.0552,14.694,987.38,-16.789,-22.789,-38.65
-0.01733,-3.366,18.39,27.291,-7.9916,-142.09,20.929,-67.66,74.428,-16.789,910.76,-66.663,-29.267
0.030037,-36.402,29.302,-8.1692,-6.6231,-168.49,58.678,-52.659,115.85,-22.789,-66.663,776.36,-38.85
0.027603,-37.469,26.193,-173.65,-2.1535,-39.822,-20.547,-51.694,-11.869,-38.65,-29.267,-38.85,646.76
