401.86,389.38,-99.363,-870.16,789.24,789.24,789.24,0.83044,-400.15
1280.1,1275.3,111.12,-593,858.18,858.18,858.18,1.6868,-2.8721
0.56277,-0.44154,-0.10667,0.005723,0.014038,0.014038,0.014038,-3.6102e-05,-0.19773
-0.44154,0.55381,-0.10881,-0.010181,0.01063,0.01063,0.01063,1.2238e-05,-0.19966
-0.10667,-0.10881,0.96993,-0.057797,-0.0097293,-0.0097293,-0.0097293,0.0001718,-0.048144
0.005723,-0.010181,-0.057797,0.13278,-0.19288,-0.19288,-0.19288,0.0026462,0.0040181
0.014038,0.01063,-0.0097293,-0.19288,0.95673,-0.043273,-0.043273,0.00058911,0.0066664
0.014038,0.01063,-0.0097293,-0.19288,-0.043273,0.95673,-0.043273,0.00058911,0.0066664
0.014038,0.01063,-0.0097293,-0.19288,-0.043273,-0.043273,0.95673,0.00058911,0.0066664
-3.6102e-05,1.2238e-05,0.0001718,0.0026462,0.00058911,0.00058911,0.00058911,0.99999,-2.069e-05
-0.19773,-0.19966,-0.048144,0.0040181,0.0066664,0.0066664,0.0066664,-2.069e-05,0.91057
23.147,23.147,23.147,23.147,23.147,23.147,23.147,23.147,23.147
903.49,896.95,26.729,-755.46,825.73,825.73,825.73,1.3208,-173.38
1,1,1,1,1,1,1,1,1
