147.88,0.62476,0.6902,0.66214,0.032159,0.67227,0.42188,0.73329,0.061028,0.035212,0.38592,0.20351,0.042936
8.6631,0.063291,0.16078,0.25263,0.0033105,0.2447,0.29836,0.59131,-0.071775,0.0060855,0.21653,0.069722,0.00027398
311.03,0.96392,0.94902,1.817,0.060189,0.89711,0.56812,0.86727,0.42931,0.11413,0.5024,0.33754,0.093676
0.00026168,-0.010618,0.029451,0.014094,0.029131,-0.0076937,0.11248,0.030375,0.038069,0.031562,-0.022956,0.051453,0.18516
-0.010618,19.544,-12.199,-3.3111,6.0153,3.9268,-15.318,12.788,8.8605,10.124,5.2348,2.3093,-3.3375
0.029451,-12.199,30.36,0.75976,12.819,-7.8516,31.57,-5.1849,2.6674,-17.12,0.079292,28.185,-24.458
0.014094,-3.3111,0.75976,9.7853,-10.432,5.0612,5.7442,5.1732,0.11293,3.173,-5.3411,-14.788,7.7718
0.029131,6.0153,12.819,-10.432,972.5,-44.925,20.483,-24.967,19.958,-10.117,-87.277,48.933,19.003
-0.0076937,3.9268,-7.8516,5.0612,-44.925,410.84,0.2286,-292.8,296.36,39.145,-170.61,-55.434,3.1604
0.11248,-15.318,31.57,5.7442,20.483,0.2286,429.8,-143.17,-143.4,82.788,3.2926,-8.6141,-9.248
0.030375,12.788,-5.1849,5.1732,-24.967,-292.8,-143.17,464.88,-242.32,24.317,-79.304,2.976,36.729
0.038069,8.8605,2.6674,0.11293,19.958,296.36,-143.4,-242.32,461.32,-14.829,91.305,58.409,33.566
0.031562,10.124,-17.12,3.173,-10.117,39.145,82.788,24.317,-14.829,695.52,-120.04,-145.74,-144.93
-0.022956,5.2348,0.079292,-5.3411,-87.277,-170.61,3.2926,-79.304,91.305,-120.04,616.89,72.083,38.465
0.051453,2.3093,28.185,-14.788,48.933,-55.434,-8.6141,2.976,58.409,-145.74,72.083,225.95,-38.078
0.18516,-3.3375,-24.458,7.7718,19.003,3.1604,-9.248,36.729,33.566,-144.93,38.465,-38.078,860.48
