0.91554,0.71118,-0.46809,-1.2103,0.29523,0.29523,0.29523,0.07502
0.56912,0.44604,-0.77541,-1.688,-0.014911,-0.014911,-0.014911,0.0084888
1.4426,1.4426,-0.002525,-0.7013,0.78321,0.78321,0.78321,0.25547
367.9,-318.72,-6.7474,10.581,61.108,61.108,61.108,-264.38
-318.72,322.61,25.081,-1.1753,-65.926,-65.926,-65.926,87.551
-6.7474,25.081,773.48,-128.96,-198.73,-198.73,-198.73,-88.394
10.581,-1.1753,-128.96,50.66,22.732,22.732,22.732,-18.179
61.108,-65.926,-198.73,22.732,733.94,-266.06,-266.06,-6.0785
61.108,-65.926,-198.73,22.732,-266.06,733.94,-266.06,-6.0785
61.108,-65.926,-198.73,22.732,-266.06,-266.06,733.94,-6.0785
-264.38,87.551,-88.394,-18.179,-6.0785,-6.0785,-6.0785,770.37
