1.0203,1.0135,-0.013269,-0.74121,0.93636,0.93636,0.93636,0.29462
0.83651,0.8353,-0.18091,-1.1154,0.74087,0.74087,0.74087,6.3328e-06
1.4812,1.4746,0.14036,-0.21263,1.1349,1.1349,1.1349,1.1783
7858,-2001.8,932.25,147.56,-194.7,-194.7,-194.7,-3433.1
-2001.8,8105.8,561.81,-219.52,-212.1,-212.1,-212.1,-3290.6
932.25,561.81,5435.2,-4593.5,-815.35,-815.35,-815.35,482.07
147.56,-219.52,-4593.5,4134.4,693.73,693.73,693.73,-1176.1
-194.7,-212.1,-815.35,693.73,6799.9,-3200.1,-3200.1,27.411
-194.7,-212.1,-815.35,693.73,-3200.1,6799.9,-3200.1,27.411
-194.7,-212.1,-815.35,693.73,-3200.1,-3200.1,6799.9,27.411
-3433.1,-3290.6,482.07,-1176.1,27.411,27.411,27.411,4146.9
