183.38,0.59944,0.74659,1.168,0.00020255,0.082396,0.45258,0.48548,0.40308,0.094648,0.22133,0.12542,0.9898
7.0588,0.2,0.23922,0.54866,3.5872e-05,0.036051,0.36847,0.39952,0.31086,0.012394,0.10316,0.030099,0.95532
347.56,0.9875,0.96078,2.601,0.0004525,0.16275,0.58584,0.6102,0.53896,0.18899,0.29138,0.23548,0.99957
9.7056e-05,0.0121,-0.01073,0.0054757,0.00089286,0.030753,-0.12491,0.067789,0.037046,-0.16995,0.11884,0.10876,-0.024278
0.0121,35.335,-14.342,6.148,0.51204,53.652,-5.6991,0.099988,-53.549,-149.49,83.806,81.12,-29.755
-0.01073,-14.342,47.957,-8.9329,0.84438,-8.1021,92.387,-17.715,-9.6099,42.543,-65.457,-19.663,-38.022
0.0054757,6.148,-8.9329,7.2939,-0.36409,23.386,-59.438,24.685,1.3013,-58.526,20.487,26.377,56.856
0.00089286,0.51204,0.84438,-0.36409,9999.8,-20.554,-3.5468,-8.9013,11.652,-7.3559,4.4532,5.2737,4.8175
0.030753,53.652,-8.1021,23.386,-20.554,4593,305.87,-2912.8,2494.1,-786.59,-334.6,297.03,1256.7
-0.12491,-5.6991,92.387,-59.438,-3.5468,305.87,5785.1,-2470.3,-2776.2,-111.91,-206.09,-52.375,400.24
0.067789,0.099988,-17.715,24.685,-8.9013,-2912.8,-2470.3,4728.5,-2358.7,-158.31,-112.06,48.426,448.82
0.037046,-53.549,-9.6099,1.3013,11.652,2494.1,-2776.2,-2358.7,5147.1,628.3,222.55,-248.61,-807.84
-0.16995,-149.49,42.543,-58.526,-7.3559,-786.59,-111.91,-158.31,628.3,4917.1,-1427.1,-3244.2,-363.12
0.11884,83.806,-65.457,20.487,4.4532,-334.6,-206.09,-112.06,222.55,-1427.1,1557.5,663.9,-1056.7
0.10876,81.12,-19.663,26.377,5.2737,297.03,-52.375,48.426,-248.61,-3244.2,663.9,2689.2,-326.42
-0.024278,-29.755,-38.022,56.856,4.8175,1256.7,400.24,448.82,-807.84,-363.12,-1056.7,-326.42,7132.5
