1.445,1.3516,0.3773,-0.58371,1.0315,1.0315,1.0315,1.3235
0.62956,0.33547,0.07648,-0.88582,0.52038,0.52038,0.52038,2.7106e-05
3.5649,3.5637,0.67433,-0.018917,1.3433,1.3433,1.3433,8.6607
444.78,-383.71,-79.834,-53.39,-4.983,-4.983,-4.983,-17.995
-383.71,350.67,42.722,65.757,9.4333,9.4333,9.4333,9.4542
-79.834,42.722,189.7,-56.068,-35.197,-35.197,-35.197,13.96
-53.39,65.757,-56.068,53.664,13.367,13.367,13.367,-3.9437
-4.983,9.4333,-35.197,13.367,675.58,-324.42,-324.42,-1.9788
-4.983,9.4333,-35.197,13.367,-324.42,675.58,-324.42,-1.9788
-4.983,9.4333,-35.197,13.367,-324.42,-324.42,675.58,-1.9788
-17.995,9.4542,13.96,-3.9437,-1.9788,-1.9788,-1.9788,2.8242
