166.25,0.53592,0.73095,1.285,0.0074039,0.3231,0.70888,0.83284,0.50974,0.054024,0.23959,0.13033,0.42243
0.86957,0.17969,0.48235,0.21436,2.0078e-05,0.025654,0.47989,0.63248,0.24216,0.0027936,0.15331,0.031273,0.038654
357.65,0.97551,0.98431,4.2544,0.014291,0.55975,0.90695,1.0354,0.72483,0.36502,0.58612,0.27862,0.98448
0.00011812,-0.0080142,-0.0048604,0.0014729,-0.0028262,-0.019772,0.0060066,-0.014389,0.005379,0.037585,-0.02871,-0.0047408,-0.029303
-0.0080142,25.853,-7.2269,1.2074,-2.0254,17.487,11.558,3.1317,-14.352,4.2016,-23.384,-8.8078,18.276
-0.0048604,-7.2269,52.653,-2.605,5.7721,2.2367,1.6527,4.1591,1.9216,-49.678,12.965,12.739,7.8951
0.0014729,1.2074,-2.605,2.5179,0.014335,0.92763,-7.8332,0.21673,-0.71104,0.84057,-4.2701,2.6484,1.1995
-0.0028262,-2.0254,5.7721,0.014335,998.16,-16.685,6.1156,-10.896,5.789,-1.4165,-6.158,-1.8067,2.498
-0.019772,17.487,2.2367,0.92763,-16.685,483.66,-58.119,-224.88,291.47,-26.777,-44.825,-168.62,76.701
0.0060066,11.558,1.6527,-7.8332,6.1156,-58.119,556.86,-281.86,-223.75,69.827,-0.76738,34.555,-12.619
-0.014389,3.1317,4.1591,0.21673,-10.896,-224.88,-281.86,556.43,-218.69,-14.735,-12.889,-123.66,42.382
0.005379,-14.352,1.9216,-0.71104,5.789,291.47,-223.75,-218.69,489.84,12.041,31.935,44.962,-34.317
0.037585,4.2016,-49.678,0.84057,-1.4165,-26.777,69.827,-14.735,12.041,641.95,-319.8,-156.31,-64.496
-0.02871,-23.384,12.965,-4.2701,-6.158,-44.825,-0.76738,-12.889,31.935,-319.8,395.9,22.52,-12.756
-0.0047408,-8.8078,12.739,2.6484,-1.8067,-168.62,34.555,-123.66,44.962,-156.31,22.52,512.98,-37.172
-0.029303,18.276,7.8951,1.1995,2.498,76.701,-12.619,42.382,-34.317,-64.496,-12.756,-37.172,66.332
