0.20587,0.10576,-0.17326,0.090373,0.093539,0.14092,0.16976,0.089441,0.052542,0.026263,0.99044,0.10697,0.51296,0.078392,0.71374,0.72051,0.066845,0.5081,-0.39844,0.018166,0.018166,0.018166,0.00061923,0.27089,0.192,-0.18893,0.20136,0.010956,0.17892,0.17784,0.033415,0.19868,0.012608,0.099445,0.98995,0.051956,0.98709,0.099758,0.9969,0.051915,0.013223,-0.43888,0.0093946,0.0093946,0.0093946,0.0021462
0.1278,0.078617,-0.20938,0.081176,0.04695,0.0173,0.076345,0.052047,0.0091679,0.0061447,0.96144,0.01303,0.15981,0.0070585,0.2138,0.21445,0.033472,0.15402,-0.44775,0.0024704,0.0024704,0.0024704,8.7546e-06,0.20534,0.13603,-0.2134,0.14648,0.0002143,0.14353,0.13648,0.0027505,0.14919,0.0019902,0.0029465,0.94985,0.0049395,0.9497,0.0064697,0.98434,0.0048893,0.0020225,-0.46939,-0.0033743,-0.0033743,-0.0033743,6.0939e-05
0.22365,0.14903,-0.076744,0.10913,0.17542,0.20061,0.20203,0.1156,0.12322,0.054319,0.99942,0.27493,0.97667,0.26089,0.98327,0.98681,0.11005,0.97598,-0.17472,0.031925,0.031925,0.031925,0.002258,0.33825,0.26653,-0.13159,0.28077,0.023401,0.19502,0.19468,0.087105,0.28255,0.022034,0.31269,0.99979,0.17511,0.99969,0.3127,0.99999,0.1752,0.02847,-0.41166,0.037301,0.037301,0.037301,0.014062
949.03,-12.796,54.429,1.952,-70.092,-27.074,-51.935,-4.2327,-39.447,-6.7111,-4.6922,53.064,-3.4315,42.187,-16.96,-12.533,18.818,-5.9079,123.29,6.4213,6.4213,6.4213,-0.85266,-26.119,-16.144,19.424,-26.87,-9.4494,-6.5258,-11.143,8.9785,-24.342,-11.25,-33.847,-2.1471,34.298,-8.0242,-31.524,-5.5837,34.319,-13.163,-2.6666,9.3053,9.3053,9.3053,-4.9376
-12.796,972.08,-0.34114,-7.7212,-0.2944,-8.7695,-0.002253,-6.3246,-34.832,15.298,-1.3155,22.982,43.465,-5.5127,64.279,62.131,36.812,41.004,31.441,-3.6781,-3.6781,-3.6781,-0.43965,-35.926,-41.33,8.6524,-41.326,0.58797,-6.0595,-4.3672,-2.3014,-42.25,-1.5822,-31.414,2.5413,-3.75,1.2053,-30.751,-1.2702,-3.3864,-2.2757,-3.0308,-2.3537,-2.3537,-2.3537,-5.0502
54.429,-0.34114,933.89,-6.6601,85.478,27.51,63.063,1.8603,27.805,17.031,5.0463,-50.212,26.278,-53.128,58.49,51.793,-2.0214,27.868,-131.11,-9.8334,-9.8334,-9.8334,0.77776,11.316,-3.2863,-18.15,8.8727,11.546,4.8961,11.386,-12.389,5.4435,12.438,22.948,4.3318,-45.005,10.778,20.537,6.1378,-44.82,14.38,2.5302,-11.724,-11.724,-11.724,3.1134
1.952,-7.7212,-6.6601,996.2,3.6732,2.8016,5.7139,-5.231,-3.4668,3.5886,-1.5965,3.5712,15.238,-5.5899,26.419,26.896,11.384,14.456,-3.5277,-1.9176,-1.9176,-1.9176,-0.077134,-11.355,-15.212,0.89596,-11.094,2.5163,-4.8001,-3.0821,1.1991,-13.115,2.8109,7.3089,-2.0451,3.9448,-2.3543,7.0727,-0.38579,3.9784,2.9905,-2.4279,-5.1975,-5.1975,-5.1975,-1.4573
-70.092,-0.2944,85.478,3.6732,792.32,20.133,-93.595,-25.254,-30.049,-33.498,-17.937,40.188,-58.466,58.202,-10.524,10.892,10.577,-61.538,123.09,23.453,23.453,23.453,-0.90891,14.678,-12.816,-31.928,30.41,-9.752,-13.471,-20.883,33.57,26.608,-14.086,-25.252,-27.37,98.792,-39.089,-23.173,-11.525,98.534,-20.133,-95.002,-38.123,-38.123,-38.123,-4.5662
-27.074,-8.7695,27.51,2.8016,20.133,952.82,-19.577,9.8189,-26.507,3.8743,4.27,36.276,27.467,19.125,-49.057,-54.532,7.8,26.814,92.652,-3.8704,-3.8704,-3.8704,-0.50921,-36.506,-6.1342,43.098,-43.637,-6.3638,-2.3167,-4.6622,-6.1298,-38.163,-5.1567,-22.587,11.337,0.86004,9.7774,-20.886,-1.343,0.85277,-3.9596,50.046,32.801,32.801,32.801,-2.6588
-51.935,-0.002253,63.063,5.7139,-93.595,-19.577,937.61,-5.458,-24.313,-17.347,-7.244,51.827,-13.591,55.036,-53.035,-44.245,6.4406,-15.68,117.68,10.58,10.58,10.58,-0.71425,-3.3832,3.6936,7.7485,0.70076,-11.139,-4.3216,-10.639,16.299,2.7307,-12.564,-19.747,-7.8517,43.701,-14.266,-17.453,-6.1143,43.66,-15.369,-16.629,3.2371,3.2371,3.2371,-3.0467
-4.2327,-6.3246,1.8603,-5.231,-25.254,9.8189,-5.458,983.04,6.5264,-5.1228,-9.2161,30.681,21.377,20.352,27.079,35.34,19.777,18.853,7.9596,0.74107,0.74107,0.74107,-0.22874,-7.1543,-14.791,-4.3184,-0.86746,2.0492,-10.79,-9.0893,16.016,-6.5751,3.575,45.484,-13.729,24.017,-15.906,45.298,-2.2985,24.051,2.8402,-16.06,-15.45,-15.45,-15.45,-2.6096
-39.447,-34.832,27.805,-3.4668,-30.049,-26.507,-24.313,6.5264,924.41,18.652,6.3228,-0.95526,13.081,-26.117,51.175,42.069,29.3,12.323,91.311,0.031361,0.031361,0.031361,-0.7286,-52.307,-53.948,18.655,-64.143,-3.8028,-3.1334,-4.8463,-17.605,-58.627,-9.6117,-118.69,15.608,5.0126,12.032,-116.81,-3.3078,5.2126,-10.633,-3.4495,9.2342,9.2342,9.2342,-6.0096
-6.7111,15.298,17.031,3.5886,-33.498,3.8743,-17.347,-5.1228,18.652,981.92,-4.0689,0.055739,-29.141,14.523,-44.534,-38.075,-17.487,-28.565,17.747,4.6855,4.6855,4.6855,-0.023124,9.7832,13.586,0.37963,18.052,0.04351,-6.8722,-7.9553,10.402,16.188,2.8331,39.386,-9.3842,37.72,-11.766,39.165,-2.505,37.239,3.2194,-4.3272,-4.3475,-4.3475,-4.3475,1.1677
-4.6922,-1.3155,5.0463,-1.5965,-17.937,4.27,-7.244,-9.2161,6.3228,-4.0689,993.52,32.136,11.619,28.072,8.455,14.546,12.164,9.6426,8.1063,1.5976,1.5976,1.5976,-0.14183,4.5262,1.8004,-4.621,7.8348,-1.6363,-2.2437,-2.4333,12.442,5.1813,-1.2247,28.661,-8.7037,5.2798,-9.6411,28.901,-0.90913,5.4532,-2.3457,-9.6654,-6.3832,-6.3832,-6.3832,-1.2405
53.064,22.982,-50.212,3.5712,40.188,36.276,51.827,30.681,-0.95526,0.055739,32.136,694.34,-69.687,-257.87,-56.543,-83.032,-98.849,-54.364,-134.8,-5.1088,-5.1088,-5.1088,1.4363,-16.326,-45.083,-16.821,-12.681,31.478,-16.692,-8.9511,-64.885,-9.8137,33.501,-118.54,27.554,73.569,28.527,-123.63,-0.11501,71.345,41.451,-20.12,-28.495,-28.495,-28.495,10.041
-3.4315,43.465,26.278,15.238,-58.466,27.467,-13.591,21.377,13.081,-29.141,11.619,-69.687,573.43,4.9631,82.957,80.159,-101.18,-418.97,15.634,20,20,20,-0.11297,20.037,46.342,18.47,19.323,-3.892,8.3553,4.1047,-22.052,27.643,-3.8951,8.4518,8.8625,36.461,8.5526,7.4219,-0.32959,34.179,1.9767,34.612,37.327,37.327,37.327,5.7644
42.187,-5.5127,-53.128,-5.5899,58.202,19.125,55.036,20.352,-26.117,14.523,28.072,-257.87,4.9631,752.5,-5.8783,-32.593,-54.001,16.644,-96.332,-11.999,-11.999,-11.999,0.93397,-59.102,-85.135,2.2712,-59.594,32.298,-26.552,-16.186,-60.95,-59.254,34.507,-114.68,26.857,70.277,26.63,-119.1,-1.2885,68.486,42.278,-7.1401,-26.608,-26.608,-26.608,4.2564
-16.96,64.279,58.49,26.419,-10.524,-49.057,-53.035,27.079,51.175,-44.534,8.455,-56.543,82.957,-5.8783,621.34,-378.75,-85.209,89.723,60.744,3.7762,3.7762,3.7762,0.72749,49.907,87.247,17.332,63.964,-5.921,1.7124,-7.0222,2.6665,71.959,2.244,11.05,3.9149,60.28,1.0877,11.712,-2.9009,59.449,3.3551,32.421,21.024,21.024,21.024,10.792
-12.533,62.131,51.793,26.896,10.892,-54.532,-44.245,35.34,42.069,-38.075,14.546,-83.032,80.159,-32.593,-378.75,614.9,-91.763,88.453,53.905,1.3257,1.3257,1.3257,0.82801,41.763,81.526,22.995,51.72,-4.2936,3.6853,-4.5543,-9.5452,62.14,3.2821,-18.346,12.776,51.652,10.973,-17.85,-1.8921,50.733,5.4064,42.901,27.489,27.489,27.489,11.437
18.818,36.812,-2.0214,11.384,10.577,7.8,6.4406,19.777,29.3,-17.487,12.164,-98.849,-101.18,-54.001,-85.209,-91.763,928.1,-94.09,-39.361,3.5459,3.5459,3.5459,0.66725,25.122,34.831,0.82497,29.286,5.0551,2.7063,1.7572,-18.568,33.554,8.0469,-4.5721,8.879,25.439,10.119,-6.1688,0.96168,24.261,11.734,16.035,8.8152,8.8152,8.8152,7.6731
-5.9079,41.004,27.868,14.456,-61.538,26.814,-15.68,18.853,12.323,-28.565,9.6426,-54.364,-418.97,16.644,89.723,88.453,-94.09,587.72,20.938,20.123,20.123,20.123,-0.19001,20.047,46.167,18.081,19.299,-5.103,8.6359,4.2106,-18.416,27.11,-5.313,13.968,6.9717,33.307,6.5341,13.164,-0.41182,31.161,0.053292,33.163,36.94,36.94,36.94,5.0525
123.29,31.441,-131.11,-3.5277,123.09,92.652,117.68,7.9596,91.311,17.747,8.1063,-134.8,15.634,-96.332,60.744,53.905,-39.361,20.938,663.21,-8.4784,-8.4784,-8.4784,2.2998,104.46,51.478,-91.614,107.2,19.108,29.337,37.911,-16.247,100.92,17.727,37.093,0.70442,-105.21,15.492,31.807,14.287,-104.62,18.078,-52.959,-46.452,-46.452,-46.452,13.257
6.4213,-3.6781,-9.8334,-1.9176,23.453,-3.8704,10.58,0.74107,0.031361,4.6855,1.5976,-5.1088,20,-11.999,3.7762,1.3257,3.5459,20.123,-8.4784,996.29,-3.7085,-3.7085,0.045077,-9.8998,-7.5674,6.2561,-11.251,2.4434,-2.1467,-0.60747,-3.6157,-11.612,3.3241,3.6116,2.4789,-4.2268,3.2199,3.3218,0.67045,-4.2244,4.1875,10.658,2.1964,2.1964,2.1964,-0.26463
6.4213,-3.6781,-9.8334,-1.9176,23.453,-3.8704,10.58,0.74107,0.031361,4.6855,1.5976,-5.1088,20,-11.999,3.7762,1.3257,3.5459,20.123,-8.4784,-3.7085,996.29,-3.7085,0.045077,-9.8998,-7.5674,6.2561,-11.251,2.4434,-2.1467,-0.60747,-3.6157,-11.612,3.3241,3.6116,2.4789,-4.2268,3.2199,3.3218,0.67045,-4.2244,4.1875,10.658,2.1964,2.1964,2.1964,-0.26463
6.4213,-3.6781,-9.8334,-1.9176,23.453,-3.8704,10.58,0.74107,0.031361,4.6855,1.5976,-5.1088,20,-11.999,3.7762,1.3257,3.5459,20.123,-8.4784,-3.7085,-3.7085,996.29,0.045077,-9.8998,-7.5674,6.2561,-11.251,2.4434,-2.1467,-0.60747,-3.6157,-11.612,3.3241,3.6116,2.4789,-4.2268,3.2199,3.3218,0.67045,-4.2244,4.1875,10.658,2.1964,2.1964,2.1964,-0.26463
-0.85266,-0.43965,0.77776,-0.077134,-0.90891,-0.50921,-0.71425,-0.22874,-0.7286,-0.023124,-0.14183,1.4363,-0.11297,0.93397,0.72749,0.82801,0.66725,-0.19001,2.2998,0.045077,0.045077,0.045077,999.98,-0.91096,-0.64456,0.60728,-0.94051,-0.12189,-0.25882,-0.28819,0.22134,-0.94911,-0.12329,0.047181,-0.09583,0.63781,-0.20087,0.083926,-0.10146,0.63744,-0.1346,0.25927,0.22186,0.22186,0.22186,-0.14059
-26.119,-35.926,11.316,-11.355,14.678,-36.506,-3.3832,-7.1543,-52.307,9.7832,4.5262,-16.326,20.037,-59.102,49.907,41.763,25.122,20.047,104.46,-9.8998,-9.8998,-9.8998,-0.91096,888.59,-92.884,63.315,-114.6,11.13,-36.976,-30.933,-15.682,-116.59,15.663,-11.959,7.6879,74.451,1.648,-12.125,-6.4606,73.446,20.942,48.083,12.195,12.195,12.195,-8.2814
-16.144,-41.33,-3.2863,-15.212,-12.816,-6.1342,3.6936,-14.791,-53.948,13.586,1.8004,-45.083,46.342,-85.135,87.247,81.526,34.831,46.167,51.478,-7.5674,-7.5674,-7.5674,-0.64456,-92.884,894.61,26.37,-92.938,15.25,-35.59,-28.272,-13.386,-98.391,16.589,-36.708,1.7796,72.897,-4.1754,-37.578,-6.4599,72.208,19.539,-4.9481,-18.719,-18.719,-18.719,-7.9431
19.424,8.6524,-18.15,0.89596,-31.928,43.098,7.7485,-4.3184,18.655,0.37963,-4.621,-16.821,18.47,2.2712,17.332,22.995,0.82497,18.081,-91.614,6.2561,6.2561,6.2561,0.60728,63.315,26.37,938.97,67.12,-1.1873,17.187,15.783,8.893,64.788,-6.3116,-20.063,-8.5897,-34.73,-5.9607,-20.566,2.7464,-33.964,-10.847,-69.987,-33.745,-33.745,-33.745,3.5468
-26.87,-41.326,8.8727,-11.094,30.41,-43.637,0.70076,-0.86746,-64.143,18.052,7.8348,-12.681,19.323,-59.594,63.964,51.72,29.286,19.299,107.2,-11.251,-11.251,-11.251,-0.94051,-114.6,-92.938,67.12,876.61,8.8147,-30.649,-25.228,-22.541,-122.69,11.601,-39.066,14.871,51.575,10.109,-38.795,-5.0419,50.79,16.718,56.741,21.247,21.247,21.247,-8.5643
-9.4494,0.58797,11.546,2.5163,-9.752,-6.3638,-11.139,2.0492,-3.8028,0.04351,-1.6363,31.478,-3.892,32.298,-5.921,-4.2936,5.0551,-5.103,19.108,2.4434,2.4434,2.4434,-0.12189,11.13,15.25,-1.1873,8.8147,993.53,8.0231,5.3889,4.463,10.879,-8.1165,-7.9625,0.38111,-17.977,0.67002,-7.0004,0.53168,-17.643,-9.6072,0.37889,7.4136,7.4136,7.4136,-0.23258
-6.5258,-6.0595,4.8961,-4.8001,-13.471,-2.3167,-4.3216,-10.79,-3.1334,-6.8722,-2.2437,-16.692,8.3553,-26.552,1.7124,3.6853,2.7063,8.6359,29.337,-2.1467,-2.1467,-2.1467,-0.25882,-36.976,-35.59,17.187,-30.649,8.0231,977.67,-18.952,2.1905,-35.097,12.029,30.289,-6.3736,58.15,-10.161,29.502,-4.1568,57.461,14.326,5.1625,-8.7877,-8.7877,-8.7877,-2.5101
-11.143,-4.3672,11.386,-3.0821,-20.883,-4.6622,-10.639,-9.0893,-4.8463,-7.9553,-2.4333,-8.9511,4.1047,-16.186,-7.0222,-4.5543,1.7572,4.2106,37.911,-0.60747,-0.60747,-0.60747,-0.28819,-30.933,-28.272,15.783,-25.228,5.3889,-18.952,983.09,3.3324,-28.551,8.6533,23.153,-5.9035,53.421,-9.7417,22.75,-4.1125,52.826,10.33,3.6178,-6.2275,-6.2275,-6.2275,-2.3066
8.9785,-2.3014,-12.389,1.1991,33.57,-6.1298,16.299,16.016,-17.605,10.402,12.442,-64.885,-22.052,-60.95,2.6665,-9.5452,-18.568,-18.416,-16.247,-3.6157,-3.6157,-3.6157,0.22134,-15.682,-13.386,8.893,-22.541,4.463,2.1905,3.3324,974.75,-18.042,3.3483,-59.866,16.86,-7.8116,18.413,-60.432,1.4668,-8.1571,5.61,15.746,9.6457,9.6457,9.6457,1.5883
-24.342,-42.25,5.4435,-13.115,26.608,-38.163,2.7307,-6.5751,-58.627,16.188,5.1813,-9.8137,27.643,-59.254,71.959,62.14,33.554,27.11,100.92,-11.612,-11.612,-11.612,-0.94911,-116.59,-98.391,64.788,-122.69,10.879,-35.097,-28.551,-18.042,875.67,14.59,-20.076,10.172,61.042,4.916,-20.126,-5.6279,60.213,19.772,51.476,14.516,14.516,14.516,-9.0595
-11.25,-1.5822,12.438,2.8109,-14.086,-5.1567,-12.564,3.575,-9.6117,2.8331,-1.2247,33.501,-3.8951,34.507,2.244,3.2821,8.0469,-5.313,17.727,3.3241,3.3241,3.3241,-0.12329,15.663,16.589,-6.3116,11.601,-8.1165,12.029,8.6533,3.3483,14.59,988.7,-24.784,1.9525,-28.012,2.5745,-23.555,0.95333,-27.504,-13.57,-6.1431,6.9543,6.9543,6.9543,-0.29231
-33.847,-31.414,22.948,7.3089,-25.252,-22.587,-19.747,45.484,-118.69,39.386,28.661,-118.54,8.4518,-114.68,11.05,-18.346,-4.5721,13.968,37.093,3.6116,3.6116,3.6116,0.047181,-11.959,-36.708,-20.063,-39.066,-7.9625,30.289,23.153,-59.866,-20.076,-24.784,677.3,48.534,-59.69,49.258,-320.21,1.3877,-58.955,-28.509,-42.426,10.471,10.471,10.471,0.3372
-2.1471,2.5413,4.3318,-2.0451,-27.37,11.337,-7.8517,-13.729,15.608,-9.3842,-8.7037,27.554,8.8625,26.857,3.9149,12.776,8.879,6.9717,0.70442,2.4789,2.4789,2.4789,-0.09583,7.6879,1.7796,-8.5897,14.871,0.38111,-6.3736,-5.9035,16.86,10.172,1.9525,48.534,986.23,19.765,-15.373,48.365,-1.6865,19.781,0.99834,-16.556,-13.466,-13.466,-13.466,-0.93029
34.298,-3.75,-45.005,3.9448,98.792,0.86004,43.701,24.017,5.0126,37.72,5.2798,73.569,36.461,70.277,60.28,51.652,25.439,33.307,-105.21,-4.2268,-4.2268,-4.2268,0.63781,74.451,72.897,-34.73,51.575,-17.977,58.15,53.421,-7.8116,61.042,-28.012,-59.69,19.765,809.28,32.766,-57.905,13.953,-188.38,-33.305,8.7912,27.929,27.929,27.929,3.9162
-8.0242,1.2053,10.778,-2.3543,-39.089,9.7774,-14.266,-15.906,12.032,-11.766,-9.6411,28.527,8.5526,26.63,1.0877,10.973,10.119,6.5341,15.492,3.2199,3.2199,3.2199,-0.20087,1.648,-4.1754,-5.9607,10.109,0.67002,-10.161,-9.7417,18.413,4.916,2.5745,49.258,-15.373,32.766,981.82,49.175,-2.9142,32.676,1.6663,-18.601,-15.121,-15.121,-15.121,-1.6273
-31.524,-30.751,20.537,7.0727,-23.173,-20.886,-17.453,45.298,-116.81,39.165,28.901,-123.63,7.4219,-119.1,11.712,-17.85,-6.1688,13.164,31.807,3.3218,3.3218,3.3218,0.083926,-12.125,-37.578,-20.566,-38.795,-7.0004,29.502,22.75,-60.432,-20.126,-23.555,-320.21,48.365,-57.905,49.175,682.11,1.436,-57.221,-27.055,-42.602,9.3041,9.3041,9.3041,0.53459
-5.5837,-1.2702,6.1378,-0.38579,-11.525,-1.343,-6.1143,-2.2985,-3.3078,-2.505,-0.90913,-0.11501,-0.32959,-1.2885,-2.9009,-1.8921,0.96168,-0.41182,14.287,0.67045,0.67045,0.67045,-0.10146,-6.4606,-6.4599,2.7464,-5.0419,0.53168,-4.1568,-4.1125,1.4668,-5.6279,0.95333,1.3877,-1.6865,13.953,-2.9142,1.436,998.73,13.831,1.0619,-2.0026,-1.9261,-1.9261,-1.9261,-0.68667
34.319,-3.3864,-44.82,3.9784,98.534,0.85277,43.66,24.051,5.2126,37.239,5.4532,71.345,34.179,68.486,59.449,50.733,24.261,31.161,-104.62,-4.2244,-4.2244,-4.2244,0.63744,73.446,72.208,-33.964,50.79,-17.643,57.461,52.826,-8.1571,60.213,-27.504,-58.955,19.781,-188.38,32.676,-57.221,13.831,813.91,-32.643,9.4498,27.959,27.959,27.959,3.9482
-13.163,-2.2757,14.38,2.9905,-20.133,-3.9596,-15.369,2.8402,-10.633,3.2194,-2.3457,41.451,1.9767,42.278,3.3551,5.4064,11.734,0.053292,18.078,4.1875,4.1875,4.1875,-0.1346,20.942,19.539,-10.847,16.718,-9.6072,14.326,10.33,5.61,19.772,-13.57,-28.509,0.99834,-33.305,1.6663,-27.055,1.0619,-32.643,983.39,-12.249,5.3059,5.3059,5.3059,-0.40611
-2.6666,-3.0308,2.5302,-2.4279,-95.002,50.046,-16.629,-16.06,-3.4495,-4.3272,-9.6654,-20.12,34.612,-7.1401,32.421,42.901,16.035,33.163,-52.959,10.658,10.658,10.658,0.25927,48.083,-4.9481,-69.987,56.741,0.37889,5.1625,3.6178,15.746,51.476,-6.1431,-42.426,-16.556,8.7912,-18.601,-42.602,-2.0026,9.4498,-12.249,893.05,-54.601,-54.601,-54.601,0.39274
9.3053,-2.3537,-11.724,-5.1975,-38.123,32.801,3.2371,-15.45,9.2342,-4.3475,-6.3832,-28.495,37.327,-26.608,21.024,27.489,8.8152,36.94,-46.452,2.1964,2.1964,2.1964,0.22186,12.195,-18.719,-33.745,21.247,7.4136,-8.7877,-6.2275,9.6457,14.516,6.9543,10.471,-13.466,27.929,-15.121,9.3041,-1.9261,27.959,5.3059,-54.601,961.61,-38.387,-38.387,-0.092936
9.3053,-2.3537,-11.724,-5.1975,-38.123,32.801,3.2371,-15.45,9.2342,-4.3475,-6.3832,-28.495,37.327,-26.608,21.024,27.489,8.8152,36.94,-46.452,2.1964,2.1964,2.1964,0.22186,12.195,-18.719,-33.745,21.247,7.4136,-8.7877,-6.2275,9.6457,14.516,6.9543,10.471,-13.466,27.929,-15.121,9.3041,-1.9261,27.959,5.3059,-54.601,-38.387,961.61,-38.387,-0.092936
9.3053,-2.3537,-11.724,-5.1975,-38.123,32.801,3.2371,-15.45,9.2342,-4.3475,-6.3832,-28.495,37.327,-26.608,21.024,27.489,8.8152,36.94,-46.452,2.1964,2.1964,2.1964,0.22186,12.195,-18.719,-33.745,21.247,7.4136,-8.7877,-6.2275,9.6457,14.516,6.9543,10.471,-13.466,27.929,-15.121,9.3041,-1.9261,27.959,5.3059,-54.601,-38.387,-38.387,961.61,-0.092936
-4.9376,-5.0502,3.1134,-1.4573,-4.5662,-2.6588,-3.0467,-2.6096,-6.0096,1.1677,-1.2405,10.041,5.7644,4.2564,10.792,11.437,7.6731,5.0525,13.257,-0.26463,-0.26463,-0.26463,-0.14059,-8.2814,-7.9431,3.5468,-8.5643,-0.23258,-2.5101,-2.3066,1.5883,-9.0595,-0.29231,0.3372,-0.93029,3.9162,-1.6273,0.53459,-0.68667,3.9482,-0.40611,0.39274,-0.092936,-0.092936,-0.092936,998.74
