0.23846,0.13811,0.18602,0.17366,0.037416,0.14159,0.14159,0.027216,0.1695,0.097456,0.19093,0.84398,0.29564,0.68859,0.24934,0.81119,0.29996,0.070962,-0.014902,0.39921,0.39921,0.39921,0.00025099,-0.063309,-85.699,0.11568,-0.047619
0.17238,0.02669,0.082785,0.084596,0.0060062,0.021599,0.023502,0.0005623,0.0074237,0.0011354,0.0085608,0.064961,0.034077,0.065414,0.011859,0.16517,0.0069009,0.0017947,-0.032642,0.18174,0.18174,0.18174,6.9645e-06,-0.12499,-222.46,-0.35135,-0.2902
0.33412,0.22188,0.24981,0.24582,0.13034,0.22242,0.23674,0.085842,0.23118,0.47885,0.99783,0.99991,0.97695,0.99935,0.99649,0.99938,0.98617,0.3368,-0.0017709,0.46502,0.46502,0.46502,0.0012826,0.028527,48.094,0.80159,0.50588
984.04,-13.667,-9.1192,1.2796,14.202,-29.886,-30.917,7.5058,4.4201,27.571,6.7877,-24.033,27.877,-8.5963,25.201,-1.5099,33.707,20.819,-7.1766,-27.639,-27.639,-27.639,-0.086335,16.816,-0.26548,-4.5851,-51.485
-13.667,984.8,-5.5721,2.7874,13.319,-28.884,-29.728,4.9035,7.3913,28.319,-15.023,-1.0008,50.406,-10.835,4.954,-25.134,56.811,17.995,-5.8641,-18.582,-18.582,-18.582,-0.071922,17.121,-0.21891,-4.9566,-31.471
-9.1192,-5.5721,992.87,-0.56695,5.6905,-14.494,-14.821,5.5624,-1.4887,7.254,24.609,-31.541,2.338,-17.172,29.457,8.7043,3.1741,7.1922,-4.1265,-20.148,-20.148,-20.148,-0.047121,8.3115,-0.17388,-7.5941,-33.604
1.2796,2.7874,-0.56695,969.44,1.5983,30.136,24.813,-10.798,-21.139,69.283,16.145,-36.936,-3.7379,-15.36,57.044,-13.635,8.8804,51.492,14.891,28.618,28.618,28.618,-0.052299,-25.797,-0.21442,2.1943,-56.12
14.202,13.319,5.6905,1.5983,979.94,25.992,28.587,-4.2035,-8.5144,-57.567,22.27,2.7078,-24.885,-38.673,-13.069,-7.5215,-38.222,-44.108,4.9982,15.974,15.974,15.974,0.087149,-11.933,-0.14247,-36.32,53.053
-29.886,-28.884,-14.494,30.136,25.992,917.63,-79.681,22.229,29.387,-4.8115,-15.866,1.575,65.759,4.3857,-14.34,0.35497,66.918,-4.2321,-25.997,-71.947,-71.947,-71.947,-0.10774,54.353,-0.14667,-0.77871,-36.204
-30.917,-29.728,-14.821,24.813,28.587,-79.681,921.73,20.419,27.245,14.203,-19.447,-1.8066,66.861,10.59,-6.5641,-0.32225,72.017,9.9565,-23.856,-67.548,-67.548,-67.548,-0.1277,50.693,-0.18084,0.61265,-53.58
7.5058,4.9035,5.5624,-10.798,-4.2035,22.229,20.419,990.9,-6.2303,19.205,-19.52,15.455,-1.7668,8.8612,-8.2323,-14.635,2.3787,11.984,8.9221,27.793,27.793,27.793,0.0075462,-16.544,-0.12034,-13.669,-3.3908
4.4201,7.3913,-1.4887,-21.139,-8.5144,29.387,27.245,-6.2303,977.7,15.457,48.31,-49.233,-16.758,-52.503,56.722,-9.2576,-16.488,12.215,11.129,16.578,16.578,16.578,-0.0015892,-20.226,-0.19818,-12.723,-18.311
27.571,28.319,7.254,69.283,-57.567,-4.8115,14.203,19.205,15.457,681.13,79.624,32.716,-76.225,-111.34,-112.53,28.657,-144.1,-237.06,-22.906,-44.468,-44.468,-44.468,0.31122,29.989,-0.18984,-128.65,229.79
6.7877,-15.023,24.609,16.145,22.27,-15.866,-19.447,-19.52,48.31,79.624,732.51,227.72,80.736,217.47,-215.49,-51.044,108.55,43.943,1.6372,61.736,61.736,61.736,-0.062151,-0.63441,-0.25694,-56.266,-22.956
-24.033,-1.0008,-31.541,-36.936,2.7078,1.575,-1.8066,15.455,-49.233,32.716,227.72,761,-52.692,-169.23,244.85,47.863,-55.4,38.683,1.9024,-59.145,-59.145,-59.145,-0.11724,-2.9205,-0.037409,28.326,-114.55
27.877,50.406,2.338,-3.7379,-24.885,65.759,66.861,-1.7668,-16.758,-76.225,80.736,-52.692,716.88,152.51,19.755,231.68,-298.03,-29.353,4.9295,10.447,10.447,10.447,0.10108,-47.947,-0.1446,-9.6218,-45.668
-8.5963,-10.835,-17.172,-15.36,-38.673,4.3857,10.59,8.8612,-52.503,-111.34,217.47,-169.23,152.51,547.31,161.79,-204.89,115.11,-100.67,6.1995,-34.099,-34.099,-34.099,0.064683,18.498,-0.23191,-114.17,108.45
25.201,4.954,29.457,57.044,-13.069,-14.34,-6.5641,-8.2323,56.722,-112.53,-215.49,244.85,19.755,161.79,719.66,-20.563,6.6818,-97.097,-11.534,36.623,36.623,36.623,0.13539,14.354,-0.25418,-120.75,117.36
-1.5099,-25.134,8.7043,-13.635,-7.5215,0.35497,-0.32225,-14.635,-9.2576,28.657,-51.044,47.863,231.68,-204.89,-20.563,752.15,234.2,-8.5582,14.147,41.652,41.652,41.652,0.0021798,7.5283,-0.13704,-68.808,85.555
33.707,56.811,3.1741,8.8804,-38.222,66.918,72.017,2.3787,-16.488,-144.1,108.55,-55.4,-298.03,115.11,6.6818,234.2,671.96,-79.74,0.9311,0.69258,0.69258,0.69258,0.17053,-42.476,-0.13104,-32.7,6.0495
20.819,17.995,7.1922,51.492,-44.108,-4.2321,9.9565,11.984,12.215,-237.06,43.943,38.683,-29.353,-100.67,-97.097,-8.5582,-79.74,819.53,-15.667,-26.693,-26.693,-26.693,0.22801,23.254,-0.28487,-119.8,177.15
-7.1766,-5.8641,-4.1265,14.891,4.9982,-25.997,-23.856,8.9221,11.129,-22.906,1.6372,1.9024,4.9295,6.1995,-11.534,14.147,0.9311,-15.667,989.67,-26.984,-26.984,-26.984,-0.0088666,18.742,0.11554,2.5881,4.0005
-27.639,-18.582,-20.148,28.618,15.974,-71.947,-67.548,27.793,16.578,-44.468,61.736,-59.145,10.447,-34.099,36.623,41.652,0.69258,-26.693,-26.984,911.65,-88.346,-88.346,-0.070415,50.618,-0.0004582,8.6549,-27.883
-27.639,-18.582,-20.148,28.618,15.974,-71.947,-67.548,27.793,16.578,-44.468,61.736,-59.145,10.447,-34.099,36.623,41.652,0.69258,-26.693,-26.984,-88.346,911.65,-88.346,-0.070415,50.618,-0.0004582,8.6549,-27.883
-27.639,-18.582,-20.148,28.618,15.974,-71.947,-67.548,27.793,16.578,-44.468,61.736,-59.145,10.447,-34.099,36.623,41.652,0.69258,-26.693,-26.984,-88.346,-88.346,911.65,-0.070415,50.618,-0.0004582,8.6549,-27.883
-0.086335,-0.071922,-0.047121,-0.052299,0.087149,-0.10774,-0.1277,0.0075462,-0.0015892,0.31122,-0.062151,-0.11724,0.10108,0.064683,0.13539,0.0021798,0.17053,0.22801,-0.0088666,-0.070415,-0.070415,-0.070415,1000,0.025792,-0.0028823,-0.30533,-0.5864
16.816,17.121,8.3115,-25.797,-11.933,54.353,50.693,-16.544,-20.226,29.989,-0.63441,-2.9205,-47.947,18.498,14.354,7.5283,-42.476,23.254,18.742,50.618,50.618,50.618,0.025792,960.2,-0.11778,-14.592,-17.008
-0.26548,-0.21891,-0.17388,-0.21442,-0.14247,-0.14667,-0.18084,-0.12034,-0.19818,-0.18984,-0.25694,-0.037409,-0.1446,-0.23191,-0.25418,-0.13704,-0.13104,-0.28487,0.11554,-0.0004582,-0.0004582,-0.0004582,-0.0028823,-0.11778,0.0011429,0.3205,-0.36045
-4.5851,-4.9566,-7.5941,2.1943,-36.32,-0.77871,0.61265,-13.669,-12.723,-128.65,-56.266,28.326,-9.6218,-114.17,-120.75,-68.808,-32.7,-119.8,2.5881,8.6549,8.6549,8.6549,-0.30533,-14.592,0.3205,218.05,-302.31
-51.485,-31.471,-33.604,-56.12,53.053,-36.204,-53.58,-3.3908,-18.311,229.79,-22.956,-114.55,-45.668,108.45,117.36,85.555,6.0495,177.15,4.0005,-27.883,-27.883,-27.883,-0.5864,-17.008,-0.36045,-302.31,485.13
