173.94,0.59644,0.77199,0.085978,1.1491,0.090202,0.68248,0.44284,0.047585
42.52,0.12658,0.20392,0.023231,0.59208,0.024633,0.3062,0.17523,0.00067595
315.24,0.99398,0.97647,0.16767,1.5399,0.21741,1.1041,0.6764,0.083732
0.00051832,0.09427,0.075657,0.37407,0.031221,2.3512,-0.46074,-0.30099,-1.8269
0.09427,41.809,19.314,274.84,-4.6945,705.33,-145.15,-99.419,-614.07
0.075657,19.314,46.467,224.52,4.0362,435.46,-98.348,-69.386,-303.95
0.37407,274.84,224.52,6246.2,-461.88,6024.1,-1245.4,-865.16,-6257.6
0.031221,-4.6945,4.0362,-461.88,101.14,127.78,-66.437,-40.888,157.3
2.3512,705.33,435.46,6024.1,127.78,19405,-4113.8,-2558.8,-16532
-0.46074,-145.15,-98.348,-1245.4,-66.437,-4113.8,953.42,504.77,3206.5
-0.30099,-99.419,-69.386,-865.16,-40.888,-2558.8,504.77,504.2,2473.9
-1.8269,-614.07,-303.95,-6257.6,157.3,-16532,3206.5,2473.9,17832
