225.15,0.48019,0.68578,0.57511,0.013765,0.4391,0.90235,1.0915,0.65235,0.073602
100.23,0.31618,0.53333,0.43141,0.011831,0.41485,0.85502,1.0399,0.62456,0.058524
346.55,0.84793,0.85098,0.73276,0.015268,0.46939,0.96456,1.1317,0.69006,0.087951
0.00023005,0.032039,-0.028667,0.097121,0.011141,0.065342,-0.024938,0.072322,0.0069908,0.096652
0.032039,70.022,-11.775,17.937,-1.5813,36.811,101.18,98.994,62.185,-15.671
-0.028667,-11.775,112.15,-49.014,-2.4587,13.12,37.205,61.846,48.721,18.703
0.097121,17.937,-49.014,169.84,0.97408,66.63,-15.696,100.97,34.338,20.726
0.011141,-1.5813,-2.4587,0.97408,999.8,-3.5575,3.282,-0.45468,3.1034,0.92447
0.065342,36.811,13.12,66.63,-3.5575,864.66,128.3,-54.367,80.989,-8.9633
-0.024938,101.18,37.205,-15.696,3.282,128.3,698.13,82.748,-45.562,24.474
0.072322,98.994,61.846,100.97,-0.45468,-54.367,82.748,941.87,-3.7602,-12.86
0.0069908,62.185,48.721,34.338,3.1034,80.989,-45.562,-3.7602,915.24,-3.8976
0.096652,-15.671,18.703,20.726,0.92447,-8.9633,24.474,-12.86,-3.8976,983.88
