734.62,725.74,-84.583,-382.15,342.14,342.14,342.14,174.58,-229.36
659.32,658.98,-186.21,-490.9,322.45,322.45,322.45,61.946,-489.51
839.08,837.79,-21.003,-190.96,380.77,380.77,380.77,388.71,121.85
0.92223,-0.072444,0.042951,0.16457,0.033656,0.033656,0.033656,-0.12673,-0.13449
-0.072444,0.92899,0.017121,0.12016,0.02507,0.02507,0.02507,-0.12855,-0.16605
0.042951,0.017121,0.8277,-0.30599,-0.059358,-0.059358,-0.059358,0.0018299,-0.19044
0.16457,0.12016,-0.30599,0.34036,-0.13024,-0.13024,-0.13024,0.16949,-0.098655
0.033656,0.02507,-0.059358,-0.13024,0.97425,-0.025752,-0.025752,0.036141,-0.014438
0.033656,0.02507,-0.059358,-0.13024,-0.025752,0.97425,-0.025752,0.036141,-0.014438
0.033656,0.02507,-0.059358,-0.13024,-0.025752,-0.025752,0.97425,0.036141,-0.014438
-0.12673,-0.12855,0.0018299,0.16949,0.036141,0.036141,0.036141,0.76221,-0.3406
-0.13449,-0.16605,-0.19044,-0.098655,-0.014438,-0.014438,-0.014438,-0.3406,0.2958
22.492,22.492,22.492,22.492,22.492,22.492,22.492,22.492,22.492
