207.32,0.57802,0.79804,0.98072,0.00025777,0.073171,0.61951,0.6568,0.58363,0.085186,0.26026,0.1083,0.98702
38.824,0.11644,0.57255,0.64827,3.4997e-05,0.050809,0.45352,0.48225,0.43015,0.033159,0.13658,0.066268,0.95948
334.82,0.91463,0.96471,1.5118,0.0013567,0.16116,0.79151,0.82008,0.7658,0.17689,0.37917,0.16193,0.99956
0.00021568,-0.019606,-0.072518,-0.0053884,0.0025624,-0.051078,-0.20002,0.0039254,0.055036,0.25902,-0.19601,0.15627,0.35058
-0.019606,25.018,-15.127,-13.631,-0.57043,23.654,69.183,-11.939,-35.591,76.922,-35.673,-49.638,31.228
-0.072518,-15.127,161.78,14.771,-1.0686,-52.247,160.59,-53.294,-1.0409,-404,261.72,-81.1,79.289
-0.0053884,-13.631,14.771,31.224,-0.48522,-54.642,-15.734,-9.0048,45.638,-139.06,51.719,19.947,-221.62
0.0025624,-0.57043,-1.0686,-0.48522,9999,-70.968,-7.1268,-32.967,38,0.48005,-1.2912,1.2503,19.76
-0.051078,23.654,-52.247,-54.642,-70.968,4615.4,-466.86,-2445.4,2939.1,-429.4,-103.77,-42.184,1561
-0.20002,69.183,160.59,-15.734,-7.1268,-466.86,6645.5,-3448.4,-2981.5,-34.349,251.84,98.688,63.601
0.0039254,-11.939,-53.294,-9.0048,-32.967,-2445.4,-3448.4,5561.9,-1992.7,-269.07,-187.4,-276.04,469.44
0.055036,-35.591,-1.0409,45.638,38,2939.1,-2981.5,-1992.7,5068.2,160.4,-83.685,-233.79,-1091.6
0.25902,76.922,-404,-139.06,0.48005,-429.4,-34.349,-269.07,160.4,5694,-2237,-3015,429.15
-0.19601,-35.673,261.72,51.719,-1.2912,-103.77,251.84,-187.4,-83.685,-2237,1252.6,1094.2,-48.815
0.15627,-49.638,-81.1,19.947,1.2503,-42.184,98.688,-276.04,-233.79,-3015,1094.2,3839.7,-421.34
0.35058,31.228,79.289,-221.62,19.76,1561,63.601,469.44,-1091.6,429.15,-48.815,-421.34,9281
