0.78236,0.78163,-0.014901,-0.4421,0.43697,0.43697,0.43697,0.45982
0.34941,0.34711,-0.040331,-0.45827,0.4231,0.4231,0.4231,0.014682
1.1306,1.1305,0.012717,-0.42592,0.47325,0.47325,0.47325,0.97642
5105.2,-4917.9,277.79,-225.79,-72.28,-72.28,-72.28,-148.06
-4917.9,5057.3,241.62,-300.6,-111.85,-111.85,-111.85,-130.24
277.79,241.62,8937.3,-1378.1,-1177.1,-1177.1,-1177.1,-896.42
-225.79,-300.6,-1378.1,5017.8,162.88,162.88,162.88,496.43
-72.28,-111.85,-1177.1,162.88,7113.7,-2886.3,-2886.3,200.68
-72.28,-111.85,-1177.1,162.88,-2886.3,7113.7,-2886.3,200.68
-72.28,-111.85,-1177.1,162.88,-2886.3,-2886.3,7113.7,200.68
-148.06,-130.24,-896.42,496.43,200.68,200.68,200.68,269.37
