163.71,0.51281,0.77941,0.24414,0.00029481,0.12268,0.76891,0.82651,0.70382,0.69868,1.3286,0.16869,0.99457
86.027,0.2809,0.66667,0.22205,0.00022325,0.096003,0.70878,0.77481,0.63334,0.48665,0.92037,0.14355,0.99076
281.25,0.876,0.98039,0.27393,0.0003798,0.14522,0.83757,0.88389,0.77585,0.93203,1.842,0.2055,0.99779
0.0013672,-0.0091323,0.315,-0.4848,-0.00036585,-0.24524,0.26735,0.26762,0.51286,0.25327,-0.022141,0.29092,0.023894
-0.0091323,410.64,-318.37,-16.307,-0.021427,-68.248,85.318,82.834,151.08,-299.15,-4.8435,-28.263,4.093
0.315,-318.37,788.92,1.901,-0.03188,-37.947,65.689,60.402,98.349,-105.18,178.71,-21.56,2.9858
-0.4848,-16.307,1.901,996.61,0.0049692,-1.5928,-3.008,-1.9962,-0.40339,-23.732,-49.805,0.94168,-0.098965
-0.00036585,-0.021427,-0.03188,0.0049692,1000,-0.0030419,0.013281,0.011142,0.014184,0.018425,0.093997,-0.0042951,0.00055119
-0.24524,-68.248,-37.947,-1.5928,-0.0030419,992.07,10.421,10.024,17.957,-33.084,4.4456,-3.4465,0.49537
0.26735,85.318,65.689,-3.008,0.013281,10.421,977.82,-19.839,-30.26,15.024,-90.198,7.2455,-0.98092
0.26762,82.834,60.402,-1.9962,0.011142,10.024,-19.839,982.09,-27.935,19.455,-71.924,6.4915,-0.8855
0.51286,151.08,98.349,-0.40339,0.014184,17.957,-30.26,-27.935,954.11,52.54,-76.369,9.938,-1.3809
0.25327,-299.15,-105.18,-23.732,0.018425,-33.084,15.024,19.455,52.54,766.74,-264.12,-5.2664,0.95958
-0.022141,-4.8435,178.71,-49.805,0.093997,4.4456,-90.198,-71.924,-76.369,-264.12,158.99,28.949,-3.5596
0.29092,-28.263,-21.56,0.94168,-0.0042951,-3.4465,7.2455,6.4915,9.938,-5.2664,28.949,997.63,0.32096
0.023894,4.093,2.9858,-0.098965,0.00055119,0.49537,-0.98092,-0.8855,-1.3809,0.95958,-3.5596,0.32096,999.96
