203.16,0.73062,0.71765,0.029606,0.70476,0.21417,1.0119,0.32022,0.062688
19.737,0.34389,0.37647,0.015553,0.44561,0.028772,0.26114,0.24585,0.007668
320,0.90116,0.9451,0.045022,1.0184,0.33353,1.6458,0.41511,0.16886
0.00085296,0.018689,-0.092371,45.766,-1.2458,-0.17617,0.024027,-4.2961,1.946
0.018689,163.26,-119.42,2046.5,211.6,414.17,-169.49,-475.46,338.04
-0.092371,-119.42,199.55,-2817,-251.44,-640.98,243.58,697.39,-163.22
45.766,2046.5,-2817,3.2591e+06,-94734,-34302,8520.1,-3.0377e+05,1.4237e+05
-1.2458,211.6,-251.44,-94734,3486.1,2289.8,-745.03,7884,-4018.9
-0.17617,414.17,-640.98,-34302,2289.8,4810.4,-1382.3,597.24,-3583.9
0.024027,-169.49,243.58,8520.1,-745.03,-1382.3,448.87,-3.8827,687.15
-4.2961,-475.46,697.39,-3.0377e+05,7884,597.24,-3.8827,30479,-11798
1.946,338.04,-163.22,1.4237e+05,-4018.9,-3583.9,687.15,-11798,10177
