192.46,0.46493,0.69216,1.1271,0.018185,0.45465,0.60077,0.86107,0.40642,0.20319
95.821,0.28111,0.57255,0.39112,0.010563,0.35094,0.48621,0.67843,0.32749,0.050427
352.21,0.68667,0.8549,1.8527,0.02748,0.55975,0.80131,1.0354,0.53896,0.322
0.00017657,0.035752,-0.026485,-0.020406,-0.01669,0.077987,-0.096219,0.071966,-0.006029,0.02094
0.035752,126.56,66.621,-23.683,-1.1024,76.182,-6.4737,40.307,-35.869,53.889
-0.026485,66.621,138.65,-9.5544,3.6039,-15.173,49.486,-7.6286,7.5472,43.885
-0.020406,-23.683,-9.5544,17.545,-5.0536,-51.495,-5.7395,-22.455,29.04,-29.794
-0.01669,-1.1024,3.6039,-5.0536,996.29,-16.996,2.5546,-13.754,3.2413,-7.1307
0.077987,76.182,-15.173,-51.495,-16.996,640.12,-8.4308,-241.73,118.14,31.568
-0.096219,-6.4737,49.486,-5.7395,2.5546,-8.4308,384.29,-153.73,-145.3,133.47
0.071966,40.307,-7.6286,-22.455,-13.754,-241.73,-153.73,468.31,-289.96,6.1057
-0.006029,-35.869,7.5472,29.04,3.2413,118.14,-145.3,-289.96,591.9,-25.465
0.02094,53.889,43.885,-29.794,-7.1307,31.568,133.47,6.1057,-25.465,258.37
