1045.3,1029.4,145.1,-1171.9,1365,1365,1365,16.149,281.99
817.71,784.69,25.31,-1363.1,1288.2,1288.2,1288.2,0.017267,100.59
1292.7,1292.5,230.03,-790.97,1431.4,1431.4,1431.4,64.407,583.8
0.67688,-0.34763,0.15932,-0.12662,-0.046486,-0.046486,-0.046486,-0.040996,-0.21974
-0.34763,0.62584,0.17238,-0.14515,-0.052864,-0.052864,-0.052864,-0.043629,-0.22857
0.15932,0.17238,0.89894,0.044341,0.10095,0.10095,0.10095,0.02587,0.050322
-0.12662,-0.14515,0.044341,0.17489,0.087501,0.087501,0.087501,0.045142,0.28323
-0.046486,-0.052864,0.10095,0.087501,0.72029,-0.27971,-0.27971,-0.028714,0.1461
-0.046486,-0.052864,0.10095,0.087501,-0.27971,0.72029,-0.27971,-0.028714,0.1461
-0.046486,-0.052864,0.10095,0.087501,-0.27971,-0.27971,0.72029,-0.028714,0.1461
-0.040996,-0.043629,0.02587,0.045142,-0.028714,-0.028714,-0.028714,0.98916,-0.044267
-0.21974,-0.22857,0.050322,0.28323,0.1461,0.1461,0.1461,-0.044267,0.47352
32.493,32.493,32.493,32.493,32.493,32.493,32.493,32.493,32.493
