750.78,264.22,161.75,578.89,8.9349,353.08,997.62,1167.1,813.98,30.208,246.76,173.79,100.15
0,35.714,19.608,196.47,6.1651,302.4,818.05,1011.6,642.49,4.264,159.15,62.401,0.30432
1372.8,636.36,866.67,3311.3,17.349,536.18,1332.4,1532.8,1162.2,108.06,448.16,257.92,300.3
4.7007e-06,-1.0564e-06,-2.9746e-07,-2.0378e-07,-0.00027204,6.9449e-06,1.5977e-06,8.8716e-07,-4.9505e-06,5.8664e-05,-1.6881e-05,1.5119e-05,-7.4095e-06
-1.0564e-06,6.8329e-05,-5.5693e-06,1.7364e-06,0.0012012,-4.0112e-05,-6.4069e-05,-2.7355e-06,3.6946e-05,0.00026099,-3.2164e-05,5.2685e-05,-4.4107e-05
-2.9746e-07,-5.5693e-06,5.1811e-05,6.6032e-07,-2.6365e-05,-3.9059e-05,-0.00011017,3.9796e-05,7.5868e-05,0.00023345,-3.6205e-05,4.5288e-05,-8.288e-06
-2.0378e-07,1.7364e-06,6.6032e-07,2.6215e-06,0.0001761,-8.9183e-06,-5.8415e-06,-1.6887e-06,8.2036e-06,1.5e-05,1.764e-06,1.3306e-06,-2.6851e-06
-0.00027204,0.0012012,-2.6365e-05,0.0001761,0.37495,-0.0088316,-0.0002888,-0.0041025,0.0047486,0.021714,-0.0025466,-0.0054203,-0.0025795
6.9449e-06,-4.0112e-05,-3.9059e-05,-8.9183e-06,-0.0088316,0.33404,3.1225e-06,-0.33299,0.33298,-0.0018971,3.5223e-05,-9.43e-06,0.00013514
1.5977e-06,-6.4069e-05,-0.00011017,-5.8415e-06,-0.0002888,3.1225e-06,0.0064033,-0.0031036,-0.0031019,-0.003,0.00021663,-0.0010357,0.00064218
8.8716e-07,-2.7355e-06,3.9796e-05,-1.6887e-06,-0.0041025,-0.33299,-0.0031036,0.33503,-0.33198,0.00058578,-0.00011337,0.00048137,-0.00024807
-4.9505e-06,3.6946e-05,7.5868e-05,8.2036e-06,0.0047486,0.33298,-0.0031019,-0.33198,0.33503,0.0024289,-0.00016388,0.00050498,-0.00038566
5.8664e-05,0.00026099,0.00023345,1.5e-05,0.021714,-0.0018971,-0.003,0.00058578,0.0024289,0.025048,-0.0041858,0.00027473,-0.0024268
-1.6881e-05,-3.2164e-05,-3.6205e-05,1.764e-06,-0.0025466,3.5223e-05,0.00021663,-0.00011337,-0.00016388,-0.0041858,0.0014332,-0.00038366,0.00034776
1.5119e-05,5.2685e-05,4.5288e-05,1.3306e-06,-0.0054203,-9.43e-06,-0.0010357,0.00048137,0.00050498,0.00027473,-0.00038366,0.0016502,-0.00020539
-7.4095e-06,-4.4107e-05,-8.288e-06,-2.6851e-06,-0.0025795,0.00013514,0.00064218,-0.00024807,-0.00038566,-0.0024268,0.00034776,-0.00020539,0.00054966
95.306,95.306,95.306,95.306,95.306,95.306,95.306,95.306,95.306,95.306,95.306,95.306,95.306
