315.32,295.78,95.249,94.379,138.75,245.94,62.853,171.57,237.13,954.79,202.51,24.05,202.02,928.38,170.57,34.363,165.83,972.53,34.499,156.59,156.59,156.59,4.8563,-77.052,6504.1,-133.87,645.32,381.96,373.75,-39.027,43.285,83.684,357.67,66.441,35.253,366.94,204.19,949.78,73.157,926.64,186.59,220.46,202.01,113.64,962.38,-378.91,139.24,139.24,139.24,7.7332,-64.288,-82669,-71.291,356.86,603.65,553.08,-231.13,513.07,26.632,305.81,255.84,130.71,521.07,35.072,66.404,994.7,501.84,813.48,51.365,815.21,497.82,59.474,-536.85,47.619,47.619,47.619,64.764,-371.84,-92067,78.432,14.815
157.57,126.97,70.551,67.299,70.058,85.024,7.2998,68.694,82.28,737.68,18.409,1.356,20.837,737.63,12.374,3.4357,11.965,858.74,4.5801,128.57,128.57,128.57,0.44179,-185.05,-3.41e+05,-390.16,549.02,74.639,62.285,-143.18,7.5722,2.5243,19.967,24.545,10.277,20.558,15.548,739.67,2.2602,706.46,5.9175,43.338,38.231,30.502,876.53,-620.36,89.516,89.516,89.516,0.044969,-186.26,-3.3909e+05,-365.43,227.45,459.34,395.31,-317.25,346.51,0.23542,239,147.98,25.855,336.15,3.2958,0.67054,971.99,34.444,483.36,3.8657,482.02,34.123,20.826,-695.54,-83.544,-83.544,-83.544,34.511,-489.48,-3.13e+05,-270.83,-113.73
650.13,644.65,130.66,136.88,211.47,636.97,100.54,276.66,599.55,999.67,675.03,56.192,674.4,998.01,510.02,78.215,512.33,999.92,72.092,220.49,220.49,220.49,14.301,9.6808,3.45e+05,-55.21,737.25,752.9,751.24,46.861,147.97,174.23,745.59,140.96,78.966,750.04,672.91,998.08,254.5,988.39,646.4,461.75,445.88,267.32,998.79,-236.88,217.3,217.3,217.3,47.023,67.341,3.54e+05,59.829,450.98,705.17,690.17,-128.79,659.91,41.77,371.4,351.48,231.8,650.67,73.3,228.64,999.69,873.09,999.37,160.4,998.8,875.42,171.76,-274.21,107.26,107.26,107.26,136.71,-223.35,51429,202.8,109.8
0.85072,-0.15625,-0.0004267,0.0088611,-0.013098,-0.16389,0.007116,-0.025244,-0.16959,-0.014149,-0.014165,-0.0060844,-0.016688,0.015007,-0.079162,-0.0079286,-0.078825,0.029334,-0.0067937,0.0016743,0.0016743,0.0016743,0.0010934,0.016153,-6.7181e-05,0.050582,0.018974,0.005153,0.012753,0.036463,-0.0072787,-0.027168,0.023174,-0.021614,-0.0071622,0.019867,-0.011509,-0.016887,0.014523,-0.022136,-0.023884,0.032888,0.029967,0.027029,-0.0093193,0.065206,0.0047476,0.0047476,0.0047476,0.00080431,0.0019578,2.3959e-05,0.04692,0.0065526,-0.014762,-0.02292,-0.027688,-0.022224,0.0087766,0.0097571,0.01647,0.022983,-0.029092,-0.002724,0.017752,-0.00098724,0.0023836,0.0039563,-0.013124,0.0041571,0.0001357,0.019211,-0.073677,0.0045707,0.0045707,0.0045707,-0.0094376,0.022338,9.7085e-06,0.042914,0.031298
-0.15625,0.83515,0.0016789,0.010794,-0.016631,-0.17098,0.0074612,-0.024541,-0.17831,-0.018379,-0.0057211,-0.0066505,-0.0079185,0.010836,-0.084596,-0.010753,-0.084241,0.029457,-0.0055912,0.0047871,0.0047871,0.0047871,0.0014353,0.017717,-9.4001e-06,0.062017,0.014772,0.0030308,0.010213,0.035676,-0.0072364,-0.029463,0.020817,-0.020836,-0.005455,0.016626,-0.0027361,-0.020811,0.0087914,-0.025681,-0.015103,0.028178,0.025207,0.023681,-0.0079851,0.063411,0.0057293,0.0057293,0.0057293,0.0023083,0.00010646,-3.2887e-05,0.061071,0.0050775,-0.017267,-0.024306,-0.024793,-0.023654,0.0097028,0.0073563,0.015867,0.024977,-0.032343,-0.0027472,0.012883,-0.00064158,0.0029,0.0012375,-0.016299,0.0012268,0.00096868,0.017073,-0.07612,0.0085714,0.0085714,0.0085714,-0.011798,0.018281,4.8468e-05,0.056892,0.037966
-0.0004267,0.0016789,0.99632,-0.0029671,0.0049097,-0.0010444,-0.00070723,-0.0015268,-0.00023652,0.0061475,-0.014531,9.3793e-05,-0.015202,0.0078801,0.0036681,0.0032578,0.0037785,0.001681,-0.0027929,-0.0050846,-0.0050846,-0.0050846,-0.00055732,-0.0025082,-0.00014563,-0.012249,0.007348,0.0084045,0.0096584,0.0026185,0.0012241,0.00066837,0.010045,-0.0021544,-0.0029363,0.011249,-0.015028,0.0049829,0.012572,0.0050535,-0.015967,0.0077045,0.0074585,0.009387,-0.0026433,0.0089729,-0.0023401,-0.0023401,-0.0023401,-0.0019566,-0.00019408,9.8166e-05,-0.015664,-0.00075944,0.001392,-0.00057916,-0.0055605,-0.0011491,-0.0014528,0.004688,0.0020027,-0.0024202,0.001829,-3.7783e-05,0.011598,-0.0010132,5.0889e-05,0.0051275,0.0060393,0.005702,-0.00095995,0.0064363,0.0021816,-0.0081802,-0.0081802,-0.0081802,0.0025355,0.0088958,-6.9702e-05,-0.018002,-0.011084
0.0088611,0.010794,-0.0029671,0.99641,0.0050318,0.0096658,-0.0019456,0.0038491,0.0079757,0.0064866,-0.010574,0.00019026,-0.010865,0.0048907,0.01094,0.0018251,0.011212,-0.0016031,-0.0018585,-0.0040068,-0.0040068,-0.0040068,-0.00060777,-0.0060914,-2.7665e-05,-0.0070767,0.0029,0.010302,0.010647,-0.0030296,0.0051343,0.00042461,0.0098822,0.0011261,-0.00096259,0.011117,-0.011462,0.0049228,0.012996,0.0069356,-0.0118,-0.00021863,-0.00032061,0.0090963,-0.001429,0.0037252,-0.0038556,-0.0038556,-0.0038556,-0.00092134,-0.0069585,9.9963e-06,-0.0070395,-0.0079153,-0.0015838,-0.0017653,-0.00010719,-0.0036475,-0.0026334,0.0030288,-0.00026822,-0.0045716,0.00018205,0.00085326,0.011914,-0.0014191,0.0024485,0.0035245,0.0088499,0.0043208,0.0012058,0.0067944,0.013377,-0.0099416,-0.0099416,-0.0099416,0.0011956,0.0044816,-3.1426e-05,-0.01163,-0.01374
-0.013098,-0.016631,0.0049097,0.0050318,0.98612,-0.0090163,0.0038112,-0.0060802,-0.01038,-0.0067631,0.011949,-0.0034439,0.013581,-0.005452,-0.023521,-0.0096088,-0.023075,0.0016362,0.00088631,0.0064731,0.0064731,0.0064731,0.00071365,0.014755,0.00014666,0.021755,-0.0096364,0.0086425,0.0075834,0.0032358,-0.0064722,-0.0002852,0.008413,0.0018786,0.0024403,0.0058402,0.013555,-0.0042527,-0.02882,-0.0015518,0.018834,-0.022641,-0.020287,-0.026161,0.0095883,0.0041899,0.0011249,0.0011249,0.0011249,0.0052372,0.012551,-0.00024179,0.028427,0.0089263,0.01175,0.016148,0.0075685,0.02017,0.0030429,-0.0096744,-0.00318,0.012201,0.011453,-0.0041608,-0.023292,0.0024684,0.018341,-0.017789,-0.015291,-0.018969,0.020648,-0.015342,-0.012534,0.015239,0.015239,0.015239,-0.0020652,-0.0032201,0.00015355,0.03049,0.020792
-0.16389,-0.17098,-0.0010444,0.0096658,-0.0090163,0.81589,0.0063485,-0.026788,-0.18776,-0.018252,-0.010674,-0.0044612,-0.014387,0.014533,-0.081186,-0.0034133,-0.08149,0.032753,-0.0062238,0.0013051,0.0013051,0.0013051,0.0012995,0.0129,-0.00016696,0.046853,0.024324,-0.0093669,-0.00053684,0.040058,-0.0081978,-0.030654,0.011205,-0.026179,-0.0084446,0.0081278,-0.0080641,-0.021627,0.024552,-0.031357,-0.025331,0.053676,0.048439,0.041096,-0.016054,0.063935,0.0084159,0.0084159,0.0084159,-0.0020013,-0.0013445,9.6202e-05,0.037879,0.0076384,-0.024699,-0.03679,-0.035777,-0.037377,0.0099167,0.014983,0.021161,0.019633,-0.042178,-0.00077208,0.025217,-0.0015574,-0.017091,0.015966,-0.01161,0.016306,-0.020084,0.025887,-0.084779,0.0034926,0.0034926,0.0034926,-0.010314,0.023045,-4.8153e-05,0.035365,0.031564
0.007116,0.0074612,-0.00070723,-0.0019456,0.0038112,0.0063485,0.99517,0.0067341,0.0038687,-0.0027451,0.013093,-0.00031354,0.012977,-0.0049282,0.0072441,0.00063766,0.0070631,-0.0021525,-9.7755e-05,-0.00024524,-0.00024524,-0.00024524,-0.00024595,-0.0057304,-9.6563e-05,-0.00012862,-0.0046518,0.013508,0.013371,-0.0081662,0.0056048,-0.002793,0.012994,0.0027992,0.0019647,0.013139,0.01234,-0.0041561,0.0088213,-0.0020535,0.011772,-0.00058484,-0.0026385,0.010932,-0.0011888,-0.0064438,-0.0017315,-0.0017315,-0.0017315,0.00023406,-0.01354,0.00011796,0.0016125,-0.012492,-0.0099351,-0.0094859,0.0034717,-0.012598,-0.0025872,0.0015532,0.00094192,-0.0099406,-0.0092788,0.0011086,0.008592,-0.0013164,-0.017389,0.011688,0.0081469,0.012444,-0.018483,0.0050651,0.014696,-0.0072119,-0.0072119,-0.0072119,-0.0014847,0.0025525,-4.6282e-05,-0.007745,-0.014831
-0.025244,-0.024541,-0.0015268,0.0038491,-0.0060802,-0.026788,0.0067341,0.97153,-0.012506,-0.0026555,-0.010539,-0.002085,-0.011008,0.010423,-0.038645,0.0035794,-0.039299,0.013047,-0.004147,-0.0032806,-0.0032806,-0.0032806,0.00031794,0.026557,0.00012703,-0.029216,0.014139,0.0034171,0.0063326,0.024682,-0.024085,0.0073789,0.011144,-0.011898,-0.0080913,0.01012,-0.0080125,0.0015698,-0.022903,-0.0052903,-0.0043599,0.021092,0.022224,-0.020201,0.0021235,0.01914,0.0070135,0.0070135,0.0070135,-0.0024104,0.045008,-0.00022252,-0.043397,0.043093,0.028422,0.023234,-0.019245,0.032874,0.0057808,0.0012652,0.0074394,0.012819,0.024478,-0.0077486,-0.018773,0.0038793,-0.0046667,-0.00091937,-0.020968,-0.0027852,-0.0015426,-0.015861,-0.051336,0.016418,0.016418,0.016418,0.0089463,0.021847,3.8349e-05,-0.031721,0.015784
-0.16959,-0.17831,-0.00023652,0.0079757,-0.01038,-0.18776,0.0038687,-0.012506,0.7962,-0.015574,-0.011609,-0.0057788,-0.014745,0.012537,-0.071345,-0.010703,-0.070612,0.028302,-0.0059393,0.0033522,0.0033522,0.0033522,0.0010789,0.0010471,-0.00015011,0.078911,0.016025,0.0029885,0.010839,0.029345,0.0072042,-0.03898,0.020777,-0.019846,-0.0040975,0.017628,-0.010128,-0.022096,0.037283,-0.024807,-0.028899,0.031757,0.026853,0.051237,-0.01465,0.068472,0.0014879,0.0014879,0.0014879,0.0017347,-0.028543,0.00011177,0.08228,-0.020815,-0.039054,-0.04672,-0.023655,-0.052697,0.0068748,0.01298,0.016597,0.018407,-0.054596,0.0021985,0.037853,-0.0041,0.0016295,0.00903,-0.00073094,0.010656,-0.0035477,0.036633,-0.057961,-0.0069949,-0.0069949,-0.0069949,-0.017359,0.014623,9.0118e-05,0.069231,0.025856
-0.014149,-0.018379,0.0061475,0.0064866,-0.0067631,-0.018252,-0.0027451,-0.0026555,-0.015574,0.97728,0.050406,-0.0012479,0.050801,-0.020233,-0.021551,-0.0024887,-0.022773,0.0025373,0.0040656,0.0094028,0.0094028,0.0094028,0.001201,0.0097409,-0.00013635,0.012116,-0.013393,-0.0027349,-0.0033491,-0.0027788,-0.007469,-0.0049037,-0.0011786,-7.2025e-05,0.0046574,-0.0042754,0.051768,-0.020481,-0.021261,-0.023433,0.052003,0.004668,0.0011925,-0.0064675,0.0014818,-0.019047,0.0084308,0.0084308,0.0084308,0.0021657,0.0011094,-1.9652e-06,0.012261,0.0055163,-0.0096878,-0.0095567,0.0028459,-0.008735,0.0031684,-0.0045194,0.0039877,-0.0045826,-0.013915,-0.0013992,-0.018353,0.0019568,-0.04099,0.013115,-0.011681,0.012093,-0.039224,-0.010999,-0.017312,0.015578,0.015578,0.015578,-0.0042151,-0.0032803,0.00017962,0.0093159,0.011164
-0.014165,-0.0057211,-0.014531,-0.010574,0.011949,-0.010674,0.013093,-0.010539,-0.011609,0.050406,0.86649,0.0031361,-0.13572,0.056501,0.022383,0.0078502,0.024915,0.0058122,-0.010838,-0.022402,-0.022402,-0.022402,-0.0021859,-0.01264,0.00022885,-0.027277,0.045773,-0.01699,-0.012734,0.027653,0.0061436,0.0083464,-0.013947,-0.011666,-0.016428,-0.0073474,-0.13514,0.046298,0.047477,0.045741,-0.14033,0.014201,0.022421,0.016068,-0.0086089,0.064489,-0.0134,-0.0134,-0.0134,-0.0077065,0.016152,-0.00023179,-0.036266,0.0084977,0.027439,0.021503,-0.024071,0.023415,-0.00156,0.014852,-0.0028596,0.024328,0.031301,0.0019621,0.040114,-0.0032486,0.099268,-0.033244,0.014801,-0.031766,0.095776,0.026516,-0.0031732,-0.026763,-0.026763,-0.026763,0.010596,0.012838,6.536e-05,-0.017456,-0.0031378
-0.0060844,-0.0066505,9.3793e-05,0.00019026,-0.0034439,-0.0044612,-0.00031354,-0.002085,-0.0057788,-0.0012479,0.0031361,0.99774,0.0035976,4.3174e-05,-0.0093357,-0.0033344,-0.0090738,0.0014701,-0.0015394,0.0002778,0.0002778,0.0002778,-5.7927e-05,0.0049981,-8.7802e-05,0.0047005,-0.0027143,0.01763,0.017865,0.00044588,-0.00078549,-0.0010876,0.018576,0.00071929,0.00024251,0.017876,0.0034638,-0.0011525,-0.0049415,0.0014469,0.0057598,-0.008407,-0.0081001,-0.0044493,0.0034619,0.0063936,-0.0016624,-0.0016624,-0.0016624,0.0019403,0.0017119,0.00013275,0.0070611,-0.0004185,0.0037597,0.0051967,0.0020385,0.0059156,-0.00025374,-0.0018713,5.7811e-05,0.0013973,0.004073,-0.0021634,-0.002269,0.00022587,0.0031085,-0.0018449,-0.0016397,-0.0018319,0.0033263,-0.0026142,-0.0002166,0.00045212,0.00045212,0.00045212,-0.00014681,0.005809,-6.03e-05,0.0023932,-0.001613
-0.016688,-0.0079185,-0.015202,-0.010865,0.013581,-0.014387,0.012977,-0.011008,-0.014745,0.050801,-0.13572,0.0035976,0.86172,0.057767,0.023091,0.0093429,0.025519,0.0066253,-0.011065,-0.023267,-0.023267,-0.023267,-0.0022269,-0.013881,0.00024183,-0.029992,0.04815,-0.019775,-0.015118,0.028836,0.006168,0.007917,-0.01608,-0.012914,-0.017163,-0.0092072,-0.13745,0.046407,0.051443,0.044861,-0.14382,0.019623,0.027421,0.02016,-0.010437,0.065432,-0.012987,-0.012987,-0.012987,-0.008636,0.015601,-0.00023535,-0.040609,0.0087606,0.02578,0.01874,-0.026563,0.020331,-0.0015144,0.016606,-0.0017529,0.023503,0.029114,0.0024446,0.043288,-0.0035067,0.096115,-0.030492,0.015984,-0.028912,0.09233,0.028843,-0.0050516,-0.028145,-0.028145,-0.028145,0.010841,0.013849,5.0239e-05,-0.021397,-0.0043612
0.015007,0.010836,0.0078801,0.0048907,-0.005452,0.014533,-0.0049282,0.010423,0.012537,-0.020233,0.056501,4.3174e-05,0.057767,0.97316,0.00074879,-0.0044949,-0.00015599,-0.0065289,0.0070367,0.011733,0.011733,0.011733,0.001091,8.8594e-05,-0.00021299,0.020267,-0.022789,-0.006711,-0.0098334,-0.016182,0.0011997,-0.0033192,-0.01099,0.0077951,0.0091022,-0.013648,0.056862,-0.018575,-0.020898,-0.017977,0.058435,-0.0125,-0.015198,-0.0089809,0.0038429,-0.034969,0.005495,0.005495,0.005495,0.0038593,-0.012719,-5.0242e-06,0.027523,-0.0089759,-0.015206,-0.011082,0.01548,-0.012993,0.00056771,-0.0084934,-0.002269,-0.0091954,-0.015882,0.0012889,-0.019215,0.0012221,-0.033012,0.007523,-0.005479,0.0068681,-0.031556,-0.011102,0.0095211,0.01239,0.01239,0.01239,-0.0065455,-0.016887,0.00013231,0.022791,0.0067828
-0.079162,-0.084596,0.0036681,0.01094,-0.023521,-0.081186,0.0072441,-0.038645,-0.071345,-0.021551,0.022383,-0.0093357,0.023091,0.00074879,0.91079,-0.0097349,-0.089654,0.022793,-0.0057091,0.0051125,0.0051125,0.0051125,0.0012924,0.04715,0.00052737,0.008387,0.0015533,0.038553,0.042562,0.030989,-0.030828,-0.0039462,0.051879,-0.013434,-0.0051526,0.046409,0.027141,-0.016113,-0.048177,-0.019017,0.034077,0.0040012,0.004185,-0.033827,0.010719,0.03581,0.0088373,0.0088373,0.0088373,0.0047262,0.049409,-0.00019201,0.0019546,0.045509,0.029024,0.027021,-0.015245,0.039129,0.0094284,-0.0061939,0.011089,0.021842,0.0207,-0.013843,-0.035246,0.0056042,-0.010446,-0.0041158,-0.036499,-0.0066861,-0.0059709,-0.026179,-0.076204,0.030219,0.030219,0.030219,0.0027501,0.032247,0.00027126,0.0023822,0.031949
-0.0079286,-0.010753,0.0032578,0.0018251,-0.0096088,-0.0034133,0.00063766,0.0035794,-0.010703,-0.0024887,0.0078502,-0.0033344,0.0093429,-0.0044949,-0.0097349,0.98977,-0.0088618,-0.0016426,0.00024218,0.0047642,0.0047642,0.0047642,0.00023848,0.0040477,1.0785e-05,0.028669,-0.011302,0.01794,0.016693,-0.0044291,0.0038712,-0.0038261,0.01621,0.005212,0.0038704,0.014533,0.0082554,-0.0024861,-0.012651,0.003774,0.011866,-0.028391,-0.026628,-0.012692,0.0079036,0.0052124,-0.0036471,-0.0036471,-0.0036471,0.0056133,-0.0056379,-1.9203e-06,0.039708,-0.0093723,0.0016853,0.0072573,0.012079,0.0071648,-0.00015042,-0.0076201,-0.0046375,0.0062909,0.0030851,-0.0016902,-0.0085655,0.00027537,0.0213,-0.014672,-0.0036034,-0.014712,0.021699,-0.0051277,0.0084501,0.0035524,0.0035524,0.0035524,-0.0044238,-0.0044557,9.0864e-05,0.033976,0.0074911
-0.078825,-0.084241,0.0037785,0.011212,-0.023075,-0.08149,0.0070631,-0.039299,-0.070612,-0.022773,0.024915,-0.0090738,0.025519,-0.00015599,-0.089654,-0.0088618,0.90973,0.023077,-0.0054397,0.005273,0.005273,0.005273,0.0013514,0.047575,0.0005165,0.0060109,0.0017746,0.036427,0.040494,0.031291,-0.031895,-0.0036878,0.049985,-0.013937,-0.0052438,0.044473,0.029739,-0.017123,-0.048745,-0.020878,0.036435,0.0070286,0.0068536,-0.033454,0.010133,0.033853,0.0098096,0.0098096,0.0098096,0.0043098,0.05047,-0.00018392,-0.0015674,0.047185,0.028575,0.026048,-0.016233,0.038317,0.0096842,-0.0058323,0.011755,0.021011,0.019868,-0.013821,-0.036,0.0057579,-0.01512,-0.0019844,-0.037119,-0.0046435,-0.010517,-0.026701,-0.078326,0.031117,0.031117,0.031117,0.0030108,0.032425,0.00025972,-0.00056652,0.032126
0.029334,0.029457,0.001681,-0.0016031,0.0016362,0.032753,-0.0021525,0.013047,0.028302,0.0025373,0.0058122,0.0014701,0.0066253,-0.0065289,0.022793,-0.0016426,0.023077,0.99095,0.0030511,0.002249,0.002249,0.002249,-0.00010565,-0.0099346,-7.1221e-05,0.0074432,-0.009005,-0.0053642,-0.0078493,-0.013252,0.0085824,0.0016739,-0.011182,0.0076768,0.0043467,-0.010686,0.0047957,0.001958,0.00082077,0.0052156,0.0059171,-0.016075,-0.015354,-0.0020338,0.0020066,-0.016291,-0.0027358,-0.0027358,-0.0027358,0.0014813,-0.01375,-1.1008e-05,0.014194,-0.014208,-0.0057669,-0.0019788,0.01223,-0.0047339,-0.0025502,-0.003722,-0.0061356,-0.0047445,-0.002298,0.0028289,-0.00062028,-0.00074396,0.0073642,-0.0052123,0.0062782,-0.004851,0.0070396,0.00012674,0.026452,-0.003206,-0.003206,-0.003206,-0.0022557,-0.013824,-4.756e-05,0.012805,-0.0042956
-0.0067937,-0.0055912,-0.0027929,-0.0018585,0.00088631,-0.0062238,-9.7755e-05,-0.004147,-0.0059393,0.0040656,-0.010838,-0.0015394,-0.011065,0.0070367,-0.0057091,0.00024218,-0.0054397,0.0030511,0.99661,-0.0038461,-0.0038461,-0.0038461,-0.00043865,0.0027817,-0.00020343,-0.0067721,0.0048173,0.017551,0.018832,0.0039899,-0.00076215,4.9869e-05,0.019848,-0.0018999,-0.0025724,0.020251,-0.010851,0.0034394,0.0051511,0.0048759,-0.0099447,0.0010653,0.0012869,0.0029401,0.0004109,0.012947,-0.0026073,-0.0026073,-0.0026073,-0.00027885,0.0034484,0.00015818,-0.0083729,0.0014235,0.0052336,0.004449,-0.0039529,0.0050371,-0.0008671,0.0023398,0.0018157,0.00047321,0.0055373,-0.0018337,0.0063697,-0.00042406,0.0037185,0.0016518,0.0022281,0.0019944,0.0032426,0.0024997,-0.0015962,-0.004982,-0.004982,-0.004982,0.002192,0.011423,-0.00013736,-0.012263,-0.007801
0.0016743,0.0047871,-0.0050846,-0.0040068,0.0064731,0.0013051,-0.00024524,-0.0032806,0.0033522,0.0094028,-0.022402,0.0002778,-0.023267,0.011733,0.0051125,0.0047642,0.005273,0.002249,-0.0038461,0.99276,-0.0072431,-0.0072431,-0.0007672,-0.0023324,-0.00015261,-0.019319,0.010903,0.0097499,0.011403,0.0046267,0.00039962,0.0023178,0.01185,-0.003184,-0.004455,0.01358,-0.022987,0.008175,0.015246,0.0079274,-0.023763,0.010499,0.010594,0.010153,-0.0031883,0.012407,-0.0029798,-0.0029798,-0.0029798,-0.0028585,0.0030144,8.9332e-05,-0.024646,0.0018571,0.0047205,0.0019786,-0.0080945,0.0019102,-0.0017248,0.006095,0.0024039,-0.0021027,0.0055265,-0.00037265,0.013951,-0.0010859,0.0027047,0.0051902,0.0070008,0.0058239,0.0016019,0.0072858,0.001424,-0.010054,-0.010054,-0.010054,0.0042943,0.0121,-8.3046e-05,-0.026063,-0.013687
0.0016743,0.0047871,-0.0050846,-0.0040068,0.0064731,0.0013051,-0.00024524,-0.0032806,0.0033522,0.0094028,-0.022402,0.0002778,-0.023267,0.011733,0.0051125,0.0047642,0.005273,0.002249,-0.0038461,-0.0072431,0.99276,-0.0072431,-0.0007672,-0.0023324,-0.00015261,-0.019319,0.010903,0.0097499,0.011403,0.0046267,0.00039962,0.0023178,0.01185,-0.003184,-0.004455,0.01358,-0.022987,0.008175,0.015246,0.0079274,-0.023763,0.010499,0.010594,0.010153,-0.0031883,0.012407,-0.0029798,-0.0029798,-0.0029798,-0.0028585,0.0030144,8.9332e-05,-0.024646,0.0018571,0.0047205,0.0019786,-0.0080945,0.0019102,-0.0017248,0.006095,0.0024039,-0.0021027,0.0055265,-0.00037265,0.013951,-0.0010859,0.0027047,0.0051902,0.0070008,0.0058239,0.0016019,0.0072858,0.001424,-0.010054,-0.010054,-0.010054,0.0042943,0.0121,-8.3046e-05,-0.026063,-0.013687
0.0016743,0.0047871,-0.0050846,-0.0040068,0.0064731,0.0013051,-0.00024524,-0.0032806,0.0033522,0.0094028,-0.022402,0.0002778,-0.023267,0.011733,0.0051125,0.0047642,0.005273,0.002249,-0.0038461,-0.0072431,-0.0072431,0.99276,-0.0007672,-0.0023324,-0.00015261,-0.019319,0.010903,0.0097499,0.011403,0.0046267,0.00039962,0.0023178,0.01185,-0.003184,-0.004455,0.01358,-0.022987,0.008175,0.015246,0.0079274,-0.023763,0.010499,0.010594,0.010153,-0.0031883,0.012407,-0.0029798,-0.0029798,-0.0029798,-0.0028585,0.0030144,8.9332e-05,-0.024646,0.0018571,0.0047205,0.0019786,-0.0080945,0.0019102,-0.0017248,0.006095,0.0024039,-0.0021027,0.0055265,-0.00037265,0.013951,-0.0010859,0.0027047,0.0051902,0.0070008,0.0058239,0.0016019,0.0072858,0.001424,-0.010054,-0.010054,-0.010054,0.0042943,0.0121,-8.3046e-05,-0.026063,-0.013687
0.0010934,0.0014353,-0.00055732,-0.00060777,0.00071365,0.0012995,-0.00024595,0.00031794,0.0010789,0.001201,-0.0021859,-5.7927e-05,-0.0022269,0.001091,0.0012924,0.00023848,0.0013514,-0.00010565,-0.00043865,-0.0007672,-0.0007672,-0.0007672,0.99989,-0.00067125,-9.8566e-06,-0.0013671,0.00064049,0.0023854,0.0024861,-0.00022272,0.00066577,0.00013265,0.0024134,9.504e-05,-0.00026908,0.0026102,-0.0023095,0.00096297,0.0019659,0.0013486,-0.0022586,-0.00016319,-0.00013013,0.0012368,-0.00011344,0.0012081,-0.00070533,-0.00070533,-0.00070533,-0.00012604,-0.00069095,1.0333e-05,-0.0014119,-0.00097834,0.00020799,0.00017592,-0.00015917,-2.9844e-05,-0.00041739,0.00049258,-2.1187e-06,-0.00054483,0.00050718,5.908e-06,0.0018935,-0.00020954,0.00082708,0.00040145,0.0013166,0.00052599,0.0006408,0.00099428,0.0018646,-0.0016184,-0.0016184,-0.0016184,0.00030893,0.0011862,-2.0795e-05,-0.0022066,-0.0022796
0.016153,0.017717,-0.0025082,-0.0060914,0.014755,0.0129,-0.0057304,0.026557,0.0010471,0.0097409,-0.01264,0.0049981,-0.013881,8.8594e-05,0.04715,0.0040477,0.047575,-0.0099346,0.0027817,-0.0023324,-0.0023324,-0.0023324,-0.00067125,0.96541,-5.2755e-05,0.014907,0.00049748,-0.022419,-0.02347,-0.017616,0.025283,-0.0079138,-0.027731,0.0057346,0.0035899,-0.02474,-0.015827,0.0039317,0.044842,0.0060529,-0.02543,0.0039489,0.0019313,0.039244,-0.011271,-0.0113,-0.0062327,-0.0062327,-0.0062327,-0.0025939,-0.046466,7.3807e-05,0.021249,-0.041417,-0.033611,-0.033724,0.0066627,-0.044731,-0.0056792,0.0076063,-0.0035821,-0.013962,-0.031412,0.01065,0.035931,-0.0053074,0.0018504,0.0085868,0.02768,0.011,-0.0028531,0.028557,0.044127,-0.024647,-0.024647,-0.024647,-0.0070058,-0.019051,-3.2501e-05,0.01469,-0.020066
-6.7181e-05,-9.4001e-06,-0.00014563,-2.7665e-05,0.00014666,-0.00016696,-9.6563e-05,0.00012703,-0.00015011,-0.00013635,0.00022885,-8.7802e-05,0.00024183,-0.00021299,0.00052737,1.0785e-05,0.0005165,-7.1221e-05,-0.00020343,-0.00015261,-0.00015261,-0.00015261,-9.8566e-06,-5.2755e-05,2.61e-06,0.0003535,0.00030557,-8.9763e-05,-6.3098e-05,0.00018826,-2.5418e-05,7.5606e-05,-5.3505e-06,-6.8371e-05,-0.00010007,4.5111e-05,0.00018611,-0.00014191,0.00011412,-3.4855e-05,0.00018891,3.9458e-06,-8.7416e-05,0.00025918,8.0202e-05,-4.7177e-05,2.7428e-05,2.7428e-05,2.7428e-05,-5.3698e-05,0.00034313,-1.8506e-06,0.00017331,0.00041993,0.00030235,0.00021669,-0.00024378,0.00026554,3.3252e-05,0.00013298,0.00017591,0.00012686,0.00018502,-4.2271e-05,0.00012869,-7.3953e-06,-3.0037e-05,-0.00031925,0.0001093,-0.00030994,-3.1951e-05,2.0912e-06,-0.00012176,-0.00021528,-0.00021528,-0.00021528,6.8755e-05,0.00017137,8.6254e-07,-2.1135e-05,-0.00021369
0.050582,0.062017,-0.012249,-0.0070767,0.021755,0.046853,-0.00012862,-0.029216,0.078911,0.012116,-0.027277,0.0047005,-0.029992,0.020267,0.008387,0.028669,0.0060109,0.0074432,-0.0067721,-0.019319,-0.019319,-0.019319,-0.0013671,0.014907,0.0003535,0.8776,0.033301,-0.0012344,0.0027323,0.020303,-0.02914,0.026641,0.0055405,-0.014734,-0.015815,0.0098429,-0.026923,0.016403,0.0050526,0.0019395,-0.023379,0.066184,0.064287,0.00085625,-0.0091623,-0.0048965,0.0083479,0.0083479,0.0083479,-0.014439,0.057381,-0.00014216,-0.15974,0.058408,0.03644,0.02247,-0.036258,0.032086,1.9562e-07,0.016244,0.013196,-0.014183,0.036576,-0.0060113,0.0017122,0.0028895,-0.054785,0.036019,-0.0024093,0.034839,-0.052349,-0.010004,-0.034073,-0.0019017,-0.0019017,-0.0019017,0.025269,0.040694,0.00018314,-0.14467,-0.031437
0.018974,0.014772,0.007348,0.0029,-0.0096364,0.024324,-0.0046518,0.014139,0.016025,-0.013393,0.045773,-0.0027143,0.04815,-0.022789,0.0015533,-0.011302,0.0017746,-0.009005,0.0048173,0.010903,0.010903,0.010903,0.00064049,0.00049748,0.00030557,0.033301,0.97264,0.018281,0.014498,-0.020011,0.0069537,-0.0036319,0.012203,0.012623,0.010261,0.0094708,0.045839,-0.012635,-0.022588,-0.0049775,0.051388,-0.037954,-0.038219,-0.016399,0.010402,-0.023738,-0.0014945,-0.0014945,-0.0014945,0.0075813,-0.017279,-0.00044521,0.048917,-0.018912,-0.0086895,-7.5619e-06,0.024394,-0.0022799,-0.0016551,-0.012599,-0.007049,-0.0051152,-0.0059998,-0.00032538,-0.018044,0.00062089,-0.0049089,-0.005963,-0.0024118,-0.0061333,-0.0038294,-0.011595,0.026183,0.0074492,0.0074492,0.0074492,-0.0073925,-0.014882,0.00010815,0.037737,0.0023434
0.005153,0.0030308,0.0084045,0.010302,0.0086425,-0.0093669,0.013508,0.0034171,0.0029885,-0.0027349,-0.01699,0.01763,-0.019775,-0.006711,0.038553,0.01794,0.036427,-0.0053642,0.017551,0.0097499,0.0097499,0.0097499,0.0023854,-0.022419,-8.9763e-05,-0.0012344,0.018281,0.81442,-0.18825,0.012414,-0.0075718,0.0058647,-0.19184,-0.011017,-0.00044183,-0.18974,-0.016729,0.00080463,0.0018777,-0.025864,-0.035668,0.062612,0.06307,0.0048237,-0.023283,-0.047938,0.023282,0.023282,0.023282,-0.012117,0.0092876,0.00023901,-0.017497,0.027794,-0.021623,-0.032046,-0.017175,-0.031428,0.011645,0.0050744,-0.0022091,0.014752,-0.029761,0.015495,-0.016987,0.0023519,0.0003581,-0.012867,-0.016325,-0.015463,0.0021062,0.0033665,-0.045053,0.027472,0.027472,0.027472,-0.0039952,-0.066253,-2.9671e-05,0.040639,0.068984
0.012753,0.010213,0.0096584,0.010647,0.0075834,-0.00053684,0.013371,0.0063326,0.010839,-0.0033491,-0.012734,0.017865,-0.015118,-0.0098334,0.042562,0.016693,0.040494,-0.0078493,0.018832,0.011403,0.011403,0.011403,0.0024861,-0.02347,-6.3098e-05,0.0027323,0.014498,-0.18825,0.80818,0.0090026,-0.0063348,0.006547,-0.19628,-0.0087075,0.0011543,-0.19436,-0.012542,0.00046748,-0.0019276,-0.025399,-0.030653,0.056436,0.057284,0.0008887,-0.021804,-0.053563,0.023166,0.023166,0.023166,-0.011245,0.0073337,0.00020951,-0.011214,0.025598,-0.022095,-0.031076,-0.012985,-0.030683,0.01145,0.0028492,-0.0042454,0.014647,-0.029413,0.015918,-0.020714,0.0025372,0.0030545,-0.015995,-0.0168,-0.018693,0.0050803,0.0011444,-0.039807,0.029073,0.029073,0.029073,-0.0048364,-0.071262,-1.7026e-05,0.047441,0.070922
0.036463,0.035676,0.0026185,-0.0030296,0.0032358,0.040058,-0.0081662,0.024682,0.029345,-0.0027788,0.027653,0.00044588,0.028836,-0.016182,0.030989,-0.0044291,0.031291,-0.013252,0.0039899,0.0046267,0.0046267,0.0046267,-0.00022272,-0.017616,0.00018826,0.020303,-0.020011,0.012414,0.0090026,0.97347,0.018081,-0.0038,0.0046991,0.013563,0.0089721,0.0047471,0.025744,-0.0052065,0.0078704,0.0025297,0.026684,-0.026576,-0.028011,0.0082446,0.0026556,-0.025988,-0.0056468,-0.0056468,-0.0056468,0.0037426,-0.035506,-0.00030717,0.033768,-0.035145,-0.020608,-0.014168,0.021922,-0.021453,-0.0057498,-0.0047069,-0.0070236,-0.015543,-0.015978,0.0045049,0.0069494,-0.0023969,-0.0082175,0.0043725,0.015566,0.0056702,-0.0098481,0.005268,0.049285,-0.010534,-0.010534,-0.010534,-0.0066568,-0.015785,0.00015215,0.019304,-0.01868
-0.0072787,-0.0072364,0.0012241,0.0051343,-0.0064722,-0.0081978,0.0056048,-0.024085,0.0072042,-0.007469,0.0061436,-0.00078549,0.006168,0.0011997,-0.030828,0.0038712,-0.031895,0.0085824,-0.00076215,0.00039962,0.00039962,0.00039962,0.00066577,0.025283,-2.5418e-05,-0.02914,0.0069537,-0.0075718,-0.0063348,0.018081,0.97552,0.0096612,-0.0028423,-0.0084933,-0.0050608,-0.0043001,0.0086587,-0.0021086,-0.031755,-0.0097745,0.013328,0.017641,0.018395,-0.026545,0.0033114,0.0012163,0.0095455,0.0095455,0.0095455,-0.0019477,0.043646,-7.0873e-05,-0.042081,0.043093,0.02583,0.022014,-0.013503,0.031531,0.0059301,-0.0020411,0.0052968,0.0093708,0.022547,-0.0067632,-0.028082,0.0046453,-0.014222,-0.00014445,-0.023182,-0.0024408,-0.010202,-0.021728,-0.04581,0.021812,0.021812,0.021812,0.0081135,0.012434,-5.9012e-05,-0.028092,0.019003
-0.027168,-0.029463,0.00066837,0.00042461,-0.0002852,-0.030654,-0.002793,0.0073789,-0.03898,-0.0049037,0.0083464,-0.0010876,0.007917,-0.0033192,-0.0039462,-0.0038261,-0.0036878,0.0016739,4.9869e-05,0.0023178,0.0023178,0.0023178,0.00013265,-0.0079138,7.5606e-05,0.026641,-0.0036319,0.0058647,0.006547,-0.0038,0.0096612,0.98849,0.0072868,0.00041091,0.0025106,0.0066628,0.0078275,-0.0077343,0.014703,-0.0054236,0.0031024,-0.0010961,-0.003189,0.018417,-0.0033059,0.0062075,-0.0019763,-0.0019763,-0.0019763,0.0016166,-0.022823,4.4774e-05,0.032505,-0.020413,-0.019385,-0.019017,0.0024611,-0.023837,-0.00086332,0.0020771,0.0016806,-0.0028824,-0.02144,0.0026575,0.014137,-0.0022016,-0.0052552,0.0058799,0.0073366,0.0069148,-0.0074031,0.01251,0.0064312,-0.0072081,-0.0072081,-0.0072081,-0.0069967,-0.0022473,0.00018986,0.022806,-0.0029624
0.023174,0.020817,0.010045,0.0098822,0.008413,0.011205,0.012994,0.011144,0.020777,-0.0011786,-0.013947,0.018576,-0.01608,-0.01099,0.051879,0.01621,0.049985,-0.011182,0.019848,0.01185,0.01185,0.01185,0.0024134,-0.027731,-5.3505e-06,0.0055405,0.012203,-0.19184,-0.19628,0.0046991,-0.0028423,0.0072868,0.79793,-0.0060995,0.0024552,-0.1998,-0.014178,0.0023174,-0.00046855,-0.022415,-0.032124,0.050717,0.052069,0.00050061,-0.021343,-0.05829,0.021887,0.021887,0.021887,-0.010871,0.0023449,0.00022169,-0.005975,0.020338,-0.023859,-0.031544,-0.0088898,-0.032178,0.010527,0.0017515,-0.0067276,0.01369,-0.02982,0.017155,-0.020076,0.002177,0.0087633,-0.019147,-0.014173,-0.021683,0.010579,0.0019202,-0.030038,0.027385,0.027385,0.027385,-0.0055785,-0.076783,-5.7556e-05,0.052931,0.069872
-0.021614,-0.020836,-0.0021544,0.0011261,0.0018786,-0.026179,0.0027992,-0.011898,-0.019846,-7.2025e-05,-0.011666,0.00071929,-0.012914,0.0077951,-0.013434,0.005212,-0.013937,0.0076768,-0.0018999,-0.003184,-0.003184,-0.003184,9.504e-05,0.0057346,-6.8371e-05,-0.014734,0.012623,-0.011017,-0.0087075,0.013563,-0.0084933,0.00041091,-0.0060995,0.99144,-0.0050878,-0.0057704,-0.01095,0.00055025,0.0035886,-0.0052435,-0.013864,0.024209,0.023485,0.0051311,-0.005084,0.011106,0.0041206,0.0041206,0.0041206,-0.0035488,0.014218,8.0524e-05,-0.024334,0.016283,0.0043481,-0.00091276,-0.014762,0.0015764,0.002758,0.0056154,0.0059566,0.00391,0.0008522,-0.0010475,0.0025082,0.00063308,-0.0084058,0.0061464,-0.0049223,0.0057325,-0.00819,0.0018221,-0.026599,0.0026878,0.0026878,0.0026878,0.0031993,0.0092023,-9.3505e-05,-0.017765,0.0054836
-0.0071622,-0.005455,-0.0029363,-0.00096259,0.0024403,-0.0084446,0.0019647,-0.0080913,-0.0040975,0.0046574,-0.016428,0.00024251,-0.017163,0.0091022,-0.0051526,0.0038704,-0.0052438,0.0043467,-0.0025724,-0.004455,-0.004455,-0.004455,-0.00026908,0.0035899,-0.00010007,-0.015815,0.010261,-0.00044183,0.0011543,0.0089721,-0.0050608,0.0025106,0.0024552,-0.0050878,0.99561,0.003256,-0.016184,0.0048824,0.0044219,0.0023104,-0.016809,0.013006,0.013317,0.0022698,-0.0023773,0.010892,0.00059032,0.00059032,0.00059032,-0.0025272,0.011351,7.9103e-05,-0.022343,0.010994,0.0075854,0.0044494,-0.009718,0.0064347,0.00080323,0.0040918,0.0030639,0.0026476,0.0066856,-0.0012885,0.0039047,0.00023293,0.0014348,0.002001,-0.0011566,0.001893,0.001456,0.0014708,-0.012774,-0.0013312,-0.0013312,-0.0013312,0.0039434,0.009347,-0.00013141,-0.018635,-0.0012751
0.019867,0.016626,0.011249,0.011117,0.0058402,0.0081278,0.013139,0.01012,0.017628,-0.0042754,-0.0073474,0.017876,-0.0092072,-0.013648,0.046409,0.014533,0.044473,-0.010686,0.020251,0.01358,0.01358,0.01358,0.0026102,-0.02474,4.5111e-05,0.0098429,0.0094708,-0.18974,-0.19436,0.0047471,-0.0043001,0.0066628,-0.1998,-0.0057704,0.003256,0.8018,-0.0072379,-0.00027023,-0.0062924,-0.024732,-0.024364,0.047685,0.049006,-0.0035475,-0.019783,-0.05922,0.02268,0.02268,0.02268,-0.0098679,0.0039031,0.00018936,-0.00060493,0.021728,-0.023211,-0.030216,-0.0074547,-0.030272,0.011158,-7.453e-06,-0.0067584,0.014779,-0.029575,0.016386,-0.024764,0.0026654,0.0072944,-0.020179,-0.017188,-0.022948,0.0095632,-0.0011311,-0.033018,0.030701,0.030701,0.030701,-0.0062881,-0.077151,-2.5389e-06,0.057862,0.073284
-0.011509,-0.0027361,-0.015028,-0.011462,0.013555,-0.0080641,0.01234,-0.0080125,-0.010128,0.051768,-0.13514,0.0034638,-0.13745,0.056862,0.027141,0.0082554,0.029739,0.0047957,-0.010851,-0.022987,-0.022987,-0.022987,-0.0023095,-0.015827,0.00018611,-0.026923,0.045839,-0.016729,-0.012542,0.025744,0.0086587,0.0078275,-0.014178,-0.01095,-0.016184,-0.0072379,0.86289,0.047057,0.052056,0.047024,-0.14292,0.01399,0.02204,0.019828,-0.0094432,0.063878,-0.014377,-0.014377,-0.014377,-0.007919,0.01179,-0.00015471,-0.035295,0.0043306,0.024805,0.018941,-0.023323,0.019808,-0.0023465,0.015641,-0.0032106,0.022602,0.029098,0.0027937,0.044001,-0.0038003,0.099481,-0.032136,0.01791,-0.030384,0.095509,0.029249,0.0020634,-0.029749,-0.029749,-0.029749,0.010204,0.012038,8.3654e-05,-0.017767,-0.0064933
-0.016887,-0.020811,0.0049829,0.0049228,-0.0042527,-0.021627,-0.0041561,0.0015698,-0.022096,-0.020481,0.046298,-0.0011525,0.046407,-0.018575,-0.016113,-0.0024861,-0.017123,0.001958,0.0034394,0.008175,0.008175,0.008175,0.00096297,0.0039317,-0.00014191,0.016403,-0.012635,0.00080463,0.00046748,-0.0052065,-0.0021086,-0.0077343,0.0023174,0.00055025,0.0048824,-0.00027023,0.047057,0.98022,-0.010567,-0.021392,0.045534,0.0046309,0.00065379,0.0030502,-0.00043051,-0.015994,0.0061524,0.0061524,0.0061524,0.0020127,-0.0086944,1.1579e-05,0.018161,-0.0039159,-0.016041,-0.015953,0.0034277,-0.017419,0.0017686,-0.0024495,0.0040494,-0.007139,-0.019979,6.68e-05,-0.0086946,0.00065259,-0.039823,0.015587,-0.0053916,0.015217,-0.039261,-0.0039985,-0.0090794,0.0089359,0.0089359,0.0089359,-0.0056613,-0.0030899,0.00018412,0.011319,0.0048043
0.014523,0.0087914,0.012572,0.012996,-0.02882,0.024552,0.0088213,-0.022903,0.037283,-0.021261,0.047477,-0.0049415,0.051443,-0.020898,-0.048177,-0.012651,-0.048745,0.00082077,0.0051511,0.015246,0.015246,0.015246,0.0019659,0.044842,0.00011412,0.0050526,-0.022588,0.0018777,-0.0019276,0.0078704,-0.031755,0.014703,-0.00046855,0.0035886,0.0044219,-0.0062924,0.052056,-0.010567,0.90911,-0.011583,0.069257,-0.036118,-0.031207,-0.081107,0.023498,-0.020211,0.011505,0.011505,0.011505,0.0083669,0.058163,-0.00011161,0.0081338,0.051358,0.043691,0.051366,0.013083,0.066521,0.0088968,-0.024336,-0.0060474,0.021828,0.04367,-0.012244,-0.078306,0.0093445,0.0095585,-0.031194,-0.047027,-0.035705,0.018441,-0.055811,-0.042427,0.050256,0.050256,0.050256,0.0041786,-0.0067378,-5.9979e-05,0.025306,0.049587
-0.022136,-0.025681,0.0050535,0.0069356,-0.0015518,-0.031357,-0.0020535,-0.0052903,-0.024807,-0.023433,0.045741,0.0014469,0.044861,-0.017977,-0.019017,0.003774,-0.020878,0.0052156,0.0048759,0.0079274,0.0079274,0.0079274,0.0013486,0.0060529,-3.4855e-05,0.0019395,-0.0049775,-0.025864,-0.025399,0.0025297,-0.0097745,-0.0054236,-0.022415,-0.0052435,0.0023104,-0.024732,0.047024,-0.021392,-0.011583,0.96993,0.042433,0.02785,0.022879,0.0049976,-0.0057741,-0.021135,0.012517,0.012517,0.012517,-0.0017038,0.0025593,-0.00020074,-0.005078,0.011167,-0.015665,-0.020015,-0.0068571,-0.019594,0.0046386,0.0010518,0.0078521,-0.0061263,-0.022548,0.00082974,-0.012236,0.0016921,-0.054689,0.021919,-0.011017,0.020841,-0.053381,-0.0053233,-0.029853,0.015317,0.015317,0.015317,-0.0034431,-0.0044717,0.0002,-0.0018625,0.013769
-0.023884,-0.015103,-0.015967,-0.0118,0.018834,-0.025331,0.011772,-0.0043599,-0.028899,0.052003,-0.14033,0.0057598,-0.14382,0.058435,0.034077,0.011866,0.036435,0.0059171,-0.0099447,-0.023763,-0.023763,-0.023763,-0.0022586,-0.02543,0.00018891,-0.023379,0.051388,-0.035668,-0.030653,0.026684,0.013328,0.0031024,-0.032124,-0.013864,-0.016809,-0.024364,-0.14292,0.045534,0.069257,0.042433,0.84513,0.029995,0.036405,0.03801,-0.016983,0.064025,-0.013095,-0.013095,-0.013095,-0.010499,0.0003896,-0.00021167,-0.034053,-0.0029243,0.011094,0.0022159,-0.028682,3.9115e-05,-0.0021841,0.021114,-0.00078118,0.019983,0.01325,0.0066191,0.057246,-0.0053355,0.091925,-0.024823,0.023965,-0.0225,0.086367,0.040896,0.00051623,-0.035247,-0.035247,-0.035247,0.0077447,0.0074187,6.9853e-05,-0.015089,-0.0068979
0.032888,0.028178,0.0077045,-0.00021863,-0.022641,0.053676,-0.00058484,0.021092,0.031757,0.004668,0.014201,-0.008407,0.019623,-0.0125,0.0040012,-0.028391,0.0070286,-0.016075,0.0010653,0.010499,0.010499,0.010499,-0.00016319,0.0039489,3.9458e-06,0.066184,-0.037954,0.062612,0.056436,-0.026576,0.017641,-0.0010961,0.050717,0.024209,0.013006,0.047685,0.01399,0.0046309,-0.036118,0.02785,0.029995,0.8975,-0.095135,-0.045415,0.027793,0.00082968,-0.016679,-0.016679,-0.016679,0.016699,-0.019856,0.00049483,0.10202,-0.034993,0.013505,0.033825,0.046699,0.032735,-0.0052554,-0.025319,-0.021091,0.011302,0.024565,-0.0042868,-0.024961,0.00033574,0.076367,-0.049101,-0.0012517,-0.048787,0.077627,-0.018481,0.060358,0.0024337,0.0024337,0.0024337,-0.0088344,-0.017495,-5.1848e-06,0.083703,0.0043037
0.029967,0.025207,0.0074585,-0.00032061,-0.020287,0.048439,-0.0026385,0.022224,0.026853,0.0011925,0.022421,-0.0081001,0.027421,-0.015198,0.004185,-0.026628,0.0068536,-0.015354,0.0012869,0.010594,0.010594,0.010594,-0.00013013,0.0019313,-8.7416e-05,0.064287,-0.038219,0.06307,0.057284,-0.028011,0.018395,-0.003189,0.052069,0.023485,0.013317,0.049006,0.02204,0.00065379,-0.031207,0.022879,0.036405,-0.095135,0.91057,-0.037648,0.025303,-0.0025696,-0.01555,-0.01555,-0.01555,0.015886,-0.024638,0.00055572,0.098603,-0.037814,0.0069685,0.026041,0.044993,0.023681,-0.0055825,-0.023208,-0.018825,0.0064797,0.016985,-0.0035306,-0.02072,-0.00013845,0.061216,-0.040086,0.0012212,-0.039543,0.062001,-0.01544,0.060208,0.00052486,0.00052486,0.00052486,-0.009552,-0.015779,-1.5181e-05,0.077419,-0.00044851
0.027029,0.023681,0.009387,0.0090963,-0.026161,0.041096,0.010932,-0.020201,0.051237,-0.0064675,0.016068,-0.0044493,0.02016,-0.0089809,-0.033827,-0.012692,-0.033454,-0.0020338,0.0029401,0.010153,0.010153,0.010153,0.0012368,0.039244,0.00025918,0.00085625,-0.016399,0.0048237,0.0008887,0.0082446,-0.026545,0.018417,0.00050061,0.0051311,0.0022698,-0.0035475,0.019828,0.0030502,-0.081107,0.0049976,0.03801,-0.045415,-0.037648,0.91858,0.024424,-0.0091266,0.0055154,0.0055154,0.0055154,0.00795,0.05763,-0.00015062,0.0058465,0.047108,0.051597,0.060469,0.014209,0.075353,0.006807,-0.023395,-0.010188,0.026069,0.054984,-0.011613,-0.06978,0.0083203,0.041274,-0.043636,-0.040602,-0.047593,0.049302,-0.050963,-0.028571,0.041616,0.041616,0.041616,0.0065087,-0.006835,-3.8767e-05,0.025073,0.044377
-0.0093193,-0.0079851,-0.0026433,-0.001429,0.0095883,-0.016054,-0.0011888,0.0021235,-0.01465,0.0014818,-0.0086089,0.0034619,-0.010437,0.0038429,0.010719,0.0079036,0.010133,0.0020066,0.0004109,-0.0031883,-0.0031883,-0.0031883,-0.00011344,-0.011271,8.0202e-05,-0.0091623,0.010402,-0.023283,-0.021804,0.0026556,0.0033114,-0.0033059,-0.021343,-0.005084,-0.0023773,-0.019783,-0.0094432,-0.00043051,0.023498,-0.0057741,-0.016983,0.027793,0.025303,0.024424,0.9892,-0.0010262,0.0023887,0.0023887,0.0023887,-0.0049059,-0.009526,-0.00017202,-0.016101,-0.0040052,-0.014435,-0.019803,-0.01055,-0.022937,-4.9962e-05,0.008971,0.0046293,-0.0058749,-0.01707,0.0043623,0.018005,-0.0017752,-0.017271,0.014416,0.0083096,0.015089,-0.019139,0.014312,-0.0042501,-0.0079772,-0.0079772,-0.0079772,-0.00046434,-0.0012367,2.8775e-05,-0.013412,-0.0054349
0.065206,0.063411,0.0089729,0.0037252,0.0041899,0.063935,-0.0064438,0.01914,0.068472,-0.019047,0.064489,0.0063936,0.065432,-0.034969,0.03581,0.0052124,0.033853,-0.016291,0.012947,0.012407,0.012407,0.012407,0.0012081,-0.0113,-4.7177e-05,-0.0048965,-0.023738,-0.047938,-0.053563,-0.025988,0.0012163,0.0062075,-0.05829,0.011106,0.010892,-0.05922,0.063878,-0.015994,-0.020211,-0.021135,0.064025,0.00082968,-0.0025696,-0.0091266,-0.0010262,0.92942,0.010509,0.010509,0.010509,-0.00055831,-0.01319,-0.00041454,-0.0033548,-0.0049672,-0.019642,-0.01702,0.017403,-0.019799,-0.00015211,-0.0077085,-0.0052497,-0.019188,-0.018368,0.0059644,-0.024486,0.0017362,-0.051773,0.014327,-0.0023348,0.013212,-0.049539,-0.014255,0.022287,0.014829,0.014829,0.014829,-0.003709,-0.034741,0.00034994,0.0036449,0.004929
0.0047476,0.0057293,-0.0023401,-0.0038556,0.0011249,0.0084159,-0.0017315,0.0070135,0.0014879,0.0084308,-0.0134,-0.0016624,-0.012987,0.005495,0.0088373,-0.0036471,0.0098096,-0.0027358,-0.0026073,-0.0029798,-0.0029798,-0.0029798,-0.00070533,-0.0062327,2.7428e-05,0.0083479,-0.0014945,0.023282,0.023166,-0.0056468,0.0095455,-0.0019763,0.021887,0.0041206,0.00059032,0.02268,-0.014377,0.0061524,0.011505,0.012517,-0.013095,-0.016679,-0.01555,0.0055154,0.0023887,0.010509,0.99234,-0.0076634,-0.0076634,0.0019519,-0.012726,3.3043e-05,0.014914,-0.016324,-0.00094726,0.0019321,0.0062757,-0.00068379,-0.0035354,-2.6202e-05,-0.0031399,-0.0012905,0.0021773,0.0002986,0.012239,-0.0018701,0.019291,-0.0052363,0.010024,-0.0041423,0.017713,0.0071996,0.02225,-0.011874,-0.011874,-0.011874,-0.0010613,0.0033489,-0.00010383,0.0059393,-0.013234
