155.12,0.53372,0.72696,0.63596,0.00024776,0.067161,1.0674,1.1028,1.0356,0.082767,0.21342,0.12602,0.95373
89.057,0.19075,0.38039,0.37053,0.0001053,0.044165,0.96402,1.0114,0.9287,0.019963,0.085939,0.047564,0.82161
278.33,0.92857,0.98823,0.8245,0.00046259,0.087848,1.1892,1.2325,1.1446,0.13837,0.27823,0.21214,0.99949
0.003456,0.44581,0.34369,0.52099,-0.00025094,-0.00082863,0.7579,0.73303,0.73381,-0.061374,-0.23557,0.19934,0.39722
0.44581,82.117,26.695,79.121,0.27256,29.259,104.48,115.64,86.373,4.6624,-39.328,32.594,50.417
0.34369,26.695,81.447,54.851,-0.13153,-12.965,76.083,74.62,87.587,-21.094,1.0034,-1.3046,100.73
0.52099,79.121,54.851,165.76,0.37798,19.792,105.24,127.48,107.67,71.537,27.028,4.7341,144.55
-0.00025094,0.27256,-0.13153,0.37798,1000,-0.29658,-0.16625,-0.323,-0.026331,-0.17806,-0.36856,-0.16152,0.60949
-0.00082863,29.259,-12.965,19.792,-0.29658,961.48,-5.7702,-26.431,12.095,-43.713,-83.645,-57.408,59.118
0.7579,104.48,76.083,105.24,-0.16625,-5.7702,878.62,-124.88,-119.12,35.684,-48.224,121.24,124.88
0.73303,115.64,74.62,127.48,-0.323,-26.431,-124.88,860.25,-113.32,9.3647,-96.438,87.123,151.07
0.73381,86.373,87.587,107.67,-0.026331,12.095,-119.12,-113.32,874.58,53.083,-12.801,144.54,91.95
-0.061374,4.6624,-21.094,71.537,-0.17806,-43.713,35.684,9.3647,53.083,875.97,-188.56,-185.35,-42.803
-0.23557,-39.328,1.0034,27.028,-0.36856,-83.645,-48.224,-96.438,-12.801,-188.56,484.4,-191.72,189.69
0.19934,32.594,-1.3046,4.7341,-0.16152,-57.408,121.24,87.123,144.54,-185.35,-191.72,662.28,-166.15
0.39722,50.417,100.73,144.55,0.60949,59.118,124.88,151.07,91.95,-42.803,189.69,-166.15,536.21
