132.79,0.54211,0.73797,0.64951,0.00026882,0.069743,1.0703,1.1066,1.0369,0.077649,0.21104,0.11974,0.95685
24.706,0.19075,0.38039,0.37053,0.0001053,0.044165,0.96402,1.0114,0.9287,0.013614,0.085939,0.046786,0.82161
278.33,0.92857,0.98823,0.8245,0.00046259,0.087848,1.1892,1.2325,1.1446,0.13837,0.27927,0.21214,0.99949
0.001102,0.10583,0.22484,0.47284,0.00092205,0.13141,0.17448,0.33974,0.20801,0.81017,0.48798,-1.0823,1.0121
0.10583,48.549,-12.528,77.672,1.8311,155.22,13.749,112.2,-43.08,286.18,-52.612,-164.85,67.742
0.22484,-12.528,130.57,103.55,-0.96258,-137.61,6.2076,23.938,161.54,38.484,268.27,-265.35,380.82
0.47284,77.672,103.55,373.3,4.6415,179.15,-34.059,254.78,75.501,807.21,285.56,-778.16,651.19
0.00092205,1.8311,-0.96258,4.6415,9999.7,-29.235,-0.0056298,-14.599,14.642,12.647,-4.3936,0.52162,2.4173
0.13141,155.22,-137.61,179.15,-29.235,6603,78.459,-1640.1,1757.5,1288.5,-1124.7,-321.88,-53.181
0.17448,13.749,6.2076,-34.059,-0.0056298,78.459,6576.9,-3235,-3313.5,246.41,103.41,-281.46,206.87
0.33974,112.2,23.938,254.78,-14.599,-1640.1,-3235,6043.5,-2316.2,908.05,-557.58,-347.01,238.71
0.20801,-43.08,161.54,75.501,14.642,1757.5,-3313.5,-2316.2,5926,-380.5,566.76,-24.722,291.71
0.81017,286.18,38.484,807.21,12.647,1288.5,246.41,908.05,-380.5,6837.7,-1647.7,-3236.6,551.62
0.48798,-52.612,268.27,285.56,-4.3936,-1124.7,103.41,-557.58,566.76,-1647.7,2417.3,-984.34,1514.8
-1.0823,-164.85,-265.35,-778.16,0.52162,-321.88,-281.46,-347.01,-24.722,-3236.6,-984.34,3572.4,-1989.1
1.0121,67.742,380.82,651.19,2.4173,-53.181,206.87,238.71,291.71,551.62,1514.8,-1989.1,2334.5
