0.68065,0.6791,-0.0056868,-0.3698,0.3396,0.3396,0.3396,0.22133
0.36498,0.35833,-0.091233,-0.48698,0.27173,0.27173,0.27173,9.3247e-06
1.4417,1.4402,0.084826,-0.23562,0.43343,0.43343,0.43343,1.2997
521.85,-476.65,-5.2613,32.074,-9.7585,-9.7585,-9.7585,-37.963
-476.65,521.88,-14.896,32.191,-0.89568,-0.89568,-0.89568,-36.845
-5.2613,-14.896,655.35,-235.82,-92.423,-92.423,-92.423,15.311
32.074,32.191,-235.82,385.33,-51.831,-51.831,-51.831,-48.704
-9.7585,-0.89568,-92.423,-51.831,750.75,-249.25,-249.25,12.627
-9.7585,-0.89568,-92.423,-51.831,-249.25,750.75,-249.25,12.627
-9.7585,-0.89568,-92.423,-51.831,-249.25,-249.25,750.75,12.627
-37.963,-36.845,15.311,-48.704,12.627,12.627,12.627,69.943
