190.89,0.71176,0.69237,0.049868,0.031167,0.73355,1.198,1.5206,0.78705,0.23477,1.0953,0.32849,0.065783
19.737,0.34389,0.37647,0.03932,0.016498,0.49785,1.0833,1.3606,0.63686,0.10652,0.60389,0.24829,0.007668
320,0.90116,0.90196,0.064948,0.045022,1.0184,1.481,1.7027,1.1053,0.33353,1.6458,0.41511,0.16886
0.00026498,-0.069141,0.064963,-0.013133,0.023459,-0.049138,-0.14159,-0.038341,0.010804,0.08303,0.0046403,0.082748,0.038547
-0.069141,79.986,-47.247,6.3159,-6.6398,65.087,49.483,48.863,-16.215,58.534,-43.945,-65,57.771
0.064963,-47.247,130.67,-8.9375,8.2516,-97.2,-67.736,-85.248,11.948,-78.615,68.654,78.401,-42.903
-0.013133,6.3159,-8.9375,972.03,-10.871,15.684,1.52,2.1919,-13.488,-67.782,12.915,-107.11,24.321
0.023459,-6.6398,8.2516,-10.871,992.13,-31.383,1.8975,-18.285,13.099,-13.645,7.4011,-63.551,18.752
-0.049138,65.087,-97.2,15.684,-31.383,457.67,52.944,-234.2,308.13,83.748,-80.224,-131.67,47.229
-0.14159,49.483,-67.736,1.52,1.8975,52.944,673.73,-260.66,-313.61,19.691,-50.897,-7.5115,-44.938
-0.038341,48.863,-85.248,2.1919,-18.285,-234.2,-260.66,626.57,-139.23,7.5748,-50.279,-109.79,-42.492
0.010804,-16.215,11.948,-13.488,13.099,308.13,-313.61,-139.23,552.65,-76.147,29.938,21.893,-89.709
0.08303,58.534,-78.615,-67.782,-13.645,83.748,19.691,7.5748,-76.147,608.94,-162.38,-163.21,-71.869
0.0046403,-43.945,68.654,12.915,7.4011,-80.224,-50.897,-50.279,29.938,-162.38,85.4,92.799,5.9438
0.082748,-65,78.401,-107.11,-63.551,-131.67,-7.5115,-109.79,21.893,-163.21,92.799,449.59,153.89
0.038547,57.771,-42.903,24.321,18.752,47.229,-44.938,-42.492,-89.709,-71.869,5.9438,153.89,867.72
