1237.4,992.26,-716.21,-1232.5,-106.15,-106.15,-106.15,178.03,565.65
1010.3,727.02,-724.48,-1242.3,-144.48,-144.48,-144.48,113.11,450.93
1634.8,1466.4,-701.48,-1225.3,-30.339,-30.339,-30.339,291.22,756.39
0.56002,-0.47786,0.098514,0.023585,-0.0356,-0.0356,-0.0356,0.010539,0.0617
-0.47786,0.46103,0.068173,0.020227,-0.059194,-0.059194,-0.059194,-0.046268,-0.04892
0.098514,0.068173,0.90253,-0.015749,-0.031911,-0.031911,-0.031911,-0.11448,-0.23903
0.023585,0.020227,-0.015749,0.99728,-0.0036276,-0.0036276,-0.0036276,-0.016128,-0.034569
-0.0356,-0.059194,-0.031911,-0.0036276,0.97603,-0.023971,-0.023971,-0.058439,-0.11411
-0.0356,-0.059194,-0.031911,-0.0036276,-0.023971,0.97603,-0.023971,-0.058439,-0.11411
-0.0356,-0.059194,-0.031911,-0.0036276,-0.023971,-0.023971,0.97603,-0.058439,-0.11411
0.010539,-0.046268,-0.11448,-0.016128,-0.058439,-0.058439,-0.058439,0.83306,-0.3363
0.0617,-0.04892,-0.23903,-0.034569,-0.11411,-0.11411,-0.11411,-0.3363,0.31878
19.891,19.891,19.891,19.891,19.891,19.891,19.891,19.891,19.891
