180.32,121.01,774.51,93.608,75.53,961.56,932.89,1383.6,422.04,20.217,503.41,170.23,29.231
0,17.937,635.29,54.371,12.743,488.72,262.34,580.63,13.38,5.45,225.9,73.514,15.734
1010.7,250,874.51,172.16,176.7,1531,1353.5,1646.9,1003.2,34.711,845.63,209.38,46.41
0.02018,0.0046711,0.0013011,-0.10758,0.015406,0.016719,0.02085,-0.0090667,-0.025794,0.0046346,-0.043825,0.065304,-0.015247
0.0046711,0.040098,0.0028761,-0.10233,0.11579,-0.024565,-0.00026852,-0.0051938,0.019324,0.031016,0.044532,-0.075869,0.059912
0.0013011,0.0028761,0.045668,0.065502,0.1614,0.0057587,-0.029702,0.018097,0.012295,-0.016271,-0.065112,0.04342,-0.064138
-0.10758,-0.10233,0.065502,0.90528,-0.052171,0.011089,-0.15625,0.10213,0.09104,0.0028181,-0.084683,-0.071826,-0.032544
0.015406,0.11579,0.1614,-0.052171,0.90495,-0.046087,-0.1023,0.049511,0.095611,-0.0040269,-0.11123,-0.073223,-0.038636
0.016719,-0.024565,0.0057587,0.011089,-0.046087,0.40308,0.016725,-0.32013,0.27681,-0.01503,-0.18288,0.1347,0.078036
0.02085,-0.00026852,-0.029702,-0.15625,-0.1023,0.016725,0.043994,-0.021976,-0.038666,-0.011124,-0.0068065,0.046336,0.024527
-0.0090667,-0.0051938,0.018097,0.10213,0.049511,-0.32013,-0.021976,0.3529,-0.32698,-0.0051236,-0.057326,0.00048433,0.041124
-0.025794,0.019324,0.012295,0.09104,0.095611,0.27681,-0.038666,-0.32698,0.39618,0.0099084,0.12552,-0.13427,-0.036936
0.0046346,0.031016,-0.016271,0.0028181,-0.0040269,-0.01503,-0.011124,-0.0051236,0.0099084,0.99813,-0.0071662,0.0081618,-0.00032015
-0.043825,0.044532,-0.065112,-0.084683,-0.11123,-0.18288,-0.0068065,-0.057326,0.12552,-0.0071662,0.54898,-0.35892,-0.19434
0.065304,-0.075869,0.04342,-0.071826,-0.073223,0.1347,0.046336,0.00048433,-0.13427,0.0081618,-0.35892,0.4826,-0.24174
-0.015247,0.059912,-0.064138,-0.032544,-0.038636,0.078036,0.024527,0.041124,-0.036936,-0.00032015,-0.19434,-0.24174,0.86493
65.337,65.337,65.337,65.337,65.337,65.337,65.337,65.337,65.337,65.337,65.337,65.337,65.337
