885.42,76.923,74.51,783.63,7.7195,363.48,441.22,663.53,288.47,132.77,6.2208e-14,6.2436e-14,8.0696e-14,7.6754e-14
1328.1,482.14,219.61,1785.6,22.296,479,650.98,870.12,478.17,259.84,1.8056e-12,1.8073e-12,1.8488e-12,1.8026e-12
0.11779,-0.078052,-0.19726,-0.042586,0.028176,0.1731,-0.053738,0.15108,-0.022026,-0.0056033,2.3904e-15,2.3105e-15,2.2071e-15,2.1806e-15
-0.078052,0.05213,0.14013,0.028065,-0.013001,-0.11147,0.025952,-0.095802,0.015662,0.005669,1.3065e-15,1.4957e-15,1.487e-15,1.7128e-15
-0.19726,0.14013,0.73177,0.058975,-0.020992,-0.12754,-0.31923,-0.057299,0.070243,0.085681,-8.4768e-16,-6.6632e-16,-7.0927e-16,-5.6447e-16
-0.042586,0.028065,0.058975,0.016055,0.0041272,-0.06923,0.031905,-0.061681,0.0075474,-0.00063837,-7.9696e-16,-7.4045e-16,-8.2463e-16,-6.6634e-16
0.028176,-0.013001,-0.020992,0.0041272,0.99234,-0.04562,-0.048598,-0.014776,0.030843,-0.023598,5.4004e-17,1.5442e-16,1.3658e-16,2.2694e-16
0.1731,-0.11147,-0.12754,-0.06923,-0.04562,0.66433,-0.24389,-0.025149,0.31052,0.025543,-2.0335e-15,-1.6191e-15,-1.6341e-15,-1.2888e-15
-0.053738,0.025952,-0.31923,0.031905,-0.048598,-0.24389,0.4423,-0.26822,-0.024336,-0.074837,1.0304e-15,1.6797e-15,1.5038e-15,2.1164e-15
0.15108,-0.095802,-0.057299,-0.061681,-0.014776,-0.025149,-0.26822,0.62721,-0.34765,0.032011,9.88e-16,1.1481e-15,1.0761e-15,1.279e-15
-0.022026,0.015662,0.070243,0.0075474,0.030843,0.31052,-0.024336,-0.34765,0.34183,0.0064575,3.0216e-15,2.7673e-15,2.7103e-15,2.5679e-15
-0.0056033,0.005669,0.085681,-0.00063837,-0.023598,0.025543,-0.074837,0.032011,0.0064575,0.016955,1.0145e-14,1.144e-14,1.0958e-14,1.2253e-14
2.3904e-15,1.3065e-15,-8.4768e-16,-7.9696e-16,5.4004e-17,-2.0335e-15,1.0304e-15,9.88e-16,3.0216e-15,1.0145e-14,1,-1.3941e-28,-1.3396e-28,-1.4681e-28
2.3105e-15,1.4957e-15,-6.6632e-16,-7.4045e-16,1.5442e-16,-1.6191e-15,1.6797e-15,1.1481e-15,2.7673e-15,1.144e-14,-1.3941e-28,1,-1.479e-28,-1.6313e-28
2.2071e-15,1.487e-15,-7.0927e-16,-8.2463e-16,1.3658e-16,-1.6341e-15,1.5038e-15,1.0761e-15,2.7103e-15,1.0958e-14,-1.3396e-28,-1.479e-28,1,-1.5646e-28
2.1806e-15,1.7128e-15,-5.6447e-16,-6.6634e-16,2.2694e-16,-1.2888e-15,2.1164e-15,1.279e-15,2.5679e-15,1.2253e-14,-1.4681e-28,-1.6313e-28,-1.5646e-28,1
53.699,53.699,53.699,53.699,53.699,53.699,53.699,53.699,53.699,53.699,53.699,53.699,53.699,53.699
1057.3,250.03,143.42,1138.4,15.998,412.31,579.63,775.39,363.08,194.72,4.6978e-13,4.8138e-13,4.8321e-13,5.0183e-13
1,1,1,1,1,1,1,1,1,1,1,1,1,1
