178.9,0.6543,0.80882,1.7405,0.0097145,0.35938,0.67743,0.8347,0.47532,0.032708,0.22649,0.12569,0.26583
15.938,0.01875,0.25882,0.90284,0.0022883,0.21177,0.48427,0.66353,0.16438,0.0045474,0.14817,0.055596,0.047921
330.88,0.9697,0.95294,4.4589,0.03314,0.64438,0.86628,0.95781,0.65031,0.065241,0.3829,0.19008,0.4577
0.00028039,-0.014786,-0.054705,0.0042093,-0.0059727,-0.046426,-0.0068979,-0.060434,-0.01401,0.074039,0.05176,0.18373,-0.098376
-0.014786,52.932,-12.761,-3.5849,-1.3906,1.0371,33.776,1.9825,0.94493,-22.359,6.3046,-22.018,120.14
-0.054705,-12.761,54.557,0.64638,1.3656,-14.56,4.7683,-27.018,-12.457,-10.293,-21.636,-6.5726,-38.761
0.0042093,-3.5849,0.64638,1.4977,1.1708,-3.2967,-3.8365,-4.6096,-1.3128,-1.3664,1.9849,0.15182,-10.131
-0.0059727,-1.3906,1.3656,1.1708,996.41,-33.423,3.504,-15.206,18.217,-4.2229,-29.16,0.11137,5.1774
-0.046426,1.0371,-14.56,-3.2967,-33.423,460.8,33.907,-243.73,295.47,-4.0423,-176.18,-26.35,25.584
-0.0068979,33.776,4.7683,-3.8365,3.504,33.907,517.65,-233.72,-267.63,-7.1203,-43.585,-23.043,64.087
-0.060434,1.9825,-27.018,-4.6096,-15.206,-243.73,-233.72,576.81,-179.47,-23.415,-60.174,-60.726,54.49
-0.01401,0.94493,-12.457,-1.3128,18.217,295.47,-267.63,-179.47,525.07,-19.373,116.01,-34.376,28.906
0.074039,-22.359,-10.293,-1.3664,-4.2229,-4.0423,-7.1203,-23.415,-19.373,948.92,-86.558,-76.674,-104.85
0.05176,6.3046,-21.636,1.9849,-29.16,-176.18,-43.585,-60.174,116.01,-86.558,618.92,-37.175,-1.0845
0.18373,-22.018,-6.5726,0.15182,0.11137,-26.35,-23.043,-60.726,-34.376,-76.674,-37.175,736.36,-220.9
-0.098376,120.14,-38.761,-10.131,5.1774,25.584,64.087,54.49,28.906,-104.85,-1.0845,-220.9,407.62
