571.46,570.85,-26.217,-58.262,5.9095,5.9095,5.9095,38.21,-320.88
822,821.94,23.035,-31.038,74.7,74.7,74.7,70.078,-26.359
0.51921,-0.48169,0.05095,0.051258,0.044322,0.044322,0.044322,-0.061803,-0.051521
-0.48169,0.51741,0.050996,0.051332,0.044338,0.044338,0.044338,-0.061897,-0.051885
0.05095,0.050996,0.9673,-0.017594,-0.041734,-0.041734,-0.041734,0.018665,-0.14333
0.051258,0.051332,-0.017594,0.98912,-0.021228,-0.021228,-0.021228,0.011988,-0.060806
0.044322,0.044338,-0.041734,-0.021228,0.94566,-0.05434,-0.05434,0.022137,-0.19714
0.044322,0.044338,-0.041734,-0.021228,-0.05434,0.94566,-0.05434,0.022137,-0.19714
0.044322,0.044338,-0.041734,-0.021228,-0.05434,-0.05434,0.94566,0.022137,-0.19714
-0.061803,-0.061897,0.018665,0.011988,0.022137,0.022137,0.022137,0.98668,0.059423
-0.051521,-0.051885,-0.14333,-0.060806,-0.19714,-0.19714,-0.19714,0.059423,0.18338
20.585,20.585,20.585,20.585,20.585,20.585,20.585,20.585,20.585
667.64,667.28,-4.3058,-46.675,40.604,40.604,40.604,55.087,-135.57
1,1,1,1,1,1,1,1,1
