170.01,0.62694,0.75794,0.00042117,0.095692,0.71239,0.7636,0.66791,0.62722,0.61041,0.28238,0.99568
0.65934,0.062241,0.31765,5.8686e-06,0.016277,0.54896,0.61695,0.47973,0.040051,0.17637,0.06085,0.94861
341.82,0.98802,0.99216,0.0044931,0.24052,1.0217,1.03,1.0138,1.8536,1.2445,0.57375,0.99994
0.00011278,0.0025069,-0.0047337,-0.00084695,0.01159,0.0093312,-0.00068753,-0.012279,0.0038008,-0.0096727,-0.01735,0.0020941
0.0025069,16.115,3.9725,-0.30694,5.0347,7.4386,-3.1498,-8.1851,-1.5157,0.75108,6.7887,-2.6019
-0.0047337,3.9725,35.895,0.0012986,-5.0793,-1.3846,-9.8757,-4.7967,-2.1175,7.4058,-11.136,-1.3618
-0.00084695,-0.30694,0.0012986,999.79,-5.8934,0.58614,-3.3736,2.5198,0.66916,-0.96142,0.28715,0.858
0.01159,5.0347,-5.0793,-5.8934,525.66,36.306,-246.93,227.41,-5.5756,-24.422,15.548,47.649
0.0093312,7.4386,-1.3846,0.58614,36.306,606.44,-271.68,-307.99,-10.881,8.0184,23.938,0.040084
-0.00068753,-3.1498,-9.8757,-3.3736,-246.93,-271.68,538.82,-214.25,2.492,-16.501,5.785,23.852
-0.012279,-8.1851,-4.7967,2.5198,227.41,-307.99,-214.25,558.33,8.0667,7.9227,-9.7612,-23.798
0.0038008,-1.5157,-2.1175,0.66916,-5.5756,-10.881,2.492,8.0667,49.525,-50.476,-89.557,-9.167
-0.0096727,0.75108,7.4058,-0.96142,-24.422,8.0184,-16.501,7.9227,-50.476,80.525,53.021,8.1388
-0.01735,6.7887,-11.136,0.28715,15.548,23.938,5.785,-9.7612,-89.557,53.021,304.82,-8.4217
0.0020941,-2.6019,-1.3618,0.858,47.649,0.040084,23.852,-23.798,-9.167,8.1388,-8.4217,965
