555.93,353.53,601.12,1138.4,15.998,412.31,579.63,775.39,363.08,194.72
76.904,80.292,450.98,783.63,7.7195,363.48,441.22,663.53,288.47,132.77
1036.1,569.15,768.63,1785.6,22.296,479,650.98,870.12,478.17,259.84
0.016556,-0.012893,-0.006512,0.0036745,-0.0086392,-0.043338,0.07665,-0.062886,-0.019548,-0.0622
-0.012893,0.010115,0.0024607,-0.002413,0.0084201,0.029636,-0.06139,0.047092,0.017454,0.050656
-0.006512,0.0024607,0.17727,-0.030437,0.035985,0.28384,0.079301,0.14539,-0.13844,-0.12732
0.0036745,-0.002413,-0.030437,0.0058145,0.0051246,-0.055192,-0.0012434,-0.034854,0.020338,0.010922
-0.0086392,0.0084201,0.035985,0.0051246,0.9961,-0.017924,-0.031062,-0.0056671,0.012257,-0.030818
-0.043338,0.029636,0.28384,-0.055192,-0.017924,0.86389,-0.032878,0.021998,0.15811,-0.065348
0.07665,-0.06139,0.079301,-0.0012434,-0.031062,-0.032878,0.42416,-0.21531,-0.18244,-0.38254
-0.062886,0.047092,0.14539,-0.034854,-0.0056671,0.021998,-0.21531,0.65999,-0.36201,0.13381
-0.019548,0.017454,-0.13844,0.020338,0.012257,0.15811,-0.18244,-0.36201,0.47989,0.19915
-0.0622,0.050656,-0.12732,0.010922,-0.030818,-0.065348,-0.38254,0.13381,0.19915,0.36768
58.189,58.189,58.189,58.189,58.189,58.189,58.189,58.189,58.189,58.189
