1528.2,1418.5,-543.39,-1070.6,98.164,98.164,98.164,1301.4,1026.9
1172.2,1038.3,-712.51,-1195.8,-199.25,-199.25,-199.25,492.15,634.19
1966.9,1884,-449.58,-903.49,248.43,248.43,248.43,2217.3,1450.6
0.16165,-0.15604,0.060132,0.0093196,0.0014235,0.0014235,0.0014235,-0.00026784,0.007804
-0.15604,0.15154,-0.057171,-0.0094482,-0.0014863,-0.0014863,-0.0014863,0.00021929,-0.0084016
0.060132,-0.057171,0.024681,0.0021261,0.00022063,0.00022063,0.00022063,-2.9264e-05,0.0017246
0.0093196,-0.0094482,0.0021261,0.001486,0.00025332,0.00025332,0.00025332,-8.4903e-05,0.0011492
0.0014235,-0.0014863,0.00022063,0.00025332,0.66673,-0.33327,-0.33327,-7.0436e-06,0.00020728
0.0014235,-0.0014863,0.00022063,0.00025332,-0.33327,0.66673,-0.33327,-7.0436e-06,0.00020728
0.0014235,-0.0014863,0.00022063,0.00025332,-0.33327,-0.33327,0.66673,-7.0436e-06,0.00020728
-0.00026784,0.00021929,-2.9264e-05,-8.4903e-05,-7.0436e-06,-7.0436e-06,-7.0436e-06,3.1543e-05,-4.4948e-05
0.007804,-0.0084016,0.0017246,0.0011492,0.00020728,0.00020728,0.00020728,-4.4948e-05,0.0013804
57.066,57.066,57.066,57.066,57.066,57.066,57.066,57.066,57.066
