167.97,0.60731,0.74869,0.83554,0.00046204,0.098178,0.70612,0.75915,0.66098,0.59519,0.59889,0.27638,0.9956
0.65934,0.062241,0.36471,0.37682,5.8686e-06,0.016277,0.54896,0.61695,0.47973,0.040051,0.17637,0.064523,0.94861
341.82,0.98802,0.97255,3.816,0.0044931,0.24052,1.0217,1.03,1.0138,1.8536,1.2445,0.57375,0.99994
0.00012155,-0.001783,-0.020971,-0.0011384,-0.0011106,0.0074374,0.01941,0.0026034,-0.0048361,1.5639e-05,-0.0024616,-0.0078405,0.010193
-0.001783,19.103,9.9742,0.025137,-0.48218,2.7496,9.4717,-3.7275,-6.4783,-4.915,4.7863,17.307,-2.5038
-0.020971,9.9742,46.525,1.2095,-0.077307,-2.2084,-10.215,-7.6293,-5.4212,-3.2235,5.0233,-1.7338,-6.6504
-0.0011384,0.025137,1.2095,2.5624,0.015492,2.8903,0.45528,2.236,-0.65444,0.75046,-3.0059,2.6732,-0.50608
-0.0011106,-0.48218,-0.077307,0.015492,999.77,-6.395,0.506,-3.7709,2.6242,0.89315,-1.089,-0.27709,0.80681
0.0074374,2.7496,-2.2084,2.8903,-6.395,525.5,35.137,-245.74,228.76,-6.5016,-29.751,21.557,56.213
0.01941,9.4717,-10.215,0.45528,0.506,35.137,619.98,-268.66,-303.8,-10.894,9.5067,23.339,4.3393
0.0026034,-3.7275,-7.6293,2.236,-3.7709,-245.74,-268.66,537.9,-216.36,0.99861,-19.22,14.27,29.471
-0.0048361,-6.4783,-5.4212,-0.65444,2.6242,228.76,-303.8,-216.36,554.88,7.4993,10.533,-7.286,-26.743
1.5639e-05,-4.915,-3.2235,0.75046,0.89315,-6.5016,-10.894,0.99861,7.4993,49.506,-50.344,-93.286,-13.364
-0.0024616,4.7863,5.0233,-3.0059,-1.089,-29.751,9.5067,-19.22,10.533,-50.344,80.465,59.186,11.18
-0.0078405,17.307,-1.7338,2.6732,-0.27709,21.557,23.339,14.27,-7.286,-93.286,59.186,316.37,3.2847
0.010193,-2.5038,-6.6504,-0.50608,0.80681,56.213,4.3393,29.471,-26.743,-13.364,11.18,3.2847,965.58
