570.45,86.389,609.52,803.19,20.406,491.13,831.42,1068.5,577.36,18.918,272.67,164.09,66.353
0,32.086,121.57,193.03,6.6707,310.57,505.6,923.81,-5.3515,2.7515,163.53,41.105,0.21971
1380.2,225.81,886.27,1852.8,65.1,958.89,1168.4,1336.5,1023.2,44.576,511.21,264.44,198.5
7.1524e-05,-0.00060693,-0.00014483,-4.4777e-05,0.00028932,-0.00032358,0.0010628,-0.00080621,-0.0004842,-0.0028843,0.00083414,0.00016141,0.00010797
-0.00060693,0.009379,0.0025772,0.00020154,-0.00097978,0.0059118,-0.0041209,0.0055111,-0.00041632,0.0062549,-0.017377,-0.0010791,0.0012417
-0.00014483,0.0025772,0.00087428,6.346e-06,-0.0020484,0.00174,0.0005038,0.00066186,-0.001079,-0.0015535,-0.0048135,-0.00047972,0.00093207
-4.4777e-05,0.00020154,6.346e-06,6.3222e-05,0.0012653,-8.8296e-05,-0.0011538,0.00065765,0.00074667,0.0019064,0.00027648,2.1862e-05,-0.00015091
0.00028932,-0.00097978,-0.0020484,0.0012653,0.70067,-0.019965,-0.017737,0.0018828,0.022269,-0.2508,-0.037694,0.038458,0.031936
-0.00032358,0.0059118,0.00174,-8.8296e-05,-0.019965,0.33953,-0.0010093,-0.32986,0.33061,0.010879,-0.01662,-0.0016272,0.00017536
0.0010628,-0.0041209,0.0005038,-0.0011538,-0.017737,-0.0010093,0.043127,-0.02451,-0.023569,-0.095972,0.0051669,0.00014403,0.0087025
-0.00080621,0.0055111,0.00066186,0.00065765,0.0018828,-0.32986,-0.02451,0.34879,-0.32131,0.057932,-0.010455,-0.0009121,-0.0045153
-0.0004842,-0.00041632,-0.001079,0.00074667,0.022269,0.33061,-0.023569,-0.32131,0.34812,0.047328,0.0060892,0.00072007,-0.0047033
-0.0028843,0.0062549,-0.0015535,0.0019064,-0.2508,0.010879,-0.095972,0.057932,0.047328,0.44129,-0.0056652,-0.023356,-0.042094
0.00083414,-0.017377,-0.0048135,0.00027648,-0.037694,-0.01662,0.0051669,-0.010455,0.0060892,-0.0056652,0.059769,-0.00036582,-0.0039748
0.00016141,-0.0010791,-0.00047972,2.1862e-05,0.038458,-0.0016272,0.00014403,-0.0009121,0.00072007,-0.023356,-0.00036582,0.0032289,0.0019153
0.00010797,0.0012417,0.00093207,-0.00015091,0.031936,0.00017536,0.0087025,-0.0045153,-0.0047033,-0.042094,-0.0039748,0.0019153,0.0058269
83.459,83.459,83.459,83.459,83.459,83.459,83.459,83.459,83.459,83.459,83.459,83.459,83.459
