131.7,0.7011,0.75059,0.06713,0.89653,0.0269,0.46609,0.14775,0.036683
49.035,0.37576,0.36863,0.003655,0.26208,0.0049697,0.12246,0.053985,0.012248
353.62,0.92885,0.99216,0.16305,1.504,0.055479,0.81367,0.24637,0.061434
0.0002105,-0.017272,-0.082676,0.0089403,-0.0077263,-0.030192,0.1292,-0.2916,-0.032458
-0.017272,76.424,-78.388,-81.088,31.002,17.165,-33.667,50.928,-22.643
-0.082676,-78.388,170.74,132.87,-76.326,25.608,8.538,135.9,-49.372
0.0089403,-81.088,132.87,950.01,-100.44,-9.3257,-71.474,-41.527,7.0309
-0.0077263,31.002,-76.326,-100.44,280.82,-39.278,-403.61,-133.21,2.0439
-0.030192,17.165,25.608,-9.3257,-39.278,996.6,-23.137,-13.13,2.151
0.1292,-33.667,8.538,-71.474,-403.61,-23.137,766.82,-82.285,3.1664
-0.2916,50.928,135.9,-41.527,-133.21,-13.13,-82.285,946.91,10.022
-0.032458,-22.643,-49.372,7.0309,2.0439,2.151,3.1664,10.022,996.66
