152.71,0.66095,0.62091,1.2673,0.00011456,0.055459,0.7233,0.74241,0.68695,0.012626,0.094045,0.04389,0.9728
44.706,0.21875,0.47059,1.1278,6.3956e-05,0.033931,0.62744,0.64215,0.57895,0.010391,0.078309,0.040645,0.94503
244.29,0.91411,0.75294,1.5199,0.00019431,0.069246,0.78902,0.80418,0.77025,0.014366,0.10597,0.048616,0.99431
0.025912,-1.2868,-13.615,-0.033781,-0.0094889,-2.6941,3.4087,2.5271,5.2212,0.18983,2.0322,-0.16877,3.6245
-1.2868,2799.3,116.37,4001.6,-1.8408,-268.55,-1025.3,-1223.2,-954.6,55.167,355.65,50.447,625.85
-13.615,116.37,9998.1,-64.674,0.029737,4.3365,16.575,19.772,15.435,-0.89134,-5.7451,-0.81555,-10.11
-0.033781,4001.6,-64.674,7776.2,1.023,149.24,569.79,679.74,530.5,-30.658,-197.64,-28.035,-347.8
-0.0094889,-1.8408,0.029737,1.023,10000,-0.068653,-0.2621,-0.31268,-0.24402,0.014103,0.090917,0.012896,0.15999
-2.6941,-268.55,4.3365,149.24,-0.068653,9990,-38.237,-45.616,-35.6,2.0575,13.264,1.8814,23.342
3.4087,-1025.3,16.575,569.79,-0.2621,-38.237,9854,-174.17,-135.93,7.8552,50.639,7.1832,89.112
2.5271,-1223.2,19.772,679.74,-0.31268,-45.616,-174.17,9792.2,-162.16,9.371,60.412,8.5693,106.31
5.2212,-954.6,15.435,530.5,-0.24402,-35.6,-135.93,-162.16,9873.4,7.3135,47.147,6.6879,82.967
0.18983,55.167,-0.89134,-30.658,0.014103,2.0575,7.8552,9.371,7.3135,9999.6,-2.7248,-0.38649,-4.7949
2.0322,355.65,-5.7451,-197.64,0.090917,13.264,50.639,60.412,47.147,-2.7248,9982.4,-2.4916,-30.911
-0.16877,50.447,-0.81555,-28.035,0.012896,1.8814,7.1832,8.5693,6.6879,-0.38649,-2.4916,9999.6,-4.3845
3.6245,625.85,-10.11,-347.8,0.15999,23.342,89.112,106.31,82.967,-4.7949,-30.911,-4.3845,9945.6
