499.14,368.77,786.55,680.18,6.5891,304.56,728.88,811.7,507.14,281.63
22.681,119.79,588.24,472.04,1.1829,227.32,582.21,677.29,419.31,42.008
791.02,766.36,909.8,883.52,17.99,443.91,875.66,1024.5,633.1,529.82
0.031416,0.028816,-0.099488,-0.10664,0.0029502,0.064507,-0.0077786,0.0099879,-0.054517,0.031783
0.028816,0.030344,-0.099498,-0.107,0.012167,0.046067,-0.048622,0.029254,-0.016806,0.035498
-0.099488,-0.099498,0.33288,0.35757,-0.022882,-0.17678,0.11571,-0.076057,0.10072,-0.11424
-0.10664,-0.107,0.35757,0.38425,-0.027162,-0.18819,0.12864,-0.08379,0.10439,-0.12308
0.0029502,0.012167,-0.022882,-0.027162,0.99089,-0.06517,0.027819,-0.042898,0.02227,0.014901
0.064507,0.046067,-0.17678,-0.18819,-0.06517,0.51185,0.12064,-0.37786,0.11027,0.043872
-0.0077786,-0.048622,0.11571,0.12864,0.027819,0.12064,0.49423,-0.2466,-0.36723,-0.078176
0.0099879,0.029254,-0.076057,-0.08379,-0.042898,-0.37786,-0.2466,0.45855,-0.16359,0.044374
-0.054517,-0.016806,0.10072,0.10439,0.02227,0.11027,-0.36723,-0.16359,0.72615,0.00050482
0.031783,0.035498,-0.11424,-0.12308,0.014901,0.043872,-0.078176,0.044374,0.00050482,0.042679
59.05,59.05,59.05,59.05,59.05,59.05,59.05,59.05,59.05,59.05
