187.91,186.55,11.715,92.557,121.1,86.11,158.69,94.326,21.132,38.695,995.74,54.122,687.5,53.794,547.16,548.12,44.274,684.95,-377.69,404.37,404.37,404.37,0.10249,-99.303,17789,77.572,22.745
171.02,170.96,-16.159,74.585,31.407,7.4729,139.17,71.793,0.53922,2.4557,980.62,2.6066,13.026,2.9663,127.34,127.58,0.75353,12.447,-423.06,339.9,339.9,339.9,0.0053938,-115.77,-3.3255e+05,-318.56,-294.12
214.86,213.29,54.843,126.73,158.85,192.63,193.87,124.31,86.084,87.314,999.99,180.25,990.27,159.99,998.2,999.87,117.32,991.83,-162.58,428.93,428.93,428.93,0.34355,-62.445,2.38e+05,461.24,356.86
0.93068,-0.067576,-0.07093,0.0069923,-0.067268,-0.058424,-0.087004,0.022116,-0.0033112,0.078982,-4.9107e-05,-0.031496,0.034704,-0.040097,0.016379,0.019657,-0.019289,0.025965,0.024934,-0.092525,-0.092525,-0.092525,-0.0001663,-0.00036793,3.5419e-06,-0.013171,-0.01978
-0.067576,0.93339,-0.062987,0.0082046,-0.063972,-0.058436,-0.086619,0.022089,0.0064877,0.075113,-0.0011084,-0.014073,0.033494,-0.032245,0.012575,0.017919,-0.014787,0.022253,0.036473,-0.09427,-0.09427,-0.09427,-0.0001006,-0.00077973,3.9839e-06,-0.015835,-0.017168
-0.07093,-0.062987,0.84521,0.031348,-0.070633,-0.085776,-0.09981,0.042788,-0.1057,0.037418,0.0061196,-0.21468,-7.3978e-05,-0.14886,0.025968,0.0093299,-0.073756,0.016409,0.027818,-0.042156,-0.042156,-0.042156,-0.00099247,-0.0011852,-6.8052e-05,0.026112,-0.043269
0.0069923,0.0082046,0.031348,0.94733,-0.019495,0.061759,0.049753,-0.038911,0.0098705,0.042242,0.0068994,0.033473,0.018975,0.031932,0.0093869,0.0097613,0.0094281,0.018741,-0.1821,-0.021074,-0.021074,-0.021074,0.00032775,0.0092481,1.6508e-06,0.0088963,-0.020203
-0.067268,-0.063972,-0.070633,-0.019495,0.89132,-0.020334,-0.060341,0.0050161,-0.017276,0.12337,0.0058155,-0.056566,-0.059797,-0.035062,-0.0013024,-0.0012534,-0.039444,-0.06506,-0.095345,-0.11424,-0.11424,-0.11424,-1.7639e-05,0.010137,4.2881e-05,-0.016844,0.015391
-0.058424,-0.058436,-0.085776,0.061759,-0.020334,0.87915,-0.11943,0.05905,-0.01396,0.026877,-0.0083714,-0.063114,0.039136,-0.044617,-0.045134,-0.044217,-0.022969,0.034973,0.22035,-0.036722,-0.036722,-0.036722,-0.00052003,-0.0094353,-3.8573e-05,-0.01214,-0.05148
-0.087004,-0.086619,-0.09981,0.049753,-0.060341,-0.11943,0.8557,0.058141,-0.0022674,0.084223,-0.0074518,-0.048469,0.02975,-0.042115,0.014851,0.018989,-0.018503,0.01898,0.18979,-0.090045,-0.090045,-0.090045,-0.00041446,-0.0076793,-2.6088e-06,-0.011736,-0.02331
0.022116,0.022089,0.042788,-0.038911,0.0050161,0.05905,0.058141,0.964,0.016532,-0.026794,0.0053009,0.050481,0.011209,0.01012,0.00099593,0.0041187,0.0080098,0.0086901,-0.13775,-0.0012942,-0.0012942,-0.0012942,0.00033374,0.0060982,-1.6044e-05,-0.0090479,-0.013014
-0.0033112,0.0064877,-0.1057,0.0098705,-0.017276,-0.01396,-0.0022674,0.016532,0.8507,0.036332,0.011006,-0.27112,-0.022042,-0.094779,0.026433,-0.0068528,-0.063715,0.019984,-0.071416,0.074963,0.074963,0.074963,-0.0010656,0.0020415,-3.7873e-05,0.033343,-0.0026176
0.078982,0.075113,0.037418,0.042242,0.12337,0.026877,0.084223,-0.026794,0.036332,0.31974,0.0058095,0.14951,0.0077224,-0.37824,-0.023301,0.0075008,-0.059819,-0.025586,0.049157,0.025845,0.025845,0.025845,0.0001296,-0.015629,-2.5762e-05,-0.0050179,-0.032582
-4.9107e-05,-0.0011084,0.0061196,0.0068994,0.0058155,-0.0083714,-0.0074518,0.0053009,0.011006,0.0058095,0.99743,0.016653,-0.00090646,0.017487,-0.0014689,0.00034415,0.0081984,-0.0031618,0.038052,0.0014402,0.0014402,0.0014402,3.1246e-05,-0.0013536,-1.2249e-05,0.0021972,-0.0034132
-0.031496,-0.014073,-0.21468,0.033473,-0.056566,-0.063114,-0.048469,0.050481,-0.27112,0.14951,0.016653,0.48026,-0.049667,-0.14015,0.020363,-0.04106,-0.12132,0.026562,-0.066256,0.11701,0.11701,0.11701,-0.0019939,0.0033437,1.4295e-05,-0.0074628,0.018211
0.034704,0.033494,-7.3978e-05,0.018975,-0.059797,0.039136,0.02975,0.011209,-0.022042,0.0077224,-0.00090646,-0.049667,0.51004,0.023742,0.0082299,0.0033943,-0.048488,-0.48333,0.016932,0.0098526,0.0098526,0.0098526,3.9385e-05,0.023714,-8.9254e-06,0.0050223,-0.0071919
-0.040097,-0.032245,-0.14886,0.031932,-0.035062,-0.044617,-0.042115,0.01012,-0.094779,-0.37824,0.017487,-0.14015,0.023742,0.55926,0.02543,0.028423,-0.13127,0.016786,-0.063591,-0.075373,-0.075373,-0.075373,-0.00078639,-0.0094111,3.7308e-05,0.0083799,0.045435
0.016379,0.012575,0.025968,0.0093869,-0.0013024,-0.045134,0.014851,0.00099593,0.026433,-0.023301,-0.0014689,0.020363,0.0082299,0.02543,0.50138,-0.48942,-0.055995,-0.0012491,0.0015684,-0.021173,-0.021173,-0.021173,0.00046319,0.0073198,1.5677e-06,-0.00037822,0.0019238
0.019657,0.017919,0.0093299,0.0097613,-0.0012534,-0.044217,0.018989,0.0041187,-0.0068528,0.0075008,0.00034415,-0.04106,0.0033943,0.028423,-0.48942,0.51072,-0.063128,0.0056399,-0.013514,0.0059448,0.0059448,0.0059448,0.00023398,0.0080881,-7.0937e-06,0.0090311,0.0020012
-0.019289,-0.014787,-0.073756,0.0094281,-0.039444,-0.022969,-0.018503,0.0080098,-0.063715,-0.059819,0.0081984,-0.12132,-0.048488,-0.13127,-0.055995,-0.063128,0.92829,-0.040404,-0.05356,-0.019704,-0.019704,-0.019704,-0.00040779,0.0042298,7.2865e-05,-0.054501,-0.0040707
0.025965,0.022253,0.016409,0.018741,-0.06506,0.034973,0.01898,0.0086901,0.019984,-0.025586,-0.0031618,0.026562,-0.48333,0.016786,-0.0012491,0.0056399,-0.040404,0.50773,0.036878,-0.031705,-0.031705,-0.031705,0.00032445,0.022585,-5.1547e-06,-0.00082772,-0.0020684
0.024934,0.036473,0.027818,-0.1821,-0.095345,0.22035,0.18979,-0.13775,-0.071416,0.049157,0.038052,-0.066256,0.016932,-0.063591,0.0015684,-0.013514,-0.05356,0.036878,0.24413,-0.054205,-0.054205,-0.054205,0.00053799,0.03606,-2.5541e-05,-0.0064427,-0.028233
-0.092525,-0.09427,-0.042156,-0.021074,-0.11424,-0.036722,-0.090045,-0.0012942,0.074963,0.025845,0.0014402,0.11701,0.0098526,-0.075373,-0.021173,0.0059448,-0.019704,-0.031705,-0.054205,0.78625,-0.21375,-0.21375,0.00055747,0.0046735,-1.2629e-05,0.012644,0.010535
-0.092525,-0.09427,-0.042156,-0.021074,-0.11424,-0.036722,-0.090045,-0.0012942,0.074963,0.025845,0.0014402,0.11701,0.0098526,-0.075373,-0.021173,0.0059448,-0.019704,-0.031705,-0.054205,-0.21375,0.78625,-0.21375,0.00055747,0.0046735,-1.2629e-05,0.012644,0.010535
-0.092525,-0.09427,-0.042156,-0.021074,-0.11424,-0.036722,-0.090045,-0.0012942,0.074963,0.025845,0.0014402,0.11701,0.0098526,-0.075373,-0.021173,0.0059448,-0.019704,-0.031705,-0.054205,-0.21375,-0.21375,0.78625,0.00055747,0.0046735,-1.2629e-05,0.012644,0.010535
-0.0001663,-0.0001006,-0.00099247,0.00032775,-1.7639e-05,-0.00052003,-0.00041446,0.00033374,-0.0010656,0.0001296,3.1246e-05,-0.0019939,3.9385e-05,-0.00078639,0.00046319,0.00023398,-0.00040779,0.00032445,0.00053799,0.00055747,0.00055747,0.00055747,0.99999,-3.1546e-05,-5.3691e-07,0.00039103,-0.00071338
-0.00036793,-0.00077973,-0.0011852,0.0092481,0.010137,-0.0094353,-0.0076793,0.0060982,0.0020415,-0.015629,-0.0013536,0.0033437,0.023714,-0.0094111,0.0073198,0.0080881,0.0042298,0.022585,0.03606,0.0046735,0.0046735,0.0046735,-3.1546e-05,0.99559,7.2594e-06,0.0081912,0.031907
3.5419e-06,3.9839e-06,-6.8052e-05,1.6508e-06,4.2881e-05,-3.8573e-05,-2.6088e-06,-1.6044e-05,-3.7873e-05,-2.5762e-05,-1.2249e-05,1.4295e-05,-8.9254e-06,3.7308e-05,1.5677e-06,-7.0937e-06,7.2865e-05,-5.1547e-06,-2.5541e-05,-1.2629e-05,-1.2629e-05,-1.2629e-05,-5.3691e-07,7.2594e-06,2.0586e-08,-7.6881e-06,9.5764e-06
-0.013171,-0.015835,0.026112,0.0088963,-0.016844,-0.01214,-0.011736,-0.0090479,0.033343,-0.0050179,0.0021972,-0.0074628,0.0050223,0.0083799,-0.00037822,0.0090311,-0.054501,-0.00082772,-0.0064427,0.012644,0.012644,0.012644,0.00039103,0.0081912,-7.6881e-06,0.0069809,0.0012265
-0.01978,-0.017168,-0.043269,-0.020203,0.015391,-0.05148,-0.02331,-0.013014,-0.0026176,-0.032582,-0.0034132,0.018211,-0.0071919,0.045435,0.0019238,0.0020012,-0.0040707,-0.0020684,-0.028233,0.010535,0.010535,0.010535,-0.00071338,0.031907,9.5764e-06,0.0012265,0.012632
92.396,92.396,92.396,92.396,92.396,92.396,92.396,92.396,92.396,92.396,92.396,92.396,92.396,92.396,92.396,92.396,92.396,92.396,92.396,92.396,92.396,92.396,92.396,92.396,92.396,92.396,92.396
