778.27,68.923,638.66,680.18,6.5891,304.56,728.88,811.7,507.14,281.63
0,25.806,490.2,472.04,1.1829,227.32,582.21,677.29,419.31,42.008
1370.2,108.28,788.24,883.52,17.99,443.91,875.66,1024.5,633.1,529.82
0.00082355,0.026087,-0.0026084,0.0027244,0.0002238,-0.0039347,0.0064162,-0.0065208,-0.0025839,0.00099072
0.026087,0.95366,-0.060936,0.062869,-0.0086982,-0.14296,-0.029591,-0.088947,0.054009,0.059901
-0.0026084,-0.060936,0.014203,-0.01487,0.012728,0.0080599,-0.074663,0.048411,0.040353,0.0025332
0.0027244,0.062869,-0.01487,0.015717,-0.014489,-0.0082273,0.079562,-0.051352,-0.043129,-0.0028376
0.0002238,-0.0086982,0.012728,-0.014489,0.99635,-0.045946,0.0031127,-0.024167,0.021778,0.0022306
-0.0039347,-0.14296,0.0080599,-0.0082273,-0.045946,0.35767,0.0098436,-0.3218,0.32052,-0.0094935
0.0064162,-0.029591,-0.074663,0.079562,0.0031127,0.0098436,0.59496,-0.33077,-0.34061,-0.050992
-0.0065208,-0.088947,0.048411,-0.051352,-0.024167,-0.3218,-0.33077,0.52949,-0.14871,0.021962
-0.0025839,0.054009,0.040353,-0.043129,0.021778,0.32052,-0.34061,-0.14871,0.53078,0.031447
0.00099072,0.059901,0.0025332,-0.0028376,0.0022306,-0.0094935,-0.050992,0.021962,0.031447,0.0079994
57.62,57.62,57.62,57.62,57.62,57.62,57.62,57.62,57.62,57.62
