169.19,0.71512,0.71317,0.80319,0.020406,0.49113,0.83142,1.0685,0.57736,0.018918,0.27267,0.16409,0.066353
64.615,0.19502,0.42745,0.19303,0.0066707,0.31057,0.5056,0.92381,-0.0053515,0.0027515,0.16353,0.041105,0.00021971
299.26,0.95,0.9451,1.8528,0.0651,0.95889,1.1684,1.3365,1.0232,0.044576,0.51121,0.26444,0.1985
0.00022252,-0.019249,0.031683,-0.0019351,-0.11551,0.16926,-0.070327,0.099817,-0.069414,-0.12286,-0.51387,0.030832,0.097362
-0.019249,27.639,-4.8085,-1.8171,-4.0816,11.609,-46.555,34.199,22.628,16.434,-7.4213,16.209,-4.6126
0.031683,-4.8085,69.327,-9.0207,-58.22,80.937,-46.981,34.863,-46.126,-120.88,-273.29,6.5089,34.811
-0.0019351,-1.8171,-9.0207,14.379,18.135,-36.803,-40.867,15.055,51.867,-11.695,151.6,6.1912,-3.4976
-0.11551,-4.0816,-58.22,18.135,9818.1,-491.89,-223.23,-69.913,422.13,-272.68,-143.28,246.26,193.04
0.16926,11.609,80.937,-36.803,-491.89,4130.8,-190.82,-2903.8,2965.5,-178.64,-2343.3,88.484,189.19
-0.070327,-46.555,-46.981,-40.867,-223.23,-190.82,4053.6,-2128.1,-1937.2,-681.66,220.66,-541.88,-7.7023
0.099817,34.199,34.863,15.055,-69.913,-2903.8,-2128.1,4628.9,-2467.2,256.27,-969.51,313.06,96.89
-0.069414,22.628,-46.126,51.867,422.13,2965.5,-1937.2,-2467.2,4567.4,435.18,1373.6,224.66,-92.455
-0.12286,16.434,-120.88,-11.695,-272.68,-178.64,-681.66,256.27,435.18,9241.5,-197.58,-534.97,-768.05
-0.51387,-7.4213,-273.29,151.6,-143.28,-2343.3,220.66,-969.51,1373.6,-197.58,7838.7,-339.8,-434.96
0.030832,16.209,6.5089,6.1912,246.26,88.484,-541.88,313.06,224.66,-534.97,-339.8,400.5,63.621
0.097362,-4.6126,34.811,-3.4976,193.04,189.19,-7.7023,96.89,-92.455,-768.05,-434.96,63.621,512.09
