39.062,315.79,58.824,902.84,5.2441,288.37,491.44,808.76,164.38,26.431,6.2416e-10,6.1056e-10,5.9061e-10,5.7398e-10
1312.5,384.62,149.02,3163.5,33.14,644.38,849.97,962.53,674.16,65.241,9.6231e-10,2.5347e-09,1.2395e-09,2.4149e-09
0.037551,0.010039,0.051525,-0.0020624,0.01572,0.13607,0.059516,0.093439,-0.042628,0.02266,6.4403e-13,6.9107e-13,9.8531e-13,9.2619e-13
0.010039,0.99694,0.00092132,-0.03104,0.00048645,0.011618,-0.027033,-0.017035,-0.028653,-0.0028942,-5.3869e-14,-5.1716e-14,-6.6335e-14,-5.9802e-14
0.051525,0.00092132,0.99479,-0.018651,-0.0015563,-0.020781,0.024084,0.011374,0.032155,0.00053793,8.8078e-15,-3.8358e-14,-3.0424e-15,-4.4628e-14
-0.0020624,-0.03104,-0.018651,0.0017077,-0.00088667,-0.0018356,0.0030076,-0.0020914,-0.00025576,-0.01923,-9.9809e-14,-9.2602e-13,-1.5279e-13,-9.1502e-13
0.01572,0.00048645,-0.0015563,-0.00088667,0.99951,-0.0066981,0.0080788,0.0039305,0.010629,0.00031472,4.4106e-15,-6.7999e-15,1.2569e-15,-8.5961e-15
0.13607,0.011618,-0.020781,-0.0018356,-0.0066981,0.89443,0.16619,0.092119,0.19769,0.010313,1.9863e-13,3.4191e-15,1.9793e-13,9.4594e-15
0.059516,-0.027033,0.024084,0.0030076,0.0080788,0.16619,0.64319,-0.21881,-0.385,-0.028767,-6.2585e-13,-2.4857e-13,-7.432e-13,-3.4254e-13
0.093439,-0.017035,0.011374,-0.0020914,0.0039305,0.092119,-0.21881,0.86239,-0.22972,-0.018787,-4.1648e-13,-1.9502e-13,-5.079e-13,-2.6572e-13
-0.042628,-0.028653,0.032155,-0.00025576,0.010629,0.19769,-0.385,-0.22972,0.57259,-0.029101,-6.1511e-13,-1.9844e-13,-7.0582e-13,-2.7518e-13
0.02266,-0.0028942,0.00053793,-0.01923,0.00031472,0.010313,-0.028767,-0.018787,-0.029101,0.99696,-6.2647e-14,-5.0374e-14,-7.9205e-14,-6.1873e-14
6.4403e-13,-5.3869e-14,8.8078e-15,-9.9809e-14,4.4106e-15,1.9863e-13,-6.2585e-13,-4.1648e-13,-6.1511e-13,-6.2647e-14,1,-9.0266e-25,-1.8086e-24,-1.1908e-24
6.9107e-13,-5.1716e-14,-3.8358e-14,-9.2602e-13,-6.7999e-15,3.4191e-15,-2.4857e-13,-1.9502e-13,-1.9844e-13,-5.0374e-14,-9.0266e-25,1,-1.2545e-24,-1.687e-24
9.8531e-13,-6.6335e-14,-3.0424e-15,-1.5279e-13,1.2569e-15,1.9793e-13,-7.432e-13,-5.079e-13,-7.0582e-13,-7.9205e-14,-1.8086e-24,-1.2545e-24,1,-1.6471e-24
9.2619e-13,-5.9802e-14,-4.4628e-14,-9.1502e-13,-8.5961e-15,9.4594e-15,-3.4254e-13,-2.6572e-13,-2.7518e-13,-6.1873e-14,-1.1908e-24,-1.687e-24,-1.6471e-24,1
36.349,36.349,36.349,36.349,36.349,36.349,36.349,36.349,36.349,36.349,36.349,36.349,36.349,36.349
871.09,337.38,96.079,1532,14.376,419.93,656.68,860.53,440.6,43.004,8.1281e-10,1.328e-09,8.7855e-10,1.3299e-09
1,1,1,1,1,1,1,1,1,1,1,1,1,1
