479.44,407.11,-231.29,-429.87,-13.181,-13.181,-13.181,31.905,100.87
282.41,172.84,-288.16,-551.64,-65.434,-65.434,-65.434,1.2487,-302.17
851.67,827.18,-128.54,-370.85,215.56,215.56,215.56,149.29,341.64
0.013317,-0.011301,0.0061132,-0.00027547,-0.00012981,-0.00012981,-0.00012981,-0.003151,-2.5015e-05
-0.011301,0.0097181,-0.0052678,0.0002608,0.00013879,0.00013879,0.00013879,0.0021149,3.2619e-05
0.0061132,-0.0052678,0.0070566,-0.0019189,-0.00056737,-0.00056737,-0.00056737,-0.0013058,-2.2977e-05
-0.00027547,0.0002608,-0.0019189,0.0012926,0.00025226,0.00025226,0.00025226,-0.00028105,2.6294e-05
-0.00012981,0.00013879,-0.00056737,0.00025226,0.66677,-0.33323,-0.33323,-0.00019941,-1.4611e-05
-0.00012981,0.00013879,-0.00056737,0.00025226,-0.33323,0.66677,-0.33323,-0.00019941,-1.4611e-05
-0.00012981,0.00013879,-0.00056737,0.00025226,-0.33323,-0.33323,0.66677,-0.00019941,-1.4611e-05
-0.003151,0.0021149,-0.0013058,-0.00028105,-0.00019941,-0.00019941,-0.00019941,0.0042066,-1.2129e-05
-2.5015e-05,3.2619e-05,-2.2977e-05,2.6294e-05,-1.4611e-05,-1.4611e-05,-1.4611e-05,-1.2129e-05,6.5615e-05
52.628,52.628,52.628,52.628,52.628,52.628,52.628,52.628,52.628
