167.97,0.60731,0.74869,0.83554,0.00046204,0.098178,0.70612,0.75915,0.66098,0.59519,0.59889,0.27638,0.9956
0.65934,0.062241,0.36471,0.37682,5.8686e-06,0.016277,0.54896,0.61695,0.47973,0.040051,0.17637,0.064523,0.94861
341.82,0.98802,0.97255,3.816,0.0044931,0.24052,1.0217,1.03,1.0138,1.8536,1.2445,0.57375,0.99994
0.00012467,-0.0012243,-0.02295,-0.0011532,-0.011426,0.020715,0.085346,-0.022495,-0.043233,-0.001668,-0.0019304,-0.0074427,0.092602
-0.0012243,20.865,10.487,0.09142,-5.2224,6.4454,57.043,-25.248,-31.705,-8.7989,7.6888,27.869,-13.052
-0.02295,10.487,49.328,1.2264,-0.72171,-8.3098,-24.298,-5.0326,3.2745,-2.5091,5.1684,-2.9193,-58.21
-0.0011532,0.09142,1.2264,2.6056,-0.18324,3.9932,0.43625,2.9236,-1.0711,0.60973,-3.2606,3.607,-1.8123
-0.011426,-5.2224,-0.72171,-0.18324,9985,-84.552,16.181,-54.847,29.71,10.935,-8.7632,-8.9475,11.016
0.020715,6.4454,-8.3098,3.9932,-84.552,3651.2,244.6,-3279.9,3069,-24.066,-31.709,52.556,619.38
0.085346,57.043,-24.298,0.43625,16.181,244.6,3354.1,-1517.8,-1762.4,-80.012,59.475,142.85,259.47
-0.022495,-25.248,-5.0326,2.9236,-54.847,-3279.9,-1517.8,4145,-2575.1,23.672,-43.738,-21.19,219.81
-0.043233,-31.705,3.2745,-1.0711,29.71,3069,-1762.4,-2575.1,4355.9,47.727,-12.015,-73.73,-399.62
-0.001668,-8.7989,-2.5091,0.60973,10.935,-24.066,-80.012,23.672,47.727,71.045,-67.718,-147.55,-132.42
-0.0019304,7.6888,5.1684,-3.2606,-8.7632,-31.709,59.475,-43.738,-12.015,-67.718,98.873,98.764,83.868
-0.0074427,27.869,-2.9193,3.607,-8.9475,52.556,142.85,-21.19,-73.73,-147.55,98.764,473.9,90.318
0.092602,-13.052,-58.21,-1.8123,11.016,619.38,259.47,219.81,-399.62,-132.42,83.868,90.318,7760.4
