884.98,795.79,220.54,-321.54,893.94,893.94,893.94,12.375,78.658
1121.9,1100,438.37,-90.704,1091.3,1091.3,1091.3,211.45,340.73
0.78665,-0.26074,0.11585,0.20578,0.045875,0.045875,0.045875,-0.056463,-0.18593
-0.26074,0.67121,0.16782,0.25312,0.090751,0.090751,0.090751,-0.10211,-0.15916
0.11585,0.16782,0.86918,-0.11595,-0.1147,-0.1147,-0.1147,0.11636,-0.075269
0.20578,0.25312,-0.11595,0.80125,-0.04981,-0.04981,-0.04981,0.059768,0.16842
0.045875,0.090751,-0.1147,-0.04981,0.87141,-0.12859,-0.12859,0.12545,-0.19304
0.045875,0.090751,-0.1147,-0.04981,-0.12859,0.87141,-0.12859,0.12545,-0.19304
0.045875,0.090751,-0.1147,-0.04981,-0.12859,-0.12859,0.87141,0.12545,-0.19304
-0.056463,-0.10211,0.11636,0.059768,0.12545,0.12545,0.12545,0.87692,0.17318
-0.18593,-0.15916,-0.075269,0.16842,-0.19304,-0.19304,-0.19304,0.17318,0.38061
21.707,21.707,21.707,21.707,21.707,21.707,21.707,21.707,21.707
982.82,909.71,348.69,-184.17,993.46,993.46,993.46,108.21,201.95
1,1,1,1,1,1,1,1,1
