604.8,645.46,758.5,791.51,16.046,441.36,623.07,791.36,350,35.955,456.2,179.62,77.394
34.091,61.905,388.24,472.24,0.055859,39.194,361.52,645.96,-23.684,1.0381,157.33,17.579,3.797
1398.5,982.22,1000,1157,43.139,752.05,943.2,1039.6,702.71,113.02,1160.1,355.01,766.17
8.1567e-06,2.9301e-07,-1.2851e-06,4.8054e-06,-5.5249e-05,4.4513e-06,-9.3562e-06,1.1198e-05,6.7623e-06,-2.3171e-05,4.6013e-06,8.7308e-06,-1.6337e-06
2.9301e-07,2.6124e-05,4.4972e-08,-1.5221e-05,5.8725e-06,3.0078e-06,1.4013e-05,-3.4446e-07,-2.8624e-06,4.0415e-05,-1.2675e-05,1.7941e-05,5.1545e-06
-1.2851e-06,4.4972e-08,4.5036e-05,-6.8564e-06,-0.00010855,1.8695e-05,4.8104e-05,-7.8647e-06,-2.6505e-05,7.3236e-05,-9.4605e-06,-2.8558e-05,8.3903e-06
4.8054e-06,-1.5221e-05,-6.8564e-06,6.6049e-05,-0.00048244,2.9627e-05,-2.001e-05,2.0286e-05,-9.2471e-06,-0.00025288,3.1724e-05,-2.9544e-05,1.0287e-05
-5.5249e-05,5.8725e-06,-0.00010855,-0.00048244,0.10075,-0.0049278,0.0014729,-0.0027071,0.0022725,0.0070445,5.8838e-05,-0.00031583,-0.0016782
4.4513e-06,3.0078e-06,1.8695e-05,2.9627e-05,-0.0049278,0.33363,-4.5159e-05,-0.33317,0.3332,-0.00042338,-2.7083e-06,-8.6763e-05,9.5964e-05
-9.3562e-06,1.4013e-05,4.8104e-05,-2.001e-05,0.0014729,-4.5159e-05,0.0010148,-0.00053324,-0.00048776,0.00076044,-0.00012998,-0.00028558,2.9669e-06
1.1198e-05,-3.4446e-07,-7.8647e-06,2.0286e-05,-0.0027071,-0.33317,-0.00053324,0.3337,-0.33313,-0.00058206,6.3624e-05,0.00011539,3.8636e-05
6.7623e-06,-2.8624e-06,-2.6505e-05,-9.2471e-06,0.0022725,0.3332,-0.00048776,-0.33313,0.33368,-0.0001405,6.6082e-05,0.00019408,-6.0998e-05
-2.3171e-05,4.0415e-05,7.3236e-05,-0.00025288,0.0070445,-0.00042338,0.00076044,-0.00058206,-0.0001405,0.0049891,-0.0002919,-0.00076039,-0.00035799
4.6013e-06,-1.2675e-05,-9.4605e-06,3.1724e-05,5.8838e-05,-2.7083e-06,-0.00012998,6.3624e-05,6.6082e-05,-0.0002919,5.9132e-05,1.4495e-05,3.4305e-06
8.7308e-06,1.7941e-05,-2.8558e-05,-2.9544e-05,-0.00031583,-8.6763e-05,-0.00028558,0.00011539,0.00019408,-0.00076039,1.4495e-05,0.00072354,5.3152e-05
-1.6337e-06,5.1545e-06,8.3903e-06,1.0287e-05,-0.0016782,9.5964e-05,2.9669e-06,3.8636e-05,-6.0998e-05,-0.00035799,3.4305e-06,5.3152e-05,0.00011828
106.42,106.42,106.42,106.42,106.42,106.42,106.42,106.42,106.42,106.42,106.42,106.42,106.42
