140.62,83.333,121.57,391.12,10.562,350.94,486.21,678.43,327.49,50.427,3.833e-14,3.7556e-14,3.8173e-14,3.7327e-14
1361.6,686.75,690.2,1852.7,29.788,600.6,801.31,1035.4,538.96,322,1.7555e-11,9.9293e-12,1.0617e-11,9.9826e-12
5.6998e-05,-6.2107e-05,-1.6345e-05,-2.418e-05,0.0023661,9.1696e-06,0.00011951,-3.9728e-05,-4.4129e-05,4.1446e-05,8.2817e-15,5.163e-15,5.8592e-15,5.3061e-15
-6.2107e-05,0.00013322,2.3359e-05,3.6507e-05,-0.0038545,3.0112e-05,-0.00013829,8.6078e-05,4.8282e-05,5.3224e-05,-6.6262e-15,-1.5412e-15,-1.1322e-15,-2.209e-15
-1.6345e-05,2.3359e-05,0.00010969,3.32e-07,7.8928e-05,3.5863e-05,0.0002577,-7.6513e-05,-0.00011507,7.9443e-05,7.9882e-15,9.313e-15,9.5223e-15,9.0676e-15
-2.418e-05,3.6507e-05,3.32e-07,3.6172e-05,-0.0020921,-3.0952e-05,-0.00011459,3.1584e-05,6.212e-05,-4.9563e-05,-4.2763e-15,-2.8456e-16,-1.0278e-15,-6.6776e-17
0.0023661,-0.0038545,7.8928e-05,-0.0020921,0.30474,-0.0053101,0.0049221,-0.0046478,0.00066388,-0.0008392,1.2237e-13,7.1206e-14,7.1431e-14,8.1046e-14
9.1696e-06,3.0112e-05,3.5863e-05,-3.0952e-05,-0.0053101,0.33379,0.00038503,-0.3333,0.33292,0.00024757,4.0485e-14,2.3622e-14,2.7075e-14,2.2598e-14
0.00011951,-0.00013829,0.0002577,-0.00011459,0.0049221,0.00038503,0.0020156,-0.00063527,-0.001016,0.00074817,1.2009e-13,8.5078e-14,8.914e-14,8.3979e-14
-3.9728e-05,8.6078e-05,-7.6513e-05,3.1584e-05,-0.0046478,-0.3333,-0.00063527,0.33368,-0.33303,-0.00010254,-2.7766e-14,-2.1913e-14,-2.034e-14,-2.2288e-14
-4.4129e-05,4.8282e-05,-0.00011507,6.212e-05,0.00066388,0.33292,-0.001016,-0.33303,0.33405,-0.00035731,-6.849e-14,-4.5664e-14,-4.7742e-14,-4.4983e-14
4.1446e-05,5.3224e-05,7.9443e-05,-4.9563e-05,-0.0008392,0.00024757,0.00074817,-0.00010254,-0.00035731,0.00070053,8.1034e-14,5.3224e-14,6.331e-14,5.0568e-14
8.2817e-15,-6.6262e-15,7.9882e-15,-4.2763e-15,1.2237e-13,4.0485e-14,1.2009e-13,-2.7766e-14,-6.849e-14,8.1034e-14,1,-3.562e-24,-3.7451e-24,-3.6628e-24
5.163e-15,-1.5412e-15,9.313e-15,-2.8456e-16,7.1206e-14,2.3622e-14,8.5078e-14,-2.1913e-14,-4.5664e-14,5.3224e-14,-3.562e-24,1,-2.4153e-24,-2.3951e-24
5.8592e-15,-1.1322e-15,9.5223e-15,-1.0278e-15,7.1431e-14,2.7075e-14,8.914e-14,-2.034e-14,-4.7742e-14,6.331e-14,-3.7451e-24,-2.4153e-24,1,-2.4533e-24
5.3061e-15,-2.209e-15,9.0676e-15,-6.6776e-17,8.1046e-14,2.2598e-14,8.3979e-14,-2.2288e-14,-4.4983e-14,5.0568e-14,-3.6628e-24,-2.3951e-24,-2.4533e-24,1
74.876,74.876,74.876,74.876,74.876,74.876,74.876,74.876,74.876,74.876,74.876,74.876,74.876,74.876
946.85,365.78,337.5,1196.5,19.729,475.88,596.18,872.67,396.79,208.06,2.5996e-12,2.0341e-12,2.1261e-12,2.0282e-12
1,1,1,1,1,1,1,1,1,1,1,1,1,1
