207.61,0.66791,0.75468,0.0068916,0.34024,0.044319,0.34941,0.13546,0.045667
0.40816,0.13793,0.4549,0.0036234,0.27789,0.0052335,0.14953,0.067133,0.00043189
348.75,0.9949,0.9451,0.011269,0.40686,0.082913,0.68669,0.18874,0.086553
0.0001306,0.02574,-0.010982,-0.0073464,-0.13475,-0.00045247,-0.0018108,-0.0045632,-0.011117
0.02574,19.839,-15.217,-1.3106,-19.295,0.47707,-5.9132,-3.7507,16.856
-0.010982,-15.217,67.293,-2.2849,25.536,37.213,0.076975,11.105,16.98
-0.0073464,-1.3106,-2.2849,997.85,-22.467,-2.2454,5.3009,-17.361,10.118
-0.13475,-19.295,25.536,-22.467,608.72,-63.55,20.634,-323.55,-24.002
-0.00045247,0.47707,37.213,-2.2454,-63.55,964.69,-116.28,-71.545,-19.913
-0.0018108,-5.9132,0.076975,5.3009,20.634,-116.28,52.98,-21.007,-25.798
-0.0045632,-3.7507,11.105,-17.361,-323.55,-71.545,-21.007,630.97,76.238
-0.011117,16.856,16.98,10.118,-24.002,-19.913,-25.798,76.238,666.64
