0.3657,0.26302,0.22454,0.19093,0.11029,0.24331,0.19299,0.15057,0.23723,0.18212,0.94563,0.081622,0.94343,0.18267,0.11904,0.10054,0.09595,0.98911,-0.88598,1.2536,1.2536,1.2536,0.017239,0.054348,9.2837,-0.038204,-0.05
0.27591,0.19885,0.11751,0.052986,0.058799,0.13938,0.13662,0.023752,0.15525,0.014618,0.79594,0.071013,0.79809,0.022797,0.076387,0.062473,0.068825,0.98515,-1.537,0.87953,0.87953,0.87953,1.5092e-05,-0.055462,-293.14,-0.26009,-0.31765
0.46954,0.4208,0.42015,0.40988,0.13722,0.45248,0.30127,0.27047,0.43463,0.59929,0.99737,0.095709,0.99629,0.5857,0.14254,0.14944,0.15308,0.99431,-0.48566,1.5118,1.5118,1.5118,0.068845,0.17365,227.53,0.25387,0.2
9655,-38.059,-382.47,107.43,48.541,-417.65,-85.567,199.28,-426.82,-180.63,49.888,-39.367,57.359,-200.3,-94.923,-91.647,-33.841,14.191,169.75,-869.71,-869.71,-869.71,-15.048,-88.483,0.67522,575.57,166.76
-38.059,9753.2,258.75,-380.69,72.531,263.8,-162.54,-233.3,212.15,-639.92,234.9,3.2008,226.83,-614.61,-22.205,75.893,-84.722,2.1019,970.41,-155.43,-155.43,-155.43,-81.568,-156.06,0.79326,-195.23,-38.225
-382.47,258.75,9202.6,606.14,-29.526,-847.52,95.085,537.69,-794.88,568.95,-229.3,-53.008,-209.98,513.06,-90.688,-208.32,62.961,15.068,-992.55,-890.49,-890.49,-890.49,82.456,83.403,-0.14995,959.15,255.15
107.43,-380.69,606.14,9331.3,93.594,631.54,-221.12,-475.2,552.46,-947.08,355.7,24.468,338.98,-896.5,10.574,167.72,-120.53,-3.5513,1487.3,174.6,174.6,174.6,-124.63,-209.2,1.2093,-597.95,-143.57
48.541,72.531,-29.526,93.594,9974.6,-27.046,54.441,42.657,-11.735,197.11,-70.549,3.4502,-69.137,192.27,16.606,-10.922,27.191,-2.1453,-287.44,138.85,138.85,138.85,24.247,52.965,-0.302,-9.3385,-7.7847
-417.65,263.8,-847.52,631.54,-27.046,9098.5,91.991,567.4,-847.95,573.33,-232.66,-57.3,-212.24,514.43,-99.937,-220.83,62.489,16.496,-1010.2,-977.01,-977.01,-977.01,83.861,79.761,-0.33793,1027.4,274.24
-85.567,-162.54,95.085,-221.12,54.441,91.991,9882.1,-111.7,57.759,-436.13,157.17,-5.0032,153.41,-423.67,-30.951,31.552,-59.513,3.8585,642.8,-253.27,-253.27,-253.27,-54.169,-114.29,1.307,-20.537,5.626
199.28,-233.3,537.69,-475.2,42.657,567.4,-111.7,9616.2,519.42,-548.16,212.61,30.682,198.93,-507.88,42.489,143.46,-65.686,-7.6335,903.54,439.84,439.84,439.84,-75.405,-102.85,-0.18822,-604.8,-155.93
-426.82,212.15,-794.88,552.46,-11.735,-847.95,57.759,519.42,9194.8,439.13,-183.45,-56.772,-164.69,385.43,-104.91,-205.31,44.685,16.985,-807.09,-1012.5,-1012.5,-1012.5,66.782,46.873,0.21734,988.68,266.86
-180.63,-639.92,568.95,-947.08,197.11,573.33,-436.13,-548.16,439.13,8320.8,612.46,-1.3309,593.63,-1619.3,-79.692,171.84,-224.72,8.8012,2521.3,-607.41,-607.41,-607.41,-212.12,-420.25,2.757,-359.92,-57.406
49.888,234.9,-229.3,355.7,-70.549,-232.66,157.17,212.61,-183.45,612.46,9775.8,-1.4414,-216.83,589.32,24.824,-68.083,81.487,-2.5594,-924.58,182.02,182.02,182.02,77.747,151.15,-1.187,161.45,29.433
-39.367,3.2008,-53.008,24.468,3.4502,-57.3,-5.0032,30.682,-56.772,-1.3309,-1.4414,9995.3,-0.31214,-4.4297,-10.468,-13.134,-1.3432,1.6028,-10.227,-97.403,-97.403,-97.403,0.76791,-5.5478,-0.030672,73.731,20.792
57.359,226.83,-209.98,338.98,-69.137,-212.24,153.41,198.93,-164.69,593.63,-216.83,-0.31214,9790,571.93,26.449,-62.943,79.249,-2.8471,-893.35,198.68,198.68,198.68,75.142,147.7,-1.2412,139.49,23.744
-200.3,-614.61,513.06,-896.5,192.27,514.43,-423.67,-507.88,385.43,-1619.3,589.32,-4.4297,571.93,8436.4,-83.774,156.87,-217.48,9.5495,2423.2,-650.26,-650.26,-650.26,-203.93,-408.73,2.9222,-297.8,-41.486
-94.923,-22.205,-90.688,10.574,16.606,-99.937,-30.951,42.489,-104.91,-79.692,24.824,-10.468,26.449,-83.774,9973.3,-21.059,-13.229,3.9308,92.741,-242.2,-242.2,-242.2,-8.0059,-31.424,0.97565,145.87,43.15
-91.647,75.893,-208.32,167.72,-10.922,-220.83,31.552,143.46,-205.31,171.84,-68.083,-13.134,-62.943,156.87,-21.059,9945.2,19.725,3.5799,-292.33,-209.97,-209.97,-209.97,24.334,28.363,0.57835,244.65,64.382
-33.841,-84.722,62.961,-120.53,27.191,62.489,-59.513,-65.686,44.685,-224.72,81.487,-1.3432,79.249,-217.48,-13.229,19.725,9969.6,1.5712,334.4,-105.18,-105.18,-105.18,-28.156,-57.526,0.29053,-29.92,-2.5457
14.191,2.1019,15.068,-3.5513,-2.1453,16.496,3.8585,-7.6335,16.985,8.8012,-2.5594,1.6028,-2.8471,9.5495,3.9308,3.5799,1.5712,9999.4,-9.087,35.909,35.909,35.909,0.79571,3.9633,-0.095587,-23.105,-6.735
169.75,970.41,-992.55,1487.3,-287.44,-1010.2,642.8,903.54,-807.09,2521.3,-924.58,-10.227,-893.35,2423.2,92.741,-292.33,334.4,-9.087,6182.6,661.31,661.31,661.31,320.91,617.52,1.5924,731.88,140.1
-869.71,-155.43,-890.49,174.6,138.85,-977.01,-253.27,439.84,-1012.5,-607.41,182.02,-97.403,198.68,-650.26,-242.2,-209.97,-105.18,35.909,661.31,7792.7,-2207.3,-2207.3,-57.532,-258.95,-2.9374,1387.7,406.56
-869.71,-155.43,-890.49,174.6,138.85,-977.01,-253.27,439.84,-1012.5,-607.41,182.02,-97.403,198.68,-650.26,-242.2,-209.97,-105.18,35.909,661.31,-2207.3,7792.7,-2207.3,-57.532,-258.95,-2.9374,1387.7,406.56
-869.71,-155.43,-890.49,174.6,138.85,-977.01,-253.27,439.84,-1012.5,-607.41,182.02,-97.403,198.68,-650.26,-242.2,-209.97,-105.18,35.909,661.31,-2207.3,-2207.3,7792.7,-57.532,-258.95,-2.9374,1387.7,406.56
-15.048,-81.568,82.456,-124.63,24.247,83.861,-54.169,-75.405,66.782,-212.12,77.747,0.76791,75.142,-203.93,-8.0059,24.334,-28.156,0.79571,320.91,-57.532,-57.532,-57.532,9973,-52.053,0.4182,-60.124,-11.378
-88.483,-156.06,83.403,-209.2,52.965,79.761,-114.29,-102.85,46.873,-420.25,151.15,-5.5478,147.7,-408.73,-31.424,28.363,-57.526,3.9633,617.52,-258.95,-258.95,-258.95,-52.053,9889.1,-1.2089,-8.4103,8.6229
0.67522,0.79326,-0.14995,1.2093,-0.302,-0.33793,1.307,-0.18822,0.21734,2.757,-1.187,-0.030672,-1.2412,2.9222,0.97565,0.57835,0.29053,-0.095587,1.5924,-2.9374,-2.9374,-2.9374,0.4182,-1.2089,0.022421,-8.3597,-9.9488
575.57,-195.23,959.15,-597.95,-9.3385,1027.4,-20.537,-604.8,988.68,-359.92,161.45,73.731,139.49,-297.8,145.87,244.65,-29.92,-23.105,731.88,1387.7,1387.7,1387.7,-60.124,-8.4103,-8.3597,8763.7,-338.65
166.76,-38.225,255.15,-143.57,-7.7847,274.24,5.626,-155.93,266.86,-57.406,29.433,20.792,23.744,-41.486,43.15,64.382,-2.5457,-6.735,140.1,406.56,406.56,406.56,-11.378,8.6229,-9.9488,-338.65,9906.2
