208.85,0.55153,0.80644,0.94847,0.00023012,0.069838,0.64746,0.68312,0.61328,0.086239,0.2734,0.10617,0.98842
38.824,0.11644,0.57255,0.64827,3.4997e-05,0.049209,0.45352,0.48225,0.43015,0.033159,0.13658,0.066268,0.95948
334.82,0.91463,0.96471,1.5118,0.0013567,0.16116,0.83518,0.86058,0.81012,0.17689,0.38751,0.16193,0.99956
0.00013091,-0.010894,-0.015075,-0.0017796,0.0017835,-0.071314,-0.070533,-0.01781,0.053527,0.076463,-0.06302,0.046889,0.21236
-0.010894,26.519,-15.226,-15.217,-0.33809,18.996,64.098,-10.966,-29.957,82.462,-43.129,-40.149,54.461
-0.015075,-15.226,85.115,10.365,-1.7533,-2.5241,35.39,-29.359,-26.827,-200.89,126.75,3.8305,100.49
-0.0017796,-15.217,10.365,35.064,-0.56824,-53.13,-22.082,-8.4785,44.653,-132.51,44.892,17.983,-222.47
0.0017835,-0.33809,-1.7533,-0.56824,9999.1,-68.365,-7.01,-31.833,36.531,0.3161,-1.7628,1.1488,17.892
-0.071314,18.996,-2.5241,-53.13,-68.365,4689.7,-399.61,-2396.2,2914,-576.67,-57.038,-91.43,1591
-0.070533,64.098,35.39,-22.082,-7.01,-399.61,6462.2,-3413.1,-3013.5,295.11,1.9258,266.03,158.44
-0.01781,-10.966,-29.359,-8.4785,-31.833,-2396.2,-3413.1,5598.5,-2005.3,-348.81,-164.34,-311.89,470.28
0.053527,-29.957,-26.827,44.653,36.531,2914,-3013.5,-2005.3,5080.7,227.92,-107.34,-220.41,-1120.7
0.076463,82.462,-200.89,-132.51,0.3161,-576.67,295.11,-348.81,227.92,5309.9,-1901.5,-3301.8,267.64
-0.06302,-43.129,126.75,44.892,-1.7628,-57.038,1.9258,-164.34,-107.34,-1901.5,1047.4,1299.9,90.789
0.046889,-40.149,3.8305,17.983,1.1488,-91.43,266.03,-311.89,-220.41,-3301.8,1299.9,3858.9,-519.53
0.21236,54.461,100.49,-222.47,17.892,1591,158.44,470.28,-1120.7,267.64,90.789,-519.53,9073.7
