223.4,0.70472,0.77833,0.67766,0.0001997,0.060129,0.81491,0.84672,0.78659,0.11608,0.22516,0.14353,0.99163
36.17,0.096774,0.40784,0.27815,7.6838e-06,0.018396,0.56496,0.57933,0.55373,0.018225,0.1245,0.046931,0.91681
352.27,0.98246,0.99608,1.1763,0.0018085,0.22364,1.1981,1.2272,1.1603,0.3522,0.39497,0.27715,0.99985
0.00014158,0.02098,0.013668,-0.020346,-0.0057035,-0.0051342,-0.057126,0.019886,0.025061,0.04754,0.03996,-0.16731,0.093854
0.02098,33.956,-1.6169,10.734,-1.7797,-33.175,-23.689,-3.2193,29.952,-12.692,-3.3532,-2.2062,7.8636
0.013668,-1.6169,70.604,-0.65022,-0.068201,89.357,27.39,24.788,-64.558,-63.13,63.887,-48.789,-53.347
-0.020346,10.734,-0.65022,40.792,-0.20559,25.897,-50.37,44.014,18.102,-124.47,78.339,63.382,62.707
-0.0057035,-1.7797,-0.068201,-0.20559,9999.1,-39.748,9.1904,-23.144,16.605,16.371,-11.724,1.5902,48.872
-0.0051342,-33.175,89.357,25.897,-39.748,4207.1,365.41,-3076.5,2716.5,-5.9556,72.48,-492.9,1606.8
-0.057126,-23.689,27.39,-50.37,9.1904,365.41,5665.4,-2642.1,-3007.4,607.17,-236.59,-519.18,-324.46
0.019886,-3.2193,24.788,44.014,-23.144,-3076.5,-2642.1,4790.8,-2132.8,-279.86,144.06,-11.987,976.13
0.025061,29.952,-64.558,18.102,16.605,2716.5,-3007.4,-2132.8,5150.7,-273.91,71.666,480.86,-630.65
0.04754,-12.692,-63.13,-124.47,16.371,-5.9556,607.17,-279.86,-273.91,2222,-1252.8,-1648,-508.55
0.03996,-3.3532,63.887,78.339,-11.724,72.48,-236.59,144.06,71.666,-1252.8,1062.8,485.42,161.94
-0.16731,-2.2062,-48.789,63.382,1.5902,-492.9,-519.18,-11.987,480.86,-1648,485.42,2328.9,-269.03
0.093854,7.8636,-53.347,62.707,48.872,1606.8,-324.46,976.13,-630.65,-508.55,161.94,-269.03,6725.5
