0.23846,0.13811,0.18602,0.17366,0.037416,0.14159,0.14159,0.027216,0.1695,0.097456,0.19093,0.84398,0.29564,0.68859,0.24934,0.81119,0.29996,0.070962,-0.014902,0.39921,0.39921,0.39921,0.00025099,-0.063309,-85.699,0.11568,-0.047619
0.17238,0.02669,0.082785,0.084596,0.0060062,0.021599,0.023502,0.0005623,0.0074237,0.0011354,0.0085608,0.064961,0.034077,0.065414,0.011859,0.16517,0.0069009,0.0017947,-0.032642,0.18174,0.18174,0.18174,6.9645e-06,-0.12499,-222.46,-0.35135,-0.2902
0.33412,0.22188,0.24981,0.24582,0.13034,0.22242,0.23674,0.085842,0.23118,0.47885,0.99783,0.99991,0.97695,0.99935,0.99649,0.99938,0.98617,0.3368,-0.0017709,0.46502,0.46502,0.46502,0.0012826,0.028527,48.094,0.80159,0.50588
9785.1,-182.91,-120.7,93.742,191.35,-471.05,-472.38,129.12,115.2,209.48,52.222,-233.48,324.25,-2.6274,200.42,79.471,374.76,168.52,-134.76,-444.14,-444.14,-444.14,-1.016,284.06,-2.5744,-6.2929,-561.92
-182.91,9809.3,-80.338,95.636,174.43,-432.87,-433.79,94.227,133.36,227.7,-163.61,-3.8991,542.61,-38.883,6.0662,-172.75,600.13,146.64,-111.32,-326.01,-326.01,-326.01,-0.84641,268.21,-2.1239,-16.286,-353.47
-120.7,-80.338,9912.9,37.819,83.021,-237,-235.4,84.605,23.045,35.818,238.3,-311.93,47.376,-128.02,266.79,137.64,51.281,49.728,-75.022,-291.39,-291.39,-291.39,-0.55199,145.17,-1.6911,-55.94,-360.69
93.742,95.636,37.819,9567.7,-53.53,560.35,492.19,-190.27,-319.22,816.37,181.02,-384.11,-104.27,-267.15,658.2,-275.74,38.739,593.05,245.01,540.45,540.45,540.45,-0.31703,-434.42,-2.3209,-24.388,-509.12
191.35,174.43,83.021,-53.53,9754.3,411.28,429.84,-89.199,-147.42,-526.25,238.58,21.841,-289.36,-465.41,-88.387,-159.63,-417.8,-413.04,104.9,306.31,306.31,306.31,1.0128,-220.49,-1.4706,-404.87,577.41
-471.05,-432.87,-237,560.35,411.28,8634.4,-1309.3,393.24,518.28,-276.57,-204.84,41.35,799.71,296.38,-314.51,298.61,782.51,-182.63,-459.37,-1249,-1249,-1249,-1.5375,910.12,-1.1692,106.31,-493.97
-472.38,-433.79,-235.4,492.19,429.84,-1309.3,8732.4,365.67,484.53,-69.793,-239,5.5274,803.25,347,-225.82,276.35,828.49,-29.865,-426.89,-1175.8,-1175.8,-1175.8,-1.7161,853.23,-1.5371,116.47,-663.76
129.12,94.227,84.605,-190.27,-89.199,393.24,365.67,9854.9,-133.15,267.1,-181.6,146.36,-62.103,10.621,-27.534,-239.29,-10.909,166.36,152.3,445.34,445.34,445.34,0.21759,-281.36,-1.3042,-171.46,5.369
115.2,133.36,23.045,-319.22,-147.42,518.28,484.53,-133.15,9683.8,251.37,502.55,-504.09,-226.25,-629.42,639.71,-214.64,-211.19,181.95,194,385.06,385.06,385.06,0.17179,-354.27,-2.1087,-173.96,-130.77
209.48,227.7,35.818,816.37,-526.25,-276.57,-69.793,267.1,251.37,6642.6,791.59,347.87,-707.51,-1046.3,-1225.3,402.18,-1414,-2485.6,-317.07,-674.61,-674.61,-674.61,2.9838,460.62,-1.5866,-1285.7,2293.4
52.222,-163.61,238.3,181.02,238.58,-204.84,-239,-181.6,502.55,791.59,7313.8,2281.4,821.2,2207.6,-2168,-484.19,1100.3,438.64,0.2212,574.76,574.76,574.76,-0.67418,23.502,-2.5807,-545.88,-251.24
-233.48,-3.8991,-311.93,-384.11,21.841,41.35,5.5274,146.36,-504.09,347.87,2281.4,7603.2,-534.17,-1701.9,2464.4,466.91,-557.92,401.36,28.979,-566.65,-566.65,-566.65,-1.162,-47.41,-0.40657,283.46,-1148.7
324.25,542.61,47.376,-104.27,-289.36,799.71,803.25,-62.103,-226.25,-707.51,821.2,-534.17,7126.3,1460.3,240.88,2243.8,-3016.4,-260.19,101.1,242.1,242.1,242.1,1.1329,-575.53,-1.4906,-131.87,-423.1
-2.6274,-38.883,-128.02,-267.15,-465.41,296.38,347,10.621,-629.42,-1046.3,2207.6,-1701.9,1460.3,5325.8,1686.1,-2196,1091,-972.1,153.01,-98.224,-98.224,-98.224,0.89646,17.81,-2.3666,-1221.4,1175.1
200.42,6.0662,266.79,658.2,-88.387,-314.51,-225.82,-27.534,639.71,-1225.3,-2168,2464.4,240.88,1686.1,7127.6,-116.27,95.255,-1037,-179.81,197.57,197.57,197.57,1.2341,261.54,-2.3747,-1191.9,1151.7
79.471,-172.75,137.64,-275.74,-159.63,298.61,276.35,-239.29,-214.64,402.18,-484.19,466.91,2243.8,-2196,-116.27,7354.5,2282.7,-16.575,249.79,704.76,704.76,704.76,0.28192,-123.26,-1.5254,-756.01,936.88
374.76,600.13,51.281,38.739,-417.8,782.51,828.49,-10.909,-211.19,-1414,1100.3,-557.92,-3016.4,1091,95.255,2282.7,6685.3,-783.55,49.673,114.95,114.95,114.95,1.8173,-500,-1.2997,-366.54,98.208
168.52,146.64,49.728,593.05,-413.04,-182.63,-29.865,166.36,181.95,-2485.6,438.64,401.36,-260.19,-972.1,-1037,-16.575,-783.55,8115.7,-211.32,-409.07,-409.07,-409.07,2.2115,332.24,-2.6283,-1205.6,1776.9
-134.76,-111.32,-75.022,245.01,104.9,-459.37,-426.89,152.3,194,-317.07,0.2212,28.979,101.1,153.01,-179.81,249.79,49.673,-211.32,9823.1,-465.06,-465.06,-465.06,-0.25421,322.64,1.275,65.634,-5.6602
-444.14,-326.01,-291.39,540.45,306.31,-1249,-1175.8,445.34,385.06,-674.61,574.76,-566.65,242.1,-98.224,197.57,704.76,114.95,-409.07,-465.06,8598.2,-1401.8,-1401.8,-1.148,864.92,0.30533,194.06,-403.52
-444.14,-326.01,-291.39,540.45,306.31,-1249,-1175.8,445.34,385.06,-674.61,574.76,-566.65,242.1,-98.224,197.57,704.76,114.95,-409.07,-465.06,-1401.8,8598.2,-1401.8,-1.148,864.92,0.30533,194.06,-403.52
-444.14,-326.01,-291.39,540.45,306.31,-1249,-1175.8,445.34,385.06,-674.61,574.76,-566.65,242.1,-98.224,197.57,704.76,114.95,-409.07,-465.06,-1401.8,-1401.8,8598.2,-1.148,864.92,0.30533,194.06,-403.52
-1.016,-0.84641,-0.55199,-0.31703,1.0128,-1.5375,-1.7161,0.21759,0.17179,2.9838,-0.67418,-1.162,1.1329,0.89646,1.2341,0.28192,1.8173,2.2115,-0.25421,-1.148,-1.148,-1.148,10000,0.56261,-0.028688,-2.9344,-6.0367
284.06,268.21,145.17,-434.42,-220.49,910.12,853.23,-281.36,-354.27,460.62,23.502,-47.41,-575.53,17.81,261.54,-123.26,-500,332.24,322.64,864.92,864.92,864.92,0.56261,9353.4,-1.3912,-220.4,-86.21
-2.5744,-2.1239,-1.6911,-2.3209,-1.4706,-1.1692,-1.5371,-1.3042,-2.1087,-1.5866,-2.5807,-0.40657,-1.4906,-2.3666,-2.3747,-1.5254,-1.2997,-2.6283,1.275,0.30533,0.30533,0.30533,-0.028688,-1.3912,0.0095399,3.3349,-3.6093
-6.2929,-16.286,-55.94,-24.388,-404.87,106.31,116.47,-171.46,-173.96,-1285.7,-545.88,283.46,-131.87,-1221.4,-1191.9,-756.01,-366.54,-1205.6,65.634,194.06,194.06,194.06,-2.9344,-220.4,3.3349,2093,-2982.1
-561.92,-353.47,-360.69,-509.12,577.41,-493.97,-663.76,5.369,-130.77,2293.4,-251.24,-1148.7,-423.1,1175.1,1151.7,936.88,98.208,1776.9,-5.6602,-403.52,-403.52,-403.52,-6.0367,-86.21,-3.6093,-2982.1,4768.2
