1.2633,1.1826,-0.4182,-1.0872,0.56315,0.56315,0.56315,0.58805
1.2307,1.143,-0.56167,-1.181,0.21107,0.21107,0.21107,0.4843
1.3176,1.213,-0.20812,-1.0194,1.022,1.022,1.022,0.66823
8959.2,-370.42,2083.2,1962.6,-79.384,-79.384,-79.384,-960.32
-370.42,9842.1,651.38,720.5,-315.02,-315.02,-315.02,-410.31
2083.2,651.38,5519.5,-3852.3,-831.31,-831.31,-831.31,1685.5
1962.6,720.5,-3852.3,6280.5,391.76,391.76,391.76,1868.7
-79.384,-315.02,-831.31,391.76,6839.8,-3160.2,-3160.2,-827.04
-79.384,-315.02,-831.31,391.76,-3160.2,6839.8,-3160.2,-827.04
-79.384,-315.02,-831.31,391.76,-3160.2,-3160.2,6839.8,-827.04
-960.32,-410.31,1685.5,1868.7,-827.04,-827.04,-827.04,8933.8
