448.49,401.07,-189.7,195.9,375.8,105.46,314.6,177.66,226.24,268.27,423.79,783.97,811.44,441.1,192.97,426.47,651.59,474.69,-379.51,25.015,25.015,25.015,52.873,-366.55,7661.6,-104.79,-135.01,114.29,57.928,89.524,76.036,69.116,18.11,37.086,79.873,65.753,733.69,361.18,312.57,526.28,559.99,448.79,55.8,615.72,712.28,-185.09,345.49,345.49,345.49,0.10859,60.659,33888,-6.7798,-12.325
356.31,294.78,-287.5,117.08,243.74,37.48,220.86,67.51,110.69,176.78,26.773,474.05,388.82,107.77,8.4692,208.03,346.38,150.5,-456.15,-104.41,-104.41,-104.41,11.424,-493.93,-1.8504e+05,-478.68,-690.2,83.149,28.375,23.657,25.076,25.305,0.93148,28.741,38.56,11.558,485.25,8.3483,6.4307,10.451,298.17,69.36,1.3467,110.91,229.1,-348.7,256.65,256.65,256.65,0.0020004,9.7292,-1.342e+05,-556.79,-317.65
550.91,469.95,-82.464,293.07,505.44,235.33,465.11,417.42,340.16,376.08,813.5,967.88,933.23,921.23,363,890.56,912.91,860.27,-291.28,123.57,123.57,123.57,164.95,-191.65,3.3162e+05,264.78,396.08,210.31,98.121,205.69,195.04,88.857,63.677,51.387,167.89,121.57,999.94,760.59,847.67,874.13,807.28,739.79,210.38,950.4,993.83,4.1512,433.92,433.92,433.92,0.62624,154.01,1.9136e+05,481.25,349.02
0.99625,-0.0043431,-0.00078478,0.001877,-0.0032303,-0.0030268,-0.0071548,-0.0041643,0.0045745,0.0028614,-0.021408,0.011751,0.010039,-0.0063709,0.01273,-0.0069507,0.024375,-0.022251,-0.0031707,0.00093488,0.00093488,0.00093488,-0.0029328,0.0044042,-0.00027664,-0.016826,0.01224,-0.0025886,0.00097615,-0.0041338,-0.0035039,-0.0004062,-1.8453e-05,0.0003552,-0.0015623,-0.002959,0.0045368,-0.0053908,-0.0067593,-0.00021402,0.0064356,-0.0050217,0.0052828,-0.010863,-0.0033572,-0.0089937,-0.00061962,-0.00061962,-0.00061962,-1.7102e-05,-0.0048189,0.00019842,0.022775,0.0096456
-0.0043431,0.99443,-0.0023771,0.0028511,-0.0045805,-0.0023432,-0.0084239,-0.0042895,0.0050094,0.00087534,-0.022626,0.013159,0.0083914,-0.006235,0.014701,-0.0034839,0.023725,-0.025261,-0.0050906,3.4383e-05,3.4383e-05,3.4383e-05,-0.0028427,0.0064746,-0.00012113,-0.019448,0.011299,-0.0042793,0.0010886,-0.0059771,-0.0058686,-4.6404e-05,-0.00035425,0.00025873,-0.0030136,-0.0038762,0.012551,-0.011209,-0.016724,-0.012899,0.012383,0.00059178,0.0044343,-0.011377,-0.00057591,-0.014005,-0.00027366,-0.00027366,-0.00027366,-2.4864e-05,-0.0058063,0.00027665,0.030687,0.015617
-0.00078478,-0.0023771,0.99579,0.0023384,-0.0034723,0.0033911,-0.0019204,0.00021664,0.00093244,-0.005639,-0.0020068,0.0029379,-0.0096463,0.005162,0.0017319,0.013937,-0.0082098,-0.005254,-0.0042576,-0.0029682,-0.0029682,-0.0029682,0.00079202,0.0045573,0.0004483,-0.0041478,-0.0075311,-0.0040599,0.00019411,-0.0042241,-0.0056073,0.00087996,-0.00064022,-0.00029436,-0.0036662,-0.0018506,0.01986,-0.016184,-0.023881,-0.033789,0.013394,0.016567,-0.0033806,0.0023595,0.0062623,-0.011321,0.00071036,0.00071036,0.00071036,-1.7879e-05,-0.0018041,0.00011117,0.017606,0.012287
0.001877,0.0028511,0.0023384,0.9917,0.0030631,0.0083699,0.013366,-0.01055,-0.00018654,-0.012023,0.0041728,0.0025116,-0.01218,0.00047409,-0.0051098,0.016531,-0.009799,0.00080043,0.0026065,0.00034514,0.00034514,0.00034514,0.0048061,-0.0021804,-0.00021974,-0.012915,0.0077854,0.0012888,0.0018817,3.6389e-05,0.00067443,0.0020609,-0.00018826,-0.0011798,0.0011053,0.00090025,-0.016859,0.039014,-0.0027951,0.018743,-0.0036184,-0.022329,-0.0095015,-0.018377,0.028269,0.0050364,4.0635e-05,4.0635e-05,4.0635e-05,9.005e-06,0.0028744,0.00013123,-0.053824,0.0047005
-0.0032303,-0.0045805,-0.0034723,0.0030631,0.99229,0.0058126,-0.0061465,-0.0059409,0.0088353,0.00032854,-0.038811,0.021668,-0.01785,0.01981,0.0053096,0.023344,0.0059799,-0.032635,-0.0032983,-0.0031318,-0.0031318,-0.0031318,-0.0020607,0.0054767,-0.00019361,-0.020787,-0.0093271,-0.0046811,0.0016319,-0.0066042,-0.0058749,-0.0008075,0.0012603,0.00030254,-0.0038584,-0.0034272,0.0091908,-0.0218,-0.0096347,-0.016399,0.0046332,0.0066058,0.0018639,0.00071972,-0.0097066,-0.011712,-0.0023278,-0.0023278,-0.0023278,-2.7255e-05,-0.0057813,0.00015097,0.032258,0.0039437
-0.0030268,-0.0023432,0.0033911,0.0083699,0.0058126,0.97038,-0.019348,0.018485,-0.0086841,0.023323,0.030345,-0.024686,0.07315,-0.052319,0.019733,-0.085586,0.049728,0.022681,-0.0016911,0.0082691,0.0082691,0.0082691,-0.0084024,-0.00093908,-3.6304e-05,0.028607,0.032129,0.0038238,-0.0040495,0.0064986,0.0058193,-0.0023646,-0.0019885,0.0018175,0.004249,0.00052956,0.0075588,-0.01701,0.018036,0.016311,0.0034853,0.0037169,0.020533,0.0035474,-0.029066,0.0027923,0.0030577,0.0030577,0.0030577,1.4509e-05,-0.0011249,6.3277e-05,0.049034,-0.00054512
-0.0071548,-0.0084239,-0.0019204,0.013366,-0.0061465,-0.019348,0.97195,0.010734,0.004847,0.024769,-0.029197,0.007868,0.039872,-0.015285,0.023746,-0.045071,0.05198,-0.024641,-0.0056614,0.0027796,0.0027796,0.0027796,-0.011365,0.0062639,-0.00019077,0.0010483,0.010752,-0.0027669,-0.0017939,-0.0026793,-0.0021614,-0.0039683,0.0003864,0.0023617,-0.0013833,-0.0040183,0.020037,-0.054244,0.008314,-0.0086283,0.0068997,0.016901,0.023009,0.010941,-0.048598,-0.01256,-0.00093006,-0.00093006,-0.00093006,-2.4113e-05,-0.0092303,5.4344e-05,0.098353,-0.00036527
-0.0041643,-0.0042895,0.00021664,-0.01055,-0.0059409,0.018485,0.010734,0.96862,0.014474,-0.018601,-0.058935,0.041674,-0.030286,0.014868,0.010418,0.047631,0.016637,-0.059134,-0.0017918,-0.001386,-0.001386,-0.001386,0.0034434,0.0063701,-8.6658e-05,-0.06613,0.01934,-0.0051811,0.006465,-0.011421,-0.0085277,0.002467,0.0010826,-0.0014728,-0.0035018,-0.0052159,-0.019076,0.045936,-0.020863,0.021249,0.0039983,-0.042826,-0.0096178,-0.0468,0.038538,-0.012247,-0.0032735,-0.0032735,-0.0032735,-3.0287e-05,-0.0061755,0.00047181,-0.042967,0.022846
0.0045745,0.0050094,0.00093244,-0.00018654,0.0088353,-0.0086841,0.004847,0.014474,0.98557,-0.0023437,0.064476,-0.035884,0.022533,-0.026694,-0.0075455,-0.029486,-0.018806,0.052436,0.00092927,0.0019801,0.0019801,0.0019801,0.0030107,-0.0046026,-0.00021128,0.037807,0.0031157,0.0037659,-0.0033404,0.0074965,0.0046021,0.0015426,-0.0026385,-0.00043621,0.0026743,0.0040594,0.0093748,0.0074102,-0.0052719,-0.012533,0.005582,0.014046,-0.0039871,0.0095145,0.012819,0.0080937,0.0046357,0.0046357,0.0046357,2.7396e-05,0.00763,-0.00029923,-0.02118,0.0021398
0.0028614,0.00087534,-0.005639,-0.012023,0.00032854,0.023323,0.024769,-0.018601,-0.0023437,0.95817,0.023335,0.0025788,-0.040688,0.0021157,-0.0061586,0.059843,-0.043731,0.0022455,-0.0058677,-0.0059357,-0.0059357,-0.0059357,0.013184,0.0065174,0.00013581,-0.029828,0.002604,-0.0070104,0.0036952,-0.0092288,-0.01238,0.0074197,-0.00315,-0.003486,-0.0065208,-0.0020911,0.019226,0.046511,-0.072885,-0.051443,0.031066,-0.0026439,-0.03019,-0.034499,0.083915,-0.017792,0.0036054,0.0036054,0.0036054,-2.0804e-05,0.0033257,0.00038451,-0.076337,0.046418
-0.021408,-0.022626,-0.0020068,0.0041728,-0.038811,0.030345,-0.029197,-0.058935,0.064476,0.023335,0.70776,0.15799,-0.083704,0.11406,0.036928,0.1087,0.10044,-0.23339,-0.0023897,-0.006359,-0.006359,-0.006359,-0.017533,0.018462,-0.00036733,-0.15961,-0.010785,-0.014388,0.013734,-0.030355,-0.016487,-0.0090269,0.012507,0.0029935,-0.0096122,-0.017457,-0.04852,-0.04391,0.045725,0.074307,-0.033869,-0.064209,0.027401,-0.034472,-0.081052,-0.030435,-0.021501,-0.021501,-0.021501,-0.00011455,-0.034946,3.2244e-05,0.11561,-0.022301
0.011751,0.013159,0.0029379,0.0025116,0.021668,-0.024686,0.007868,0.041674,-0.035884,0.0025788,0.15799,0.90852,0.057545,-0.06025,-0.021928,-0.07957,-0.047157,0.13418,0.0040888,0.0050733,0.0050733,0.0050733,0.0053145,-0.01357,0.00012217,0.10535,-0.00098631,0.010985,-0.0093991,0.021202,0.014415,0.002167,-0.0056659,-0.00036916,0.007865,0.011166,0.020769,0.0035004,0.0032367,-0.02566,0.0058575,0.041323,-0.0049561,0.037696,0.011807,0.025212,0.010656,0.010656,0.010656,7.4309e-05,0.019179,-0.00050434,-0.036346,-0.0082758
0.010039,0.0083914,-0.0096463,-0.01218,-0.01785,0.07315,0.039872,-0.030286,0.022533,-0.040688,-0.083704,0.057545,0.79821,0.16588,-0.066181,0.22205,-0.14835,-0.045395,0.0084645,-0.024031,-0.024031,-0.024031,0.017185,-0.0026769,0.00015323,-0.038377,-0.12314,-0.0069598,0.0072547,-0.010792,-0.0087518,0.0017651,0.0077967,-0.0029269,-0.0094647,0.001724,-0.017044,-0.010383,-0.0099476,-0.048265,-0.02828,0.022645,-0.043444,0.040057,0.019644,0.0041768,-0.010356,-0.010356,-0.010356,-2.557e-05,0.004052,-7.4699e-05,-0.076103,-0.036882
-0.0063709,-0.006235,0.005162,0.00047409,0.01981,-0.052319,-0.015285,0.014868,-0.026694,0.0021157,0.11406,-0.06025,0.16588,0.83405,0.057818,-0.17,0.1039,0.055753,-0.012817,0.018957,0.018957,0.018957,-0.0044186,0.0071047,0.00036373,0.016909,0.12506,0.0016836,-0.0042831,0.0040208,-0.0010917,0.0051744,-0.01085,-0.0003475,0.0043527,-0.0026563,0.032425,0.056891,-0.053895,0.0039929,0.054858,-0.025322,0.014864,-0.069931,0.058748,-0.017217,0.014081,0.014081,0.014081,1.3376e-05,0.00058761,0.00071967,-0.0018131,0.077059
0.01273,0.014701,0.0017319,-0.0051098,0.0053096,0.019733,0.023746,0.010418,-0.0075455,-0.0061586,0.036928,-0.021928,-0.066181,0.057818,0.94812,0.056296,-0.095124,0.05467,0.013206,-0.0067535,-0.0067535,-0.0067535,0.0090328,-0.015675,-0.00045854,0.049365,-0.066315,0.0081139,-0.0022212,0.01242,0.011969,-0.00050846,0.0028307,-0.00075288,0.004321,0.0098333,-0.023488,0.00064466,0.039024,0.0045679,-0.035029,0.020673,-0.017373,0.051586,-0.0094101,0.033029,-0.0016795,-0.0016795,-0.0016795,5.0998e-05,0.014364,4.1803e-05,-0.064435,-0.050962
-0.0069507,-0.0034839,0.013937,0.016531,0.023344,-0.085586,-0.045071,0.047631,-0.029486,0.059843,0.1087,-0.07957,0.22205,-0.17,0.056296,0.7427,0.14588,0.078826,-0.0020498,0.02721,0.02721,0.02721,-0.02075,-0.0062174,-0.00021101,0.079456,0.11323,0.014289,-0.010987,0.021678,0.020036,-0.0049049,-0.0068575,0.0043365,0.015319,0.0032248,0.00396,-0.005309,0.054299,0.07493,0.0070368,-0.014674,0.053826,-0.01054,-0.057164,0.016135,0.010295,0.010295,0.010295,6.0589e-05,0.00069518,0.00031412,0.088465,0.0041042
0.024375,0.023725,-0.0082098,-0.009799,0.0059799,0.049728,0.05198,0.016637,-0.018806,-0.043731,0.10044,-0.047157,-0.14835,0.1039,-0.095124,0.14588,0.78374,0.11009,0.012085,-0.020384,-0.020384,-0.020384,0.025317,-0.017136,0.00018737,0.081665,-0.13217,0.0041021,-0.003266,0.012018,0.0055083,0.0051242,0.0010661,-0.0037987,-0.0020707,0.014362,0.01385,-0.0087517,-0.018076,-0.094103,-0.016802,0.077464,-0.054174,0.085242,0.041467,0.02981,0.0022178,0.0022178,0.0022178,5.4727e-05,0.026636,-0.00062643,-0.12208,-0.041966
-0.022251,-0.025261,-0.005254,0.00080043,-0.032635,0.022681,-0.024641,-0.059134,0.052436,0.0022455,-0.23339,0.13418,-0.045395,0.055753,0.05467,0.078826,0.11009,0.79192,-0.0121,-0.0038716,-0.0038716,-0.0038716,-0.012512,0.026057,-0.00020573,-0.1631,0.029803,-0.018893,0.013391,-0.034498,-0.025148,-0.0032339,0.0065076,0.0011313,-0.012877,-0.019881,-0.01415,-0.013919,-0.020944,0.029293,0.0084675,-0.060904,0.016979,-0.070606,-0.018663,-0.050354,-0.013809,-0.013809,-0.013809,-0.00012633,-0.033345,0.00040402,0.091202,0.033059
-0.0031707,-0.0050906,-0.0042576,0.0026065,-0.0032983,-0.0016911,-0.0056614,-0.0017918,0.00092927,-0.0058677,-0.0023897,0.0040888,0.0084645,-0.012817,0.013206,-0.0020498,0.012085,-0.0121,0.99284,-0.00097696,-0.00097696,-0.00097696,-0.00050665,0.0076587,0.00018422,-0.013222,0.010497,-0.0054713,0.00054551,-0.006385,-0.0079607,0.001462,-0.0017233,-0.00030537,-0.0042853,-0.0036957,0.025038,-0.010722,-0.034827,-0.034436,0.022561,0.010555,-0.00068534,-0.011608,0.013749,-0.018018,0.0017469,0.0017469,0.0017469,-2.6126e-05,-0.0040855,0.0001884,0.024631,0.02602
0.00093488,3.4383e-05,-0.0029682,0.00034514,-0.0031318,0.0082691,0.0027796,-0.001386,0.0019801,-0.0059357,-0.006359,0.0050733,-0.024031,0.018957,-0.0067535,0.02721,-0.020384,-0.0038716,-0.00097696,0.99618,-0.0038215,-0.0038215,0.0020124,0.0014686,0.00053077,-0.0023298,-0.017446,-0.0023204,0.00050096,-0.0024567,-0.0030457,0.00047166,0.00045642,-0.00036988,-0.0024954,-0.00038148,0.0084176,-0.010925,-0.011019,-0.021863,0.0030267,0.012339,-0.0056585,0.007795,0.0030197,-0.0041117,-0.00056972,-0.00056972,-0.00056972,-9.241e-06,-4.7074e-05,0.00010021,0.0022453,0.00061088
0.00093488,3.4383e-05,-0.0029682,0.00034514,-0.0031318,0.0082691,0.0027796,-0.001386,0.0019801,-0.0059357,-0.006359,0.0050733,-0.024031,0.018957,-0.0067535,0.02721,-0.020384,-0.0038716,-0.00097696,-0.0038215,0.99618,-0.0038215,0.0020124,0.0014686,0.00053077,-0.0023298,-0.017446,-0.0023204,0.00050096,-0.0024567,-0.0030457,0.00047166,0.00045642,-0.00036988,-0.0024954,-0.00038148,0.0084176,-0.010925,-0.011019,-0.021863,0.0030267,0.012339,-0.0056585,0.007795,0.0030197,-0.0041117,-0.00056972,-0.00056972,-0.00056972,-9.241e-06,-4.7074e-05,0.00010021,0.0022453,0.00061088
0.00093488,3.4383e-05,-0.0029682,0.00034514,-0.0031318,0.0082691,0.0027796,-0.001386,0.0019801,-0.0059357,-0.006359,0.0050733,-0.024031,0.018957,-0.0067535,0.02721,-0.020384,-0.0038716,-0.00097696,-0.0038215,-0.0038215,0.99618,0.0020124,0.0014686,0.00053077,-0.0023298,-0.017446,-0.0023204,0.00050096,-0.0024567,-0.0030457,0.00047166,0.00045642,-0.00036988,-0.0024954,-0.00038148,0.0084176,-0.010925,-0.011019,-0.021863,0.0030267,0.012339,-0.0056585,0.007795,0.0030197,-0.0041117,-0.00056972,-0.00056972,-0.00056972,-9.241e-06,-4.7074e-05,0.00010021,0.0022453,0.00061088
-0.0029328,-0.0028427,0.00079202,0.0048061,-0.0020607,-0.0084024,-0.011365,0.0034434,0.0030107,0.013184,-0.017533,0.0053145,0.017185,-0.0044186,0.0090328,-0.02075,0.025317,-0.012512,-0.00050665,0.0020124,0.0020124,0.0020124,0.99465,0.00095572,-0.00026966,-0.00034123,0.0055362,0.00025204,-0.00058718,9.7654e-05,0.001159,-0.0022639,0.00077359,0.0011769,0.00070616,-0.0011604,-0.00075306,-0.018077,0.014818,0.011107,-0.0038758,-4.4393e-05,0.011361,0.0043449,-0.025394,-0.00088409,-0.001211,-0.001211,-0.001211,-4.794e-06,-0.0037016,-8.7321e-06,0.036466,-0.0067205
0.0044042,0.0064746,0.0045573,-0.0021804,0.0054767,-0.00093908,0.0062639,0.0063701,-0.0046026,0.0065174,0.018462,-0.01357,-0.0026769,0.0071047,-0.015675,-0.0062174,-0.017136,0.026057,0.0076587,0.0014686,0.0014686,0.0014686,0.00095572,0.99086,0.0002754,0.024629,-0.011217,0.0066572,-0.0015659,0.0086702,0.0095611,-0.0013215,0.0011896,0.00030169,0.0051287,0.0048926,-0.022913,0.010158,0.035873,0.031822,-0.022322,-0.0058217,0.00038564,0.016296,-0.013558,0.020816,-0.00069953,-0.00069953,-0.00069953,3.3973e-05,0.0060632,-0.00048285,-0.027433,-0.027551
-0.00027664,-0.00012113,0.0004483,-0.00021974,-0.00019361,-3.6304e-05,-0.00019077,-8.6658e-05,-0.00021128,0.00013581,-0.00036733,0.00012217,0.00015323,0.00036373,-0.00045854,-0.00021101,0.00018737,-0.00020573,0.00018422,0.00053077,0.00053077,0.00053077,-0.00026966,0.0002754,6.9901e-06,0.0010265,-0.00088004,0.00016627,2.4338e-05,0.00013204,0.00016857,6.6483e-05,-0.00010271,3.5598e-06,0.00023089,-6.8985e-06,0.000173,0.00037738,-0.00058322,-5.0406e-05,0.00040398,-0.00037257,3.3065e-06,-0.00072509,0.00050724,-0.00022492,0.00030621,0.00030621,0.00030621,8.7951e-07,9.3984e-05,9.7005e-07,0.00024902,-0.00092994
-0.016826,-0.019448,-0.0041478,-0.012915,-0.020787,0.028607,0.0010483,-0.06613,0.037807,-0.029828,-0.15961,0.10535,-0.038377,0.016909,0.049365,0.079456,0.081665,-0.1631,-0.013222,-0.0023298,-0.0023298,-0.0023298,-0.00034123,0.024629,0.0010265,0.83869,0.057455,-0.017976,0.014074,-0.032966,-0.027054,0.0038906,0.0016617,-0.0019523,-0.012312,-0.017512,-0.011535,0.05836,-0.067272,0.01674,0.029951,-0.078049,-0.0067822,-0.10718,0.063713,-0.050127,-0.0071135,-0.0071135,-0.0071135,-0.00010629,-0.023713,0.00029457,-0.011273,0.070315
0.01224,0.011299,-0.0075311,0.0077854,-0.0093271,0.032129,0.010752,0.01934,0.0031157,0.002604,-0.010785,-0.00098631,-0.12314,0.12506,-0.066315,0.11323,-0.13217,0.029803,0.010497,-0.017446,-0.017446,-0.017446,0.0055362,-0.011217,-0.00088004,0.057455,0.86779,0.0018686,-0.0029886,0.0069371,0.0060535,-0.0041718,0.0064556,0.0005745,-0.0023807,0.0080449,0.0065869,-0.087742,0.038697,-0.056455,-0.037527,0.077018,-0.014571,0.10527,-0.061371,0.022081,-0.0061731,-0.0061731,-0.0061731,1.7539e-05,0.0090367,0.00016344,0.02239,-0.074097
-0.0025886,-0.0042793,-0.0040599,0.0012888,-0.0046811,0.0038238,-0.0027669,-0.0051811,0.0037659,-0.0070104,-0.014388,0.010985,-0.0069598,0.0016836,0.0081139,0.014289,0.0041021,-0.018893,-0.0054713,-0.0023204,-0.0023204,-0.0023204,0.00025204,0.0066572,0.00016627,-0.017976,0.0018686,0.9947,0.0013033,-0.0067507,-0.0075544,0.0011553,-0.0006725,-0.0003835,-0.0043245,-0.003424,0.017999,-0.0092253,-0.028511,-0.028741,0.016201,0.0075019,-0.0026328,-0.0090742,0.011478,-0.015435,0.00030111,0.00030111,0.00030111,-2.5982e-05,-0.004014,-7.2679e-05,0.017354,0.019236
0.00097615,0.0010886,0.00019411,0.0018817,0.0016319,-0.0040495,-0.0017939,0.006465,-0.0033404,0.0036952,0.013734,-0.0093991,0.0072547,-0.0042831,-0.0022212,-0.010987,-0.003266,0.013391,0.00054551,0.00050096,0.00050096,0.00050096,-0.00058718,-0.0015659,2.4338e-05,0.014074,-0.0029886,0.0013033,0.99864,0.0026279,0.0020322,-0.00044288,-0.00028803,0.00027578,0.00093316,0.0012117,0.0030864,-0.0075823,0.00476,-0.0029101,-0.0010777,0.0077973,0.001856,0.0089626,-0.007016,0.0030949,0.00077597,0.00077597,0.00077597,7.5484e-06,0.0015242,1.6207e-05,0.0065563,-0.0046761
-0.0041338,-0.0059771,-0.0042241,3.6389e-05,-0.0066042,0.0064986,-0.0026793,-0.011421,0.0074965,-0.0092288,-0.030355,0.021202,-0.010792,0.0040208,0.01242,0.021678,0.012018,-0.034498,-0.006385,-0.0024567,-0.0024567,-0.0024567,9.7654e-05,0.0086702,0.00013204,-0.032966,0.0069371,-0.0067507,0.0026279,0.99038,-0.0097329,0.001388,-0.00038978,-0.00052342,-0.005281,-0.0049619,0.015531,-0.0035734,-0.032762,-0.025021,0.017776,-0.00059482,-0.0029476,-0.018682,0.016172,-0.019374,-0.00052725,-0.00052725,-0.00052725,-3.5089e-05,-0.0062084,-0.00015431,0.016019,0.024446
-0.0035039,-0.0058686,-0.0056073,0.00067443,-0.0058749,0.0058193,-0.0021614,-0.0085277,0.0046021,-0.01238,-0.016487,0.014415,-0.0087518,-0.0010917,0.011969,0.020036,0.0055083,-0.025148,-0.0079607,-0.0030457,-0.0030457,-0.0030457,0.001159,0.0095611,0.00016857,-0.027054,0.0060535,-0.0075544,0.0020322,-0.0097329,0.98896,0.0021859,-0.0013131,-0.00077605,-0.0061311,-0.0048659,0.025295,-0.0067236,-0.044174,-0.040658,0.024799,0.00804,-0.0053116,-0.017067,0.022906,-0.022289,0.00086715,0.00086715,0.00086715,-3.6212e-05,-0.0052536,-2.3788e-05,0.01695,0.030806
-0.0004062,-4.6404e-05,0.00087996,0.0020609,-0.0008075,-0.0023646,-0.0039683,0.002467,0.0015426,0.0074197,-0.0090269,0.002167,0.0017651,0.0051744,-0.00050846,-0.0049049,0.0051242,-0.0032339,0.001462,0.00047166,0.00047166,0.00047166,-0.0022639,-0.0013215,6.6483e-05,0.0038906,-0.0041718,0.0011553,-0.00044288,0.001388,0.0021859,0.99849,0.00095222,0.00063703,0.0010087,0.00038023,-0.0048941,-0.0097828,0.01492,0.0097505,-0.0074505,0.00062208,0.0049976,0.0078907,-0.016893,0.0036304,-0.001178,-0.001178,-0.001178,2.8853e-06,-0.00075318,-1.9859e-05,0.013661,-0.010711
-1.8453e-05,-0.00035425,-0.00064022,-0.00018826,0.0012603,-0.0019885,0.0003864,0.0010826,-0.0026385,-0.00315,0.012507,-0.0056659,0.0077967,-0.01085,0.0028307,-0.0068575,0.0010661,0.0065076,-0.0017233,0.00045642,0.00045642,0.00045642,0.00077359,0.0011896,-0.00010271,0.0016617,0.0064556,-0.0006725,-0.00028803,-0.00038978,-0.0013131,0.00095222,0.99889,-0.00028142,-0.00050498,-0.00027394,0.0070575,0.0034719,-0.011427,-0.0091959,0.0075696,0.0023216,-0.0015409,-0.0047429,0.0097877,-0.0032663,0.001493,0.001493,0.001493,-1.2728e-06,0.00047308,-4.3919e-05,-0.00253,0.0092031
0.0003552,0.00025873,-0.00029436,-0.0011798,0.00030254,0.0018175,0.0023617,-0.0014728,-0.00043621,-0.003486,0.0029935,-0.00036916,-0.0029269,-0.0003475,-0.00075288,0.0043365,-0.0037987,0.0011313,-0.00030537,-0.00036988,-0.00036988,-0.00036988,0.0011769,0.00030169,3.5598e-06,-0.0019523,0.0005745,-0.0003835,0.00027578,-0.00052342,-0.00077605,0.00063703,-0.00028142,0.9997,-0.00037417,-4.3631e-05,0.0008971,0.0049636,-0.0054132,-0.003168,0.00219,-0.00080639,-0.0025846,-0.0030184,0.0073139,-0.00093715,0.00034433,0.00034433,0.00034433,-6.5039e-07,0.00048248,-1.3309e-06,-0.0078879,0.0035501
-0.0015623,-0.0030136,-0.0036662,0.0011053,-0.0038584,0.004249,-0.0013833,-0.0035018,0.0026743,-0.0065208,-0.0096122,0.007865,-0.0094647,0.0043527,0.004321,0.015319,-0.0020707,-0.012877,-0.0042853,-0.0024954,-0.0024954,-0.0024954,0.00070616,0.0051287,0.00023089,-0.012312,-0.0023807,-0.0043245,0.00093316,-0.005281,-0.0061311,0.0010087,-0.00050498,-0.00037417,0.99632,-0.0024865,0.015808,-0.0093418,-0.023886,-0.02692,0.013013,0.0090677,-0.0032802,-0.0045193,0.0094855,-0.012149,0.00028357,0.00028357,0.00028357,-2.0417e-05,-0.0027295,-2.3504e-05,0.013091,0.014536
-0.002959,-0.0038762,-0.0018506,0.00090025,-0.0034272,0.00052956,-0.0040183,-0.0052159,0.0040594,-0.0020911,-0.017457,0.011166,0.001724,-0.0026563,0.0098333,0.0032248,0.014362,-0.019881,-0.0036957,-0.00038148,-0.00038148,-0.00038148,-0.0011604,0.0048926,-6.8985e-06,-0.017512,0.0080449,-0.003424,0.0012117,-0.0049619,-0.0048659,0.00038023,-0.00027394,-4.3631e-05,-0.0024865,0.99708,0.0082109,-0.0036246,-0.015095,-0.0098886,0.009589,-0.0016122,0.0011618,-0.011002,0.0047641,-0.010662,-0.00024525,-0.00024525,-0.00024525,-1.9062e-05,-0.0040466,-0.00013489,0.015311,0.013205
0.0045368,0.012551,0.01986,-0.016859,0.0091908,0.0075588,0.020037,-0.019076,0.0093748,0.019226,-0.04852,0.020769,-0.017044,0.032425,-0.023488,0.00396,0.01385,-0.01415,0.025038,0.0084176,0.0084176,0.0084176,-0.00075306,-0.022913,0.000173,-0.011535,0.0065869,0.017999,0.0030864,0.015531,0.025295,-0.0048941,0.0070575,0.0008971,0.015808,0.0082109,0.88072,0.085215,0.12876,0.17883,-0.083545,-0.094224,0.0075828,-0.009793,-0.032224,0.058136,-0.0093009,-0.0093009,-0.0093009,7.4813e-05,0.0067782,-8.2854e-05,-0.11017,-0.076826
-0.0053908,-0.011209,-0.016184,0.039014,-0.0218,-0.01701,-0.054244,0.045936,0.0074102,0.046511,-0.04391,0.0035004,-0.010383,0.056891,0.00064466,-0.005309,-0.0087517,-0.013919,-0.010722,-0.010925,-0.010925,-0.010925,-0.018077,0.010158,0.00037738,0.05836,-0.087742,-0.0092253,-0.0075823,-0.0035734,-0.0067236,-0.0097828,0.0034719,0.0049636,-0.0093418,-0.0036246,0.085215,0.79145,0.0075638,-0.12177,0.010442,0.12926,0.032258,0.11302,-0.1378,-0.024693,-0.0033565,-0.0033565,-0.0033565,-5.4457e-05,-0.012516,0.00071688,0.25124,-0.036978
-0.0067593,-0.016724,-0.023881,-0.0027951,-0.0096347,0.018036,0.008314,-0.020863,-0.0052719,-0.072885,0.045725,0.0032367,-0.0099476,-0.053895,0.039024,0.054299,-0.018076,-0.020944,-0.034827,-0.011019,-0.011019,-0.011019,0.014818,0.035873,-0.00058322,-0.067272,0.038697,-0.028511,0.00476,-0.032762,-0.044174,0.01492,-0.011427,-0.0054132,-0.023886,-0.015095,0.12876,0.0075638,0.77444,-0.20871,0.12774,0.051264,-0.040248,-0.075874,0.15438,-0.088745,0.012972,0.012972,0.012972,-0.00011674,-0.0087668,-0.00029575,0.0043502,0.15557
-0.00021402,-0.012899,-0.033789,0.018743,-0.016399,0.016311,-0.0086283,0.021249,-0.012533,-0.051443,0.074307,-0.02566,-0.048265,0.0039929,0.0045679,0.07493,-0.094103,0.029293,-0.034436,-0.021863,-0.021863,-0.021863,0.011107,0.031822,-5.0406e-05,0.01674,-0.056455,-0.028741,-0.0029101,-0.025021,-0.040658,0.0097505,-0.0091959,-0.003168,-0.02692,-0.0098886,0.17883,-0.12177,-0.20871,0.70059,0.12066,0.15638,-0.034383,0.030525,0.073292,-0.083692,0.012583,0.012583,0.012583,-0.00011128,-0.004364,0.00061269,0.11436,0.10757
0.0064356,0.012383,0.013394,-0.0036184,0.0046332,0.0034853,0.0068997,0.0039983,0.005582,0.031066,-0.033869,0.0058575,-0.02828,0.054858,-0.035029,0.0070368,-0.016802,0.0084675,0.022561,0.0030267,0.0030267,0.0030267,-0.0038758,-0.022322,0.00040398,0.029951,-0.037527,0.016201,-0.0010777,0.017776,0.024799,-0.0074505,0.0075696,0.00219,0.013013,0.009589,-0.083545,0.010442,0.12774,0.12066,0.92058,-0.034693,0.012692,0.04294,-0.074209,0.054531,-0.008802,-0.008802,-0.008802,6.8948e-05,0.0072731,-6.3868e-05,-0.03712,-0.093605
-0.0050217,0.00059178,0.016567,-0.022329,0.0066058,0.0037169,0.016901,-0.042826,0.014046,-0.0026439,-0.064209,0.041323,0.022645,-0.025322,0.020673,-0.014674,0.077464,-0.060904,0.010555,0.012339,0.012339,0.012339,-4.4393e-05,-0.0058217,-0.00037257,-0.078049,0.077018,0.0075019,0.0077973,-0.00059482,0.00804,0.00062208,0.0023216,-0.00080639,0.0090677,-0.0016122,-0.094224,0.12926,0.051264,0.15638,-0.034693,0.8741,0.0037806,-0.086434,0.03584,0.020111,-0.0053378,-0.0053378,-0.0053378,2.1603e-05,-0.003328,-0.00045742,-0.11615,-0.00058139
0.0052828,0.0044343,-0.0033806,-0.0095015,0.0018639,0.020533,0.023009,-0.0096178,-0.0039871,-0.03019,0.027401,-0.0049561,-0.043444,0.014864,-0.017373,0.053826,-0.054174,0.016979,-0.00068534,-0.0056585,-0.0056585,-0.0056585,0.011361,0.00038564,3.3065e-06,-0.0067822,-0.014571,-0.0026328,0.001856,-0.0029476,-0.0053116,0.0049976,-0.0015409,-0.0025846,-0.0032802,0.0011618,0.0075828,0.032258,-0.040248,-0.034383,0.012692,0.0037806,0.97491,-0.010435,0.05546,-0.0036401,0.0022082,0.0022082,0.0022082,-5.3744e-07,0.0061161,-0.00022482,-0.068987,0.019109
-0.010863,-0.011377,0.0023595,-0.018377,0.00071972,0.0035474,0.010941,-0.0468,0.0095145,-0.034499,-0.034472,0.037696,0.040057,-0.069931,0.051586,-0.01054,0.085242,-0.070606,-0.011608,0.007795,0.007795,0.007795,0.0043449,0.016296,-0.00072509,-0.10718,0.10527,-0.0090742,0.0089626,-0.018682,-0.017067,0.0078907,-0.0047429,-0.0030184,-0.0045193,-0.011002,-0.009793,0.11302,-0.075874,0.030525,0.04294,-0.086434,-0.010435,0.87646,0.10721,-0.034141,0.0028704,0.0028704,0.0028704,-4.8788e-05,-0.010426,-0.00079111,-0.077466,0.089289
-0.0033572,-0.00057591,0.0062623,0.028269,-0.0097066,-0.029066,-0.048598,0.038538,0.012819,0.083915,-0.081052,0.011807,0.019644,0.058748,-0.0094101,-0.057164,0.041467,-0.018663,0.013749,0.0030197,0.0030197,0.0030197,-0.025394,-0.013558,0.00050724,0.063713,-0.061371,0.011478,-0.007016,0.016172,0.022906,-0.016893,0.0097877,0.0073139,0.0094855,0.0047641,-0.032224,-0.1378,0.15438,0.073292,-0.074209,0.03584,0.05546,0.10721,0.80398,0.036149,-0.011465,-0.011465,-0.011465,2.9052e-05,-0.007337,0.00021734,0.17906,-0.11828
-0.0089937,-0.014005,-0.011321,0.0050364,-0.011712,0.0027923,-0.01256,-0.012247,0.0080937,-0.017792,-0.030435,0.025212,0.0041768,-0.017217,0.033029,0.016135,0.02981,-0.050354,-0.018018,-0.0041117,-0.0041117,-0.0041117,-0.00088409,0.020816,-0.00022492,-0.050127,0.022081,-0.015435,0.0030949,-0.019374,-0.022289,0.0036304,-0.0032663,-0.00093715,-0.012149,-0.010662,0.058136,-0.024693,-0.088745,-0.083692,0.054531,0.020111,-0.0036401,-0.034141,0.036149,0.95183,0.0025348,0.0025348,0.0025348,-7.6098e-05,-0.012464,-0.00020643,0.059328,0.065465
-0.00061962,-0.00027366,0.00071036,4.0635e-05,-0.0023278,0.0030577,-0.00093006,-0.0032735,0.0046357,0.0036054,-0.021501,0.010656,-0.010356,0.014081,-0.0016795,0.010295,0.0022178,-0.013809,0.0017469,-0.00056972,-0.00056972,-0.00056972,-0.001211,-0.00069953,0.00030621,-0.0071135,-0.0061731,0.00030111,0.00077597,-0.00052725,0.00086715,-0.001178,0.001493,0.00034433,0.00028357,-0.00024525,-0.0093009,-0.0033565,0.012972,0.012583,-0.008802,-0.0053378,0.0022082,0.0028704,-0.011465,0.0025348,0.99784,-0.0021597,-0.0021597,-1.8959e-06,-0.0014881,-0.00028494,0.0043858,-0.0097399
-0.00061962,-0.00027366,0.00071036,4.0635e-05,-0.0023278,0.0030577,-0.00093006,-0.0032735,0.0046357,0.0036054,-0.021501,0.010656,-0.010356,0.014081,-0.0016795,0.010295,0.0022178,-0.013809,0.0017469,-0.00056972,-0.00056972,-0.00056972,-0.001211,-0.00069953,0.00030621,-0.0071135,-0.0061731,0.00030111,0.00077597,-0.00052725,0.00086715,-0.001178,0.001493,0.00034433,0.00028357,-0.00024525,-0.0093009,-0.0033565,0.012972,0.012583,-0.008802,-0.0053378,0.0022082,0.0028704,-0.011465,0.0025348,-0.0021597,0.99784,-0.0021597,-1.8959e-06,-0.0014881,-0.00028494,0.0043858,-0.0097399
-0.00061962,-0.00027366,0.00071036,4.0635e-05,-0.0023278,0.0030577,-0.00093006,-0.0032735,0.0046357,0.0036054,-0.021501,0.010656,-0.010356,0.014081,-0.0016795,0.010295,0.0022178,-0.013809,0.0017469,-0.00056972,-0.00056972,-0.00056972,-0.001211,-0.00069953,0.00030621,-0.0071135,-0.0061731,0.00030111,0.00077597,-0.00052725,0.00086715,-0.001178,0.001493,0.00034433,0.00028357,-0.00024525,-0.0093009,-0.0033565,0.012972,0.012583,-0.008802,-0.0053378,0.0022082,0.0028704,-0.011465,0.0025348,-0.0021597,-0.0021597,0.99784,-1.8959e-06,-0.0014881,-0.00028494,0.0043858,-0.0097399
-1.7102e-05,-2.4864e-05,-1.7879e-05,9.005e-06,-2.7255e-05,1.4509e-05,-2.4113e-05,-3.0287e-05,2.7396e-05,-2.0804e-05,-0.00011455,7.4309e-05,-2.557e-05,1.3376e-05,5.0998e-05,6.0589e-05,5.4727e-05,-0.00012633,-2.6126e-05,-9.241e-06,-9.241e-06,-9.241e-06,-4.794e-06,3.3973e-05,8.7951e-07,-0.00010629,1.7539e-05,-2.5982e-05,7.5484e-06,-3.5089e-05,-3.6212e-05,2.8853e-06,-1.2728e-06,-6.5039e-07,-2.0417e-05,-1.9062e-05,7.4813e-05,-5.4457e-05,-0.00011674,-0.00011128,6.8948e-05,2.1603e-05,-5.3744e-07,-4.8788e-05,2.9052e-05,-7.6098e-05,-1.8959e-06,-1.8959e-06,-1.8959e-06,1,-2.5697e-05,-3.9907e-07,0.00011589,8.4473e-05
-0.0048189,-0.0058063,-0.0018041,0.0028744,-0.0057813,-0.0011249,-0.0092303,-0.0061755,0.00763,0.0033257,-0.034946,0.019179,0.004052,0.00058761,0.014364,0.00069518,0.026636,-0.033345,-0.0040855,-4.7074e-05,-4.7074e-05,-4.7074e-05,-0.0037016,0.0060632,9.3984e-05,-0.023713,0.0090367,-0.004014,0.0015242,-0.0062084,-0.0052536,-0.00075318,0.00047308,0.00048248,-0.0027295,-0.0040466,0.0067782,-0.012516,-0.0087668,-0.004364,0.0072731,-0.003328,0.0061161,-0.010426,-0.007337,-0.012464,-0.0014881,-0.0014881,-0.0014881,-2.5697e-05,0.99326,-0.00014156,0.033393,0.010186
0.00019842,0.00027665,0.00011117,0.00013123,0.00015097,6.3277e-05,5.4344e-05,0.00047181,-0.00029923,0.00038451,3.2244e-05,-0.00050434,-7.4699e-05,0.00071967,4.1803e-05,0.00031412,-0.00062643,0.00040402,0.0001884,0.00010021,0.00010021,0.00010021,-8.7321e-06,-0.00048285,9.7005e-07,0.00029457,0.00016344,-7.2679e-05,1.6207e-05,-0.00015431,-2.3788e-05,-1.9859e-05,-4.3919e-05,-1.3309e-06,-2.3504e-05,-0.00013489,-8.2854e-05,0.00071688,-0.00029575,0.00061269,-6.3868e-05,-0.00045742,-0.00022482,-0.00079111,0.00021734,-0.00020643,-0.00028494,-0.00028494,-0.00028494,-3.9907e-07,-0.00014156,7.1032e-06,0.0014587,0.00046361
0.022775,0.030687,0.017606,-0.053824,0.032258,0.049034,0.098353,-0.042967,-0.02118,-0.076337,0.11561,-0.036346,-0.076103,-0.0018131,-0.064435,0.088465,-0.12208,0.091202,0.024631,0.0022453,0.0022453,0.0022453,0.036466,-0.027433,0.00024902,-0.011273,0.02239,0.017354,0.0065563,0.016019,0.01695,0.013661,-0.00253,-0.0078879,0.013091,0.015311,-0.11017,0.25124,0.0043502,0.11436,-0.03712,-0.11615,-0.068987,-0.077466,0.17906,0.059328,0.0043858,0.0043858,0.0043858,0.00011589,0.033393,0.0014587,0.61304,0.002414
0.0096456,0.015617,0.012287,0.0047005,0.0039437,-0.00054512,-0.00036527,0.022846,0.0021398,0.046418,-0.022301,-0.0082758,-0.036882,0.077059,-0.050962,0.0041042,-0.041966,0.033059,0.02602,0.00061088,0.00061088,0.00061088,-0.0067205,-0.027551,-0.00092994,0.070315,-0.074097,0.019236,-0.0046761,0.024446,0.030806,-0.010711,0.0092031,0.0035501,0.014536,0.013205,-0.076826,-0.036978,0.15557,0.10757,-0.093605,-0.00058139,0.019109,0.089289,-0.11828,0.065465,-0.0097399,-0.0097399,-0.0097399,8.4473e-05,0.010186,0.00046361,0.002414,0.87443
96.874,96.874,96.874,96.874,96.874,96.874,96.874,96.874,96.874,96.874,96.874,96.874,96.874,96.874,96.874,96.874,96.874,96.874,96.874,96.874,96.874,96.874,96.874,96.874,96.874,96.874,96.874,96.874,96.874,96.874,96.874,96.874,96.874,96.874,96.874,96.874,96.874,96.874,96.874,96.874,96.874,96.874,96.874,96.874,96.874,96.874,96.874,96.874,96.874,96.874,96.874,96.874,96.874,96.874
