207.42,0.65811,0.71148,0.0087858,0.34934,0.984,1.1515,0.80219,0.028458,0.23552,0.17242,0.10194
19.355,0.14197,0.16471,0.0061651,0.3024,0.81805,1.0116,0.64249,0.004264,0.15915,0.062401,0.00030432
349.2,0.98469,0.98823,0.016259,0.43887,1.2901,1.4476,1.1176,0.06278,0.44816,0.25792,0.26269
0.00013124,-5.9738e-05,-0.02763,-0.0050465,0.0078514,0.016133,-0.0013864,-0.0092419,0.018967,-0.0029343,-0.04879,-0.00026189
-5.9738e-05,17.83,-2.9,-0.22414,3.8029,-2.4821,5.1173,1.3138,-3.4052,-11.413,-8.0101,11.083
-0.02763,-2.9,28.556,3.4851,-11.593,-2.166,-1.0293,10.564,-13.251,-5.9832,24.324,-0.31548
-0.0050465,-0.22414,3.4851,998.05,-11.234,0.82868,-3.9862,7.2483,-0.11207,-4.0494,-8.2914,-1.8134
0.0078514,3.8029,-11.593,-11.234,662.14,-34.758,-134.03,203.84,-43.224,-51.11,-108.22,17.276
0.016133,-2.4821,-2.166,0.82868,-34.758,622.31,-309.07,-274.31,-7.2963,-42.342,-36.776,11.926
-0.0013864,5.1173,-1.0293,-3.9862,-134.03,-309.07,614.83,-251.14,-21.876,-15.977,-40.824,-10.872
-0.0092419,1.3138,10.564,7.2483,203.84,-274.31,-251.14,545.02,21.344,35.123,67.398,-28.152
0.018967,-3.4052,-13.251,-0.11207,-43.224,-7.2963,-21.876,21.344,937.02,-105.66,-49.131,-59.37
-0.0029343,-11.413,-5.9832,-4.0494,-51.11,-42.342,-15.977,35.123,-105.66,388.29,-124.68,-7.882
-0.04879,-8.0101,24.324,-8.2914,-108.22,-36.776,-40.824,67.398,-49.131,-124.68,577.96,-60.608
-0.00026189,11.083,-0.31548,-1.8134,17.276,11.926,-10.872,-28.152,-59.37,-7.882,-60.608,247.64
