0.46832,0.37164,0.24429,0.036867,0.4335,0.4335,0.4335,0.081564
0.22597,0.054599,0.19306,-0.023215,0.37461,0.37461,0.37461,1.6157e-05
1.2059,1.1863,0.30124,0.11066,0.49969,0.49969,0.49969,0.73069
534.76,-410.2,-74.347,-8.2018,-31.871,-31.871,-31.871,-101.01
-410.2,355.14,53.937,15.681,9.8804,9.8804,9.8804,20.811
-74.347,53.937,761.31,-118.47,-141.75,-141.75,-141.75,41.298
-8.2018,15.681,-118.47,518.1,-67.879,-67.879,-67.879,7.6275
-31.871,9.8804,-141.75,-67.879,786.73,-213.27,-213.27,16.541
-31.871,9.8804,-141.75,-67.879,-213.27,786.73,-213.27,16.541
-31.871,9.8804,-141.75,-67.879,-213.27,-213.27,786.73,16.541
-101.01,20.811,41.298,7.6275,16.541,16.541,16.541,128.62
