202.01,0.69774,0.71541,0.7168,0.013574,0.39921,0.74816,0.91259,0.51338,0.060199
90.968,0.4697,0.25882,0.51335,0.0023959,0.18174,0.3165,0.42185,0.017833,0.013845
259.29,0.90323,0.85098,0.96363,0.01975,0.46502,0.98635,1.1784,0.76016,0.093827
0.020171,0.79871,-0.16351,-0.2146,-0.052128,-1.8054,-1.5147,-2.5119,-0.70647,-0.53373
0.79871,196.17,-174.76,37.03,6.9943,25.257,4.5162,-58.365,-83.624,79.887
-0.16351,-174.76,305.04,-1.6008,-20.129,-227.1,-30.506,-97.719,129.39,18.493
-0.2146,37.03,-1.6008,172.3,4.1264,35.405,43.697,61.753,26.351,122.49
-0.052128,6.9943,-20.129,4.1264,998.87,-14.748,4.0656,1.502,16.25,-3.6743
-1.8054,25.257,-227.1,35.405,-14.748,781.5,101.2,55.845,274.34,-57.347
-1.5147,4.5162,-30.506,43.697,4.0656,101.2,807.7,-136.39,-237.59,81.178
-2.5119,-58.365,-97.719,61.753,1.502,55.845,-136.39,890.39,-165.46,56.813
-0.70647,-83.624,129.39,26.351,16.25,274.34,-237.59,-165.46,560.2,114.16
-0.53373,79.887,18.493,122.49,-3.6743,-57.347,81.178,56.813,114.16,931.01
