0,35.714,19.608,196.47,6.1651,302.4,818.05,1011.6,642.49,4.264,159.15,62.401,0.30432
1372.8,636.36,866.67,3311.3,17.349,536.18,1332.4,1532.8,1162.2,108.06,448.16,257.92,300.3
7.2096e-05,2.1871e-05,-8.7904e-05,1.7778e-06,6.4878e-05,1.8251e-05,0.00011785,-1.9158e-05,-3.6468e-05,-1.7182e-05,2.0955e-05,-1.5907e-05,2.5156e-05
2.1871e-05,8.0876e-05,-3.4478e-05,2.1412e-06,0.0012242,-2.2343e-05,-2.0218e-06,2.0624e-06,2.421e-05,0.00027629,-2.641e-05,3.4107e-05,-2.9574e-05
-8.7904e-05,-3.4478e-05,0.00016705,-1.9987e-06,-0.0005006,-5.0069e-05,-0.00025639,6.9999e-05,0.00011739,0.00034877,-8.8474e-05,8.4124e-05,-4.9776e-05
1.7778e-06,2.1412e-06,-1.9987e-06,2.7515e-06,0.00019702,-9.944e-06,-4.5054e-06,-3.2711e-06,7.6172e-06,9.7581e-06,3.4991e-06,1.2074e-06,-2.1063e-06
6.4878e-05,0.0012242,-0.0005006,0.00019702,0.384,-0.0093058,-0.00041054,-0.0045973,0.0047182,0.020431,-0.002178,-0.005369,-0.0025651
1.8251e-05,-2.2343e-05,-5.0069e-05,-9.944e-06,-0.0093058,0.33411,0.00011867,-0.33294,0.33296,-0.0017859,1.4162e-05,-5.2444e-05,0.00015931
0.00011785,-2.0218e-06,-0.00025639,-4.5054e-06,-0.00041054,0.00011867,0.0068739,-0.0031158,-0.0032279,-0.0029348,0.00024111,-0.0011678,0.00073719
-1.9158e-05,2.0624e-06,6.9999e-05,-3.2711e-06,-0.0045973,-0.33294,-0.0031158,0.33511,-0.33195,0.00074285,-0.00014911,0.00046941,-0.00024889
-3.6468e-05,2.421e-05,0.00011739,7.6172e-06,0.0047182,0.33296,-0.0032279,-0.33195,0.33508,0.0024781,-0.00017921,0.00053537,-0.0004104
-1.7182e-05,0.00027629,0.00034877,9.7581e-06,0.020431,-0.0017859,-0.0029348,0.00074285,0.0024781,0.02596,-0.0043726,0.00022216,-0.0024619
2.0955e-05,-2.641e-05,-8.8474e-05,3.4991e-06,-0.002178,1.4162e-05,0.00024111,-0.00014911,-0.00017921,-0.0043726,0.0014928,-0.0003913,0.00036435
-1.5907e-05,3.4107e-05,8.4124e-05,1.2074e-06,-0.005369,-5.2444e-05,-0.0011678,0.00046941,0.00053537,0.00022216,-0.0003913,0.0017164,-0.00023488
2.5156e-05,-2.9574e-05,-4.9776e-05,-2.1063e-06,-0.0025651,0.00015931,0.00073719,-0.00024889,-0.0004104,-0.0024619,0.00036435,-0.00023488,0.00057988
90.301,90.301,90.301,90.301,90.301,90.301,90.301,90.301,90.301,90.301,90.301,90.301,90.301
971.34,413.7,155.88,436.25,9.336,381.86,1241.7,1427.9,1046,42.294,289.49,184.72,139.05
0.14036,0.14036,0.14036,0.14036,0.14036,0.14036,0.14036,0.14036,0.14036,0.14036,0.14036,0.14036,0.14036
205.8,226.49,214.83,568.14,8.7522,357.65,952.53,1120.6,762.98,30.713,241.75,176.72,89.255
0.40351,0.40351,0.40351,0.40351,0.40351,0.40351,0.40351,0.40351,0.40351,0.40351,0.40351,0.40351,0.40351
1165,251.6,116.59,632.28,8.9731,340.17,962.4,1127.9,787.7,26.041,238.06,167.83,97.82
0.45613,0.45613,0.45613,0.45613,0.45613,0.45613,0.45613,0.45613,0.45613,0.45613,0.45613,0.45613,0.45613
