0,14.815,23.529,237.66,0.017687,24.778,362.55,380.1,340.88,9.719,3.8968e-05,4.1252e-05,3.9556e-05,4.2283e-05,67.779,46.274,867.73
1289.1,363.64,572.55,880.41,0.30133,100.94,1157.6,1178.4,1141.1,89.785,0.00058112,0.00065039,0.00056109,0.00059334,248.37,133.7,999.69
1.0382e-05,3.6765e-05,2.8158e-06,-1.5588e-05,-8.6238e-06,-3.2213e-05,0.0013054,-0.00066412,-0.00063187,-2.8334e-05,-1.9104e-08,-3.3247e-08,-1.3404e-09,-1.1471e-08,7.8032e-05,4.3483e-05,-0.00019365
3.6765e-05,0.00071363,0.0002314,-0.00030123,-4.6441e-05,-0.00069908,0.0060862,-0.0034155,-0.0026918,0.0010634,7.1133e-07,6.8035e-07,1.0791e-06,9.0961e-07,0.00070563,7.4077e-06,-0.0020309
2.8158e-06,0.0002314,0.00023997,-7.5844e-05,-1.5528e-05,1.7846e-05,-3.2738e-06,-4.058e-05,-4.233e-05,0.0011718,-1.4275e-07,-1.8685e-07,1.939e-08,-6.4908e-08,-0.00015702,-0.00044368,-0.00051688
-1.5588e-05,-0.00030123,-7.5844e-05,0.00019332,3.808e-05,0.00040619,-0.0040027,0.0022113,0.0017924,-0.0010201,-4.0627e-07,-4.2711e-07,-5.1537e-07,-5.1952e-07,-0.00027738,0.00024875,0.001016
-8.6238e-06,-4.6441e-05,-1.5528e-05,3.808e-05,0.99997,-0.0014791,0.0012506,-0.0013936,8.5295e-05,-0.0011201,2.4482e-08,1.2523e-07,1.8186e-08,1.2116e-07,-8.6233e-05,0.00075867,0.0015009
-3.2213e-05,-0.00069908,1.7846e-05,0.00040619,-0.0014791,0.33771,-0.017989,-0.3222,0.34007,-0.004401,-3.8607e-06,-4.031e-06,-4.4002e-06,-4.1786e-06,-0.0016108,0.0013825,0.0046253
0.0013054,0.0060862,-3.2738e-06,-0.0040027,0.0012506,-0.017989,0.36015,-0.18797,-0.16969,0.015304,6.0193e-07,-6.5952e-06,2.974e-07,-4.6263e-06,0.01722,-0.0043999,-0.044814
-0.00066412,-0.0034155,-4.058e-05,0.0022113,-0.0013936,-0.3222,-0.18797,0.43233,-0.24562,-0.0097156,-2.2579e-06,1.2495e-06,-2.3887e-06,1.8643e-07,-0.0094215,0.0029098,0.024721
-0.00063187,-0.0026918,-4.233e-05,0.0017924,8.5295e-05,0.34007,-0.16969,-0.24562,0.41416,-0.0054532,1.5959e-06,5.2518e-06,2.0134e-06,4.3429e-06,-0.0077379,0.0015945,0.019998
-2.8334e-05,0.0010634,0.0011718,-0.0010201,-0.0011201,-0.004401,0.015304,-0.0097156,-0.0054532,0.093297,1.8464e-05,1.8649e-05,1.8592e-05,1.806e-05,-0.018705,-0.047413,0.00024853
-1.9104e-08,7.1133e-07,-1.4275e-07,-4.0627e-07,2.4482e-08,-3.8607e-06,6.0193e-07,-2.2579e-06,1.5959e-06,1.8464e-05,1,-7.8532e-10,-8.1973e-10,-8.6877e-10,-4.1265e-07,-9.1036e-06,-2.5885e-06
-3.3247e-08,6.8035e-07,-1.8685e-07,-4.2711e-07,1.2523e-07,-4.031e-06,-6.5952e-06,1.2495e-06,5.2518e-06,1.8649e-05,-7.8532e-10,1,-7.7584e-10,-2.1099e-09,3.1804e-07,-9.0101e-06,-3.0644e-06
-1.3404e-09,1.0791e-06,1.939e-08,-5.1537e-07,1.8186e-08,-4.4002e-06,2.974e-07,-2.3887e-06,2.0134e-06,1.8592e-05,-8.1973e-10,-7.7584e-10,1,-9.1637e-10,-4.8079e-07,-7.8057e-06,-4.1923e-06
-1.1471e-08,9.0961e-07,-6.4908e-08,-5.1952e-07,1.2116e-07,-4.1786e-06,-4.6263e-06,1.8643e-07,4.3429e-06,1.806e-05,-8.6877e-10,-2.1099e-09,-9.1637e-10,1,4.4902e-09,-7.1763e-06,-4.5909e-06
7.8032e-05,0.00070563,-0.00015702,-0.00027738,-8.6233e-05,-0.0016108,0.01722,-0.0094215,-0.0077379,-0.018705,-4.1265e-07,3.1804e-07,-4.8079e-07,4.4902e-09,0.0071417,0.0089913,-0.0052369
4.3483e-05,7.4077e-06,-0.00044368,0.00024875,0.00075867,0.0013825,-0.0043999,0.0029098,0.0015945,-0.047413,-9.1036e-06,-9.0101e-06,-7.8057e-06,-7.1763e-06,0.0089913,0.029869,-0.0019254
-0.00019365,-0.0020309,-0.00051688,0.001016,0.0015009,0.0046253,-0.044814,0.024721,0.019998,0.00024853,-2.5885e-06,-3.0644e-06,-4.1923e-06,-4.5909e-06,-0.0052369,-0.0019254,0.011567
78.472,78.472,78.472,78.472,78.472,78.472,78.472,78.472,78.472,78.472,78.472,78.472,78.472,78.472,78.472,78.472,78.472
798.49,125.45,368.63,523.07,0.085705,45.467,946.22,968.51,923.04,49.306,0.00025671,0.0002871,0.00025518,0.00028203,186.66,88.753,988.46
1,1,1,1,1,1,1,1,1,1,1,1,1,1,1,1,1
