619.35,506.78,767.32,670.3,40.973,722.36,792.2,1138.7,416.35,144.2
436.68,84.158,686.27,599.25,22.81,549.77,549.98,1041.9,31.897,48.487
952.62,904.76,823.53,734.43,75.594,1010,926.59,1194.9,629.55,217.57
0.74046,-0.0019129,0.063611,0.053981,-0.026927,-0.22463,0.18759,0.074867,0.2995,-0.059466
-0.0019129,0.030073,-0.027313,0.075893,-0.0021133,0.033529,0.060147,0.029893,-0.0036417,0.13039
0.063611,-0.027313,0.98361,-0.011068,0.0065447,0.056062,-0.044292,-0.017509,-0.073572,0.018322
0.053981,0.075893,-0.011068,0.9829,0.0057495,0.043981,-0.043589,-0.017855,-0.061836,0.002185
-0.026927,-0.0021133,0.0065447,0.0057495,0.9972,-0.023236,0.019578,0.0078253,0.031061,-0.0059113
-0.22463,0.033529,0.056062,0.043981,-0.023236,0.80431,0.16022,0.063733,0.25943,-0.056213
0.18759,0.060147,-0.044292,-0.043589,0.019578,0.16022,0.86086,-0.055889,-0.21611,0.035053
0.074867,0.029893,-0.017509,-0.017855,0.0078253,0.063733,-0.055889,0.97752,-0.086217,0.013196
0.2995,-0.0036417,-0.073572,-0.061836,0.031061,0.25943,-0.21611,-0.086217,0.65435,0.069411
-0.059466,0.13039,0.018322,0.002185,-0.0059113,-0.056213,0.035053,0.013196,0.069411,0.96873
24.749,24.749,24.749,24.749,24.749,24.749,24.749,24.749,24.749,24.749
