395.07,623.17,867.45,68.819,126.39,1367.7,923.62,1455.5,87.758,101.65,716.04,439.23,46.401
148.49,171.17,776.47,32.493,113.37,1269.2,721.38,1281.7,12.461,74.781,674.3,326.11,9.6883
832.09,954.54,976.47,101.97,146.03,1437.8,1086.4,1565,195.93,159.05,769.96,543.42,78.468
0.054068,-0.053188,0.052077,-0.13106,0.0044078,0.049015,0.00077706,-0.0070684,-0.056091,0.048378,-0.0017178,-0.13162,-0.054944
-0.053188,0.10651,0.02891,0.082231,-0.03538,-0.19124,0.016075,-0.08241,0.10883,-0.0030508,-0.087073,0.13638,0.041406
0.052077,0.02891,0.45591,-0.05888,0.016581,-0.23163,-0.15546,-0.075367,0.15626,-0.0089782,0.018312,-0.34631,0.11156
-0.13106,0.082231,-0.05888,0.96489,0.0073354,-0.0015458,-0.035051,-0.011572,-0.010028,0.010283,0.01394,-0.068107,0.0021366
0.0044078,-0.03538,0.016581,0.0073354,0.99464,-0.00032865,0.046356,0.024979,0.025307,-0.010364,-0.013552,0.0014549,-0.004728
0.049015,-0.19124,-0.23163,-0.0015458,-0.00032865,0.85318,-0.073474,-0.057511,0.08931,-0.0042086,-0.009795,-0.10996,0.061052
0.00077706,0.016075,-0.15546,-0.035051,0.046356,-0.073474,0.46374,-0.33051,-0.25704,0.11869,0.12088,0.077706,0.073173
-0.0070684,-0.08241,-0.075367,-0.011572,0.024979,-0.057511,-0.33051,0.78611,-0.15638,0.074777,0.066562,0.07533,0.046298
-0.056091,0.10883,0.15626,-0.010028,0.025307,0.08931,-0.25704,-0.15638,0.75431,0.078985,0.076357,0.18528,-0.014752
0.048378,-0.0030508,-0.0089782,0.010283,-0.010364,-0.0042086,0.11869,0.074777,0.078985,0.96788,-0.028432,-0.040733,-0.0059862
-0.0017178,-0.087073,0.018312,0.01394,-0.013552,-0.009795,0.12088,0.066562,0.076357,-0.028432,0.96423,-0.018189,-0.0088538
-0.13162,0.13638,-0.34631,-0.068107,0.0014549,-0.10996,0.077706,0.07533,0.18528,-0.040733,-0.018189,0.66647,0.040601
-0.054944,0.041406,0.11156,0.0021366,-0.004728,0.061052,0.073173,0.046298,-0.014752,-0.0059862,-0.0088538,0.040601,0.9686
40.332,40.332,40.332,40.332,40.332,40.332,40.332,40.332,40.332,40.332,40.332,40.332,40.332
