731.79,611.68,708.1,1250.2,0.18458,76.037,452.07,481.75,405.71,106.6,233.68,136.94,992.82
27.573,247.37,239.22,455.17,0.024517,31.127,381.73,402.87,324.57,12.394,128.29,30.099,955.32
1382.8,987.5,941.18,2601,0.61973,127.89,585.85,610.32,538.96,199.21,299.46,235.48,999.83
1.0005e-05,3.5166e-06,-3.5719e-06,9.0442e-07,-1.2763e-05,-4.6554e-05,9.7465e-05,-9.1643e-05,-4.4768e-05,-0.00025425,7.5432e-05,0.0002486,-0.00035763
3.5166e-06,3.6395e-05,-1.1167e-05,3.0426e-06,-8.1422e-05,7.3562e-05,-0.00053631,0.0002587,0.00018559,-5.2655e-05,1.6588e-05,9.7975e-05,-0.00037355
-3.5719e-06,-1.1167e-05,4.768e-05,-7.4672e-06,0.0002828,-0.00016911,0.00068241,-0.00041325,-0.00024391,-0.00011493,8.8764e-06,0.00011629,-0.00026152
9.0442e-07,3.0426e-06,-7.4672e-06,8.033e-06,-1.6354e-05,2.2696e-05,-0.00031158,0.00015096,0.00012836,-2.9342e-05,5.7959e-06,1.3784e-05,0.00012304
-1.2763e-05,-8.1422e-05,0.0002828,-1.6354e-05,0.99407,-0.0018531,-0.0020892,0.00048524,0.002335,0.0032611,-0.00045375,-0.0034175,0.0077831
-4.6554e-05,7.3562e-05,-0.00016911,2.2696e-05,-0.0018531,0.338,-0.0076504,-0.32666,0.33533,0.0033676,-0.00032499,-0.0051118,0.011326
9.7465e-05,-0.00053631,0.00068241,-0.00031158,-0.0020892,-0.0076504,0.0947,-0.049265,-0.041622,-0.024134,0.0078449,0.015247,0.0037606
-9.1643e-05,0.0002587,-0.00041325,0.00015096,0.00048524,-0.32666,-0.049265,0.36093,-0.31241,0.014128,-0.0039068,-0.011169,0.0069358
-4.4768e-05,0.00018559,-0.00024391,0.00012836,0.002335,0.33533,-0.041622,-0.31241,0.35227,0.010762,-0.0035845,-0.0060522,-0.0044118
-0.00025425,-5.2655e-05,-0.00011493,-2.9342e-05,0.0032611,0.0033676,-0.024134,0.014128,0.010762,0.022296,-0.0066382,-0.017782,0.01006
7.5432e-05,1.6588e-05,8.8764e-06,5.7959e-06,-0.00045375,-0.00032499,0.0078449,-0.0039068,-0.0035845,-0.0066382,0.003008,0.0044602,-0.0012481
0.0002486,9.7975e-05,0.00011629,1.3784e-05,-0.0034175,-0.0051118,0.015247,-0.011169,-0.0060522,-0.017782,0.0044602,0.016918,-0.018967
-0.00035763,-0.00037355,-0.00026152,0.00012304,0.0077831,0.011326,0.0037606,0.0069358,-0.0044118,0.01006,-0.0012481,-0.018967,0.06523
84.901,84.901,84.901,84.901,84.901,84.901,84.901,84.901,84.901,84.901,84.901,84.901,84.901
