0,17.937,635.29,54.371,12.743,488.72,262.34,580.63,13.38,5.45,1.1725e-05,1.3453e-05,1.4933e-05,1.7012e-05,225.9,73.514,15.734
1010.7,250,874.51,172.16,176.7,1531,1353.5,1646.9,1003.2,34.711,8.9007e-05,9.3288e-05,7.7813e-05,9.5392e-05,845.63,209.38,46.41
0.02018,0.0046711,0.0013011,-0.10758,0.015406,0.016719,0.02085,-0.0090667,-0.025794,0.0046346,2.3602e-08,1.6316e-08,2.8775e-08,1.7281e-08,-0.043825,0.065304,-0.015247
0.0046711,0.040098,0.0028761,-0.10233,0.11579,-0.024565,-0.00026852,-0.0051938,0.019324,0.031016,-9.6136e-08,-9.0456e-08,-4.0204e-08,-4.7483e-08,0.044532,-0.075869,0.059912
0.0013011,0.0028761,0.045668,0.065502,0.1614,0.0057587,-0.029702,0.018097,0.012295,-0.016271,1.1529e-07,1.0693e-07,1.509e-07,1.2797e-07,-0.065112,0.04342,-0.064138
-0.10758,-0.10233,0.065502,0.90528,-0.052171,0.011089,-0.15625,0.10213,0.09104,0.0028181,-3.1572e-09,1.3456e-09,-1.2755e-09,-5.3461e-09,-0.084683,-0.071826,-0.032544
0.015406,0.11579,0.1614,-0.052171,0.90495,-0.046087,-0.1023,0.049511,0.095611,-0.0040269,5.2855e-09,1.0726e-08,-8.0879e-09,-6.8891e-09,-0.11123,-0.073223,-0.038636
0.016719,-0.024565,0.0057587,0.011089,-0.046087,0.40308,0.016725,-0.32013,0.27681,-0.01503,1.3476e-08,3.6465e-09,-2.1764e-09,1.6018e-08,-0.18288,0.1347,0.078036
0.02085,-0.00026852,-0.029702,-0.15625,-0.1023,0.016725,0.043994,-0.021976,-0.038666,-0.011124,3.4035e-08,2.7748e-08,1.4471e-09,1.9403e-08,-0.0068065,0.046336,0.024527
-0.0090667,-0.0051938,0.018097,0.10213,0.049511,-0.32013,-0.021976,0.3529,-0.32698,-0.0051236,8.2906e-09,7.3738e-09,1.1856e-08,2.2573e-08,-0.057326,0.00048433,0.041124
-0.025794,0.019324,0.012295,0.09104,0.095611,0.27681,-0.038666,-0.32698,0.39618,0.0099084,-5.1822e-09,3.7334e-09,1.4044e-08,6.5621e-09,0.12552,-0.13427,-0.036936
0.0046346,0.031016,-0.016271,0.0028181,-0.0040269,-0.01503,-0.011124,-0.0051236,0.0099084,0.99813,5.7073e-09,5.0059e-09,3.5091e-09,4.1465e-09,-0.0071662,0.0081618,-0.00032015
2.3602e-08,-9.6136e-08,1.1529e-07,-3.1572e-09,5.2855e-09,1.3476e-08,3.4035e-08,8.2906e-09,-5.1822e-09,5.7073e-09,1,-2.9166e-14,-2.8747e-14,-2.4834e-14,5.4177e-08,1.8811e-08,3.0436e-08
1.6316e-08,-9.0456e-08,1.0693e-07,1.3456e-09,1.0726e-08,3.6465e-09,2.7748e-08,7.3738e-09,3.7334e-09,5.0059e-09,-2.9166e-14,1,-3.1843e-14,-2.5561e-14,7.7393e-08,5.4254e-08,4.6379e-08
2.8775e-08,-4.0204e-08,1.509e-07,-1.2755e-09,-8.0879e-09,-2.1764e-09,1.4471e-09,1.1856e-08,1.4044e-08,3.5091e-09,-2.8747e-14,-3.1843e-14,1,-2.8905e-14,7.6305e-08,6.0809e-08,4.8578e-08
1.7281e-08,-4.7483e-08,1.2797e-07,-5.3461e-09,-6.8891e-09,1.6018e-08,1.9403e-08,2.2573e-08,6.5621e-09,4.1465e-09,-2.4834e-14,-2.5561e-14,-2.8905e-14,1,5.0728e-08,2.4355e-08,2.8081e-08
-0.043825,0.044532,-0.065112,-0.084683,-0.11123,-0.18288,-0.0068065,-0.057326,0.12552,-0.0071662,5.4177e-08,7.7393e-08,7.6305e-08,5.0728e-08,0.54898,-0.35892,-0.19434
0.065304,-0.075869,0.04342,-0.071826,-0.073223,0.1347,0.046336,0.00048433,-0.13427,0.0081618,1.8811e-08,5.4254e-08,6.0809e-08,2.4355e-08,-0.35892,0.4826,-0.24174
-0.015247,0.059912,-0.064138,-0.032544,-0.038636,0.078036,0.024527,0.041124,-0.036936,-0.00032015,3.0436e-08,4.6379e-08,4.8578e-08,2.8081e-08,-0.19434,-0.24174,0.86493
65.337,65.337,65.337,65.337,65.337,65.337,65.337,65.337,65.337,65.337,65.337,65.337,65.337,65.337,65.337,65.337,65.337
180.32,121.01,774.51,93.608,75.53,961.56,932.89,1383.6,422.04,20.217,4.0491e-05,4.1843e-05,3.9464e-05,4.1759e-05,503.41,170.23,29.231
1,1,1,1,1,1,1,1,1,1,1,1,1,1,1,1,1
