390.53,387.11,11.322,-396.02,417.51,417.51,417.51,4.3422,-101.61
723.77,722.71,51.559,-344.43,441.58,441.58,441.58,112.6,552.28
0.63536,-0.35685,-0.12137,-0.16911,-0.080412,-0.080412,-0.080412,-0.16608,-0.11828
-0.35685,0.65053,-0.11551,-0.16121,-0.076686,-0.076686,-0.076686,-0.16139,-0.13019
-0.12137,-0.11551,0.91711,-0.112,-0.052905,-0.052905,-0.052905,-0.070261,0.14849
-0.16911,-0.16121,-0.112,0.84851,-0.07157,-0.07157,-0.07157,-0.096669,0.19148
-0.080412,-0.076686,-0.052905,-0.07157,0.96619,-0.033815,-0.033815,-0.045842,0.089488
-0.080412,-0.076686,-0.052905,-0.07157,-0.033815,0.96619,-0.033815,-0.045842,0.089488
-0.080412,-0.076686,-0.052905,-0.07157,-0.033815,-0.033815,0.96619,-0.045842,0.089488
-0.16608,-0.16139,-0.070261,-0.096669,-0.045842,-0.045842,-0.045842,0.91907,0.012359
-0.11828,-0.13019,0.14849,0.19148,0.089488,0.089488,0.089488,0.012359,0.13106
20.608,20.608,20.608,20.608,20.608,20.608,20.608,20.608,20.608
515.9,514.36,33.969,-364.07,432.74,432.74,432.74,40.532,201.32
1,1,1,1,1,1,1,1,1
