660.88,715.12,713.17,803.19,20.406,491.13,831.42,1068.5,577.36,18.918,272.67,164.09,66.353
252.4,195.02,427.45,193.03,6.6707,310.57,505.6,923.81,-5.3515,2.7515,163.53,41.105,0.21971
1169,950,945.1,1852.8,65.1,958.89,1168.4,1336.5,1023.2,44.576,511.21,264.44,198.5
3.9687e-05,-1.6602e-06,5.6926e-05,-2.7226e-05,-0.0021785,0.00050104,-3.8648e-05,0.00020538,-0.0002948,0.0004424,-0.0012874,-1.9704e-05,2.0279e-05
-1.6602e-06,3.1292e-05,-2.868e-06,-6.0905e-06,-0.00087578,9.8849e-05,-0.00021633,0.00014942,5.5821e-05,0.00082321,-0.00018467,-2.5643e-05,-7.7148e-05
5.6926e-05,-2.868e-06,0.00017362,-5.7166e-05,-0.0026228,0.0009115,7.3209e-05,0.00028799,-0.00063074,-0.00072366,-0.0025045,6.8025e-05,0.00018345
-2.7226e-05,-6.0905e-06,-5.7166e-05,4.6643e-05,0.0027797,-0.00055365,-3.0996e-05,-0.00017908,0.00037387,-0.0011876,0.0014625,9.1245e-05,6.5132e-05
-0.0021785,-0.00087578,-0.0026228,0.0027797,0.82637,-0.048978,-0.00021625,-0.01757,0.031658,-0.31052,0.039109,0.036973,0.038724
0.00050104,9.8849e-05,0.0009115,-0.00055365,-0.048978,0.34286,-0.0014729,-0.32905,0.32812,0.018229,-0.023784,-0.0011394,-0.00089504
-3.8648e-05,-0.00021633,7.3209e-05,-3.0996e-05,-0.00021625,-0.0014729,0.015469,-0.0083411,-0.0069661,-0.028673,0.0055653,-0.00047889,0.0019703
0.00020538,0.00014942,0.00028799,-0.00017908,-0.01757,-0.32905,-0.0083411,0.33917,-0.33172,0.020567,-0.011556,-0.0001293,-0.0012345
-0.0002948,5.5821e-05,-0.00063074,0.00037387,0.031658,0.32812,-0.0069661,-0.33172,0.3402,0.0027531,0.012086,0.0010154,-0.00037722
0.0004424,0.00082321,-0.00072366,-0.0011876,-0.31052,0.018229,-0.028673,0.020567,0.0027531,0.27714,-0.025837,-0.020505,-0.027662
-0.0012874,-0.00018467,-0.0025045,0.0014625,0.039109,-0.023784,0.0055653,-0.011556,0.012086,-0.025837,0.073132,-0.0011306,-0.0016427
-1.9704e-05,-2.5643e-05,6.8025e-05,9.1245e-05,0.036973,-0.0011394,-0.00047889,-0.0001293,0.0010154,-0.020505,-0.0011306,0.0025782,0.0024892
2.0279e-05,-7.7148e-05,0.00018345,6.5132e-05,0.038724,-0.00089504,0.0019703,-0.0012345,-0.00037722,-0.027662,-0.0016427,0.0024892,0.0035983
89.454,89.454,89.454,89.454,89.454,89.454,89.454,89.454,89.454,89.454,89.454,89.454,89.454
