0.61836,0.54038,0.24672,0.030476,0.4465,0.4465,0.4465,0.19332
0.22597,0.054599,0.11033,-0.13819,0.34364,0.34364,0.34364,1.6157e-05
1.6202,1.5907,0.33475,0.12446,0.55848,0.55848,0.55848,1.6601
499.22,-408.28,-46.192,-2.2913,-21.545,-21.545,-21.545,-52.78
-408.28,362.9,51.227,32.259,7.2992,7.2992,7.2992,14.517
-46.192,51.227,725.88,-191.1,-145.86,-145.86,-145.86,-3.7528
-2.2913,32.259,-191.1,448.14,-68.768,-68.768,-68.768,-33.107
-21.545,7.2992,-145.86,-68.768,776.82,-223.18,-223.18,8.6324
-21.545,7.2992,-145.86,-68.768,-223.18,776.82,-223.18,8.6324
-21.545,7.2992,-145.86,-68.768,-223.18,-223.18,776.82,8.6324
-52.78,14.517,-3.7528,-33.107,8.6324,8.6324,8.6324,41.699
