0,25.806,490.2,472.04,1.1829,227.32,582.21,677.29,419.31,42.008,2.3973e-14,2.4606e-14,2.4448e-14,2.5233e-14
1370.2,108.28,788.24,883.52,17.99,443.91,875.66,1024.5,633.1,529.82,7.3674e-12,6.5126e-12,7.0751e-12,6.6629e-12
0.00082355,0.026087,-0.0026084,0.0027244,0.0002238,-0.0039347,0.0064162,-0.0065208,-0.0025839,0.00099072,2.2144e-15,1.9802e-15,2.2594e-15,2.0895e-15
0.026087,0.95366,-0.060936,0.062869,-0.0086982,-0.14296,-0.029591,-0.088947,0.054009,0.059901,2.1244e-15,1.8359e-15,1.922e-15,1.8399e-15
-0.0026084,-0.060936,0.014203,-0.01487,0.012728,0.0080599,-0.074663,0.048411,0.040353,0.0025332,4.6178e-15,4.2847e-15,5.5571e-15,5.0138e-15
0.0027244,0.062869,-0.01487,0.015717,-0.014489,-0.0082273,0.079562,-0.051352,-0.043129,-0.0028376,6.3752e-15,5.5905e-15,5.8386e-15,5.5331e-15
0.0002238,-0.0086982,0.012728,-0.014489,0.99635,-0.045946,0.0031127,-0.024167,0.021778,0.0022306,9.5932e-16,8.2494e-16,8.2994e-16,8.0144e-16
-0.0039347,-0.14296,0.0080599,-0.0082273,-0.045946,0.35767,0.0098436,-0.3218,0.32052,-0.0094935,1.2928e-14,1.115e-14,1.1396e-14,1.0963e-14
0.0064162,-0.029591,-0.074663,0.079562,0.0031127,0.0098436,0.59496,-0.33077,-0.34061,-0.050992,-1.0305e-14,-9.0049e-15,-9.3039e-15,-8.9106e-15
-0.0065208,-0.088947,0.048411,-0.051352,-0.024167,-0.3218,-0.33077,0.52949,-0.14871,0.021962,-2.1737e-15,-1.9999e-15,-2.2538e-15,-2.1053e-15
-0.0025839,0.054009,0.040353,-0.043129,0.021778,0.32052,-0.34061,-0.14871,0.53078,0.031447,-1.5102e-14,-1.3149e-14,-1.3649e-14,-1.3068e-14
0.00099072,0.059901,0.0025332,-0.0028376,0.0022306,-0.0094935,-0.050992,0.021962,0.031447,0.0079994,-4.2835e-16,-3.8068e-16,-3.2192e-16,-3.2087e-16
2.2144e-15,2.1244e-15,4.6178e-15,6.3752e-15,9.5932e-16,1.2928e-14,-1.0305e-14,-2.1737e-15,-1.5102e-14,-4.2835e-16,1,-5.0485e-28,-5.2747e-28,-5.0368e-28
1.9802e-15,1.8359e-15,4.2847e-15,5.5905e-15,8.2494e-16,1.115e-14,-9.0049e-15,-1.9999e-15,-1.3149e-14,-3.8068e-16,-5.0485e-28,1,-4.6038e-28,-4.3951e-28
2.2594e-15,1.922e-15,5.5571e-15,5.8386e-15,8.2994e-16,1.1396e-14,-9.3039e-15,-2.2538e-15,-1.3649e-14,-3.2192e-16,-5.2747e-28,-4.6038e-28,1,-4.6044e-28
2.0895e-15,1.8399e-15,5.0138e-15,5.5331e-15,8.0144e-16,1.0963e-14,-8.9106e-15,-2.1053e-15,-1.3068e-14,-3.2087e-16,-5.0368e-28,-4.3951e-28,-4.6044e-28,1
57.62,57.62,57.62,57.62,57.62,57.62,57.62,57.62,57.62,57.62,57.62,57.62,57.62,57.62
778.27,68.923,638.66,680.18,6.5891,304.56,728.88,811.7,507.14,281.63,1.4042e-12,1.2611e-12,1.4236e-12,1.3247e-12
1,1,1,1,1,1,1,1,1,1,1,1,1,1
