643.18,517.24,754.9,642.7,16.241,506.86,527.64,831.79,324.94,754.08
133.02,176.19,462.75,414.5,11.819,468.57,357.32,699.24,230.66,234.32
1209.4,813.56,901.96,878.57,20.007,528.49,625.57,925.08,415.26,1137.7
0.21933,-0.088173,-0.12555,-0.37645,0.005748,-0.0011189,0.011777,0.051177,0.052296,-0.021089
-0.088173,0.36638,0.44403,-0.039951,0.0003783,-0.036536,-0.041297,0.04922,0.085757,0.11306
-0.12555,0.44403,0.5933,-0.048022,0.0012388,0.044099,0.099164,0.01104,-0.03306,0.11428
-0.37645,-0.039951,-0.048022,0.8143,0.0027395,-0.0054538,-0.0132,0.014467,0.01992,-0.069146
0.005748,0.0003783,0.0012388,0.0027395,0.99996,-4.8157e-05,-0.00025791,-0.00043833,-0.00039017,-0.00026336
-0.0011189,-0.036536,0.044099,-0.0054538,-4.8157e-05,0.99171,-0.02566,-0.0095996,-0.0013096,-0.064484
0.011777,-0.041297,0.099164,-0.0132,-0.00025791,-0.02566,0.90966,-0.043741,-0.018081,-0.25966
0.051177,0.04922,0.01104,0.014467,-0.00043833,-0.0095996,-0.043741,0.96943,-0.020968,-0.1477
0.052296,0.085757,-0.03306,0.01992,-0.00039017,-0.0013096,-0.018081,-0.020968,0.98034,-0.083216
-0.021089,0.11306,0.11428,-0.069146,-0.00026336,-0.064484,-0.25966,-0.1477,-0.083216,0.15562
35.792,35.792,35.792,35.792,35.792,35.792,35.792,35.792,35.792,35.792
