207.61,0.66791,0.75468,0.0068916,0.34024,0.22703,0.40535,0.065106,0.044319,0.34941,0.13546,0.045667
0.40816,0.13793,0.4549,0.0036234,0.27789,0.11272,0.24869,-0.042354,0.0052335,0.14953,0.067133,0.00043189
348.75,0.9949,0.9451,0.011269,0.40686,0.49723,0.67988,0.28792,0.082913,0.68669,0.18874,0.086553
0.0001497,0.026448,-0.0044237,-0.0068082,-0.10571,-0.073685,-0.029102,0.076611,0.0036993,0.0031909,0.031622,-0.015394
0.026448,20.301,-14.604,-1.1439,-14.23,9.0631,-14.43,-0.20096,1.013,-3.4647,0.73405,16.821
-0.0044237,-14.604,77.115,-3.1725,34.095,-26.738,9.4679,-24.626,37.086,14.971,29.216,11.285
-0.0068082,-1.1439,-3.1725,998.11,-19.512,3.7889,-10.401,9.1108,-1.69,4.3477,-15.78,10.754
-0.10571,-14.23,34.095,-19.512,692.55,3.5849,-186.87,120.59,-52.499,41.515,-241.77,-26.505
-0.073685,9.0631,-26.738,3.7889,3.5849,621.6,-297.83,-301.42,-2.7057,24.185,-59.248,26.695
-0.029102,-14.43,9.4679,-10.401,-186.87,-297.83,584.3,-228.84,-26.006,-29.192,-138.66,-15.667
0.076611,-0.20096,-24.626,9.1108,120.59,-301.42,-228.84,650.58,26.494,-70.706,103.1,10.842
0.0036993,1.013,37.086,-1.69,-52.499,-2.7057,-26.006,26.494,966.41,-116.12,-61.703,-19.613
0.0031909,-3.4647,14.971,4.3477,41.515,24.185,-29.192,-70.706,-116.12,83.498,9.4742,-32.993
0.031622,0.73405,29.216,-15.78,-241.77,-59.248,-138.66,103.1,-61.703,9.4742,723.45,67.228
-0.015394,16.821,11.285,10.754,-26.505,26.695,-15.667,10.842,-19.613,-32.993,67.228,670.22
