0.31399,0.11954,-0.28461,0.13219,0.060046,0.24638,0.25653,0.11145,0.09033,0.18079,0.57934,0.53297,0.28468,0.37198,0.56788,0.77998,0.3604,0.14477,-0.59501,0.0028226,0.0028226,0.0028226,0.0019739,0.03553,34.202,0.13029,-0.068093
0.22357,0.029493,-0.49414,0.028838,0.0078949,0.0061483,0.16608,0.0068112,0.00015388,0.013055,0.10756,0.0081755,0.01574,0.0028151,0.01873,0.0068851,0.055555,0.032638,-1.0682,-0.047591,-0.047591,-0.047591,3.1422e-06,-0.040355,-60.753,-0.42628,-0.47451
0.54719,0.24742,-0.1797,0.24918,0.17213,0.49639,0.47033,0.32037,0.21097,0.57158,0.99513,0.99243,0.99938,0.99265,0.99941,0.9963,0.99163,0.33502,-0.40147,0.042669,0.042669,0.042669,0.011042,0.1035,147.46,0.64879,0.35686
8543.3,-889.53,1248.7,-830.09,69.761,-1207.7,-1127,-737.8,-401.51,148.89,-53.709,282.3,323.4,237.66,726.18,421.12,534.85,-426.94,1708.9,650.82,650.82,650.82,-30.162,-368.11,0.19508,168.02,109.44
-889.53,8478.2,352.24,-1244.4,448.39,-369.67,-453.41,-184.22,-1420.1,758.87,-1264.6,-721.94,504.39,716.11,705.28,548.36,420.82,-766.67,-18.227,451.74,451.74,451.74,-3.4957,-774.71,2.0526,795.66,-172.01
1248.7,352.24,8755.9,396.83,93.731,1197.6,1068.7,719.98,-134.99,153.12,-532.25,-650.35,-175.91,-8.928,-559.5,-222.97,-439.13,126.48,-1863.3,-549.47,-549.47,-549.47,31.638,75.447,0.5683,146.19,-192.58
-830.09,-1244.4,396.83,8879.8,120.16,-359.41,-410.16,-274.12,-1089.2,783.95,-1085.7,-490.18,-169.82,305.68,693.4,257.57,536.83,-1106.2,267.4,308.57,308.57,308.57,-2.9917,-696.14,2.0671,681.52,-114.13
69.761,448.39,93.731,120.16,9156,123.91,64.751,-277.99,702.76,381.02,199.95,373.28,-2010.1,-434.13,-20.406,-193.14,-119.14,-725.95,843.05,-380.56,-380.56,-380.56,-2.0461,17.805,0.12576,208.64,-55.893
-1207.7,-369.67,1197.6,-359.41,123.91,8718.3,-1035.1,-599.38,-0.95357,-350.48,497.81,916.37,886.59,-102.94,429,-268.63,820.14,-1.1577,1529.2,616.97,616.97,616.97,-26.852,-22.818,-0.25386,-51.311,136.02
-1127,-453.41,1068.7,-410.16,64.751,-1035.1,8952.8,-532.02,57.827,436.62,388.89,177.01,429.56,421.76,448.64,283.4,534.79,496.24,1702,474.95,474.95,474.95,-34.563,-108.9,-1.4693,-206.85,-28.791
-737.8,-184.22,719.98,-274.12,-277.99,-599.38,-532.02,9104,304.15,-571.25,-767.73,216.41,-193.04,-530.63,-624.23,597.21,-435.16,-571.56,1815,148.61,148.61,148.61,-24.553,-179.9,1.2736,189.28,206.34
-401.51,-1420.1,-134.99,-1089.2,702.76,-0.95357,57.827,304.15,8139.4,122.01,-876.61,-704.04,871.09,388.37,1232.8,273.47,421.71,-1240.3,-1578.3,500.83,500.83,500.83,23.431,-661.73,0.69927,575.62,-9.8499
148.89,758.87,153.12,783.95,381.02,-350.48,436.62,-571.25,122.01,4765.2,493.64,2073.4,1824.6,-1703.4,-540.58,1019.6,-2362.3,-1570.8,-704.95,625.01,625.01,625.01,26.579,506.89,1.1222,65.896,310.25
-53.709,-1264.6,-532.25,-1085.7,199.95,497.81,388.89,-767.73,-876.61,493.64,3988.5,-283.41,498.24,556.51,-3452.8,93.276,105.64,-1803.9,482.16,-454.64,-454.64,-454.64,-0.015896,-910.89,-1.1623,-479.69,-60.105
282.3,-721.94,-650.35,-490.18,373.28,916.37,177.01,216.41,-704.04,2073.4,-283.41,3495.5,418.59,-2688.7,869.44,1885.1,-571.72,1261.7,248.76,-284.04,-284.04,-284.04,-26.393,-547.35,-0.051579,-440.69,565.22
323.4,504.39,-175.91,-169.82,-2010.1,886.59,429.56,-193.04,871.09,1824.6,498.24,418.59,3768.5,790.39,1207.2,644.81,-815.18,-2337.2,674,-863.88,-863.88,-863.88,12.666,-248.12,-0.12571,192.22,378.9
237.66,716.11,-8.928,305.68,-434.13,-102.94,421.76,-530.63,388.37,-1703.4,556.51,-2688.7,790.39,2827.1,163.61,-1505.3,669.43,-1689.7,896.95,-277.26,-277.26,-277.26,5.9402,52.962,-0.47221,362.76,-275.15
726.18,705.28,-559.5,693.4,-20.406,429,448.64,-624.23,1232.8,-540.58,-3452.8,869.44,1207.2,163.61,5362.3,-612.83,-487.3,1110.8,1254.7,-792.35,-792.35,-792.35,-18.566,227.5,-0.51971,226.72,499.94
421.12,548.36,-222.97,257.57,-193.14,-268.63,283.4,597.21,273.47,1019.6,93.276,1885.1,644.81,-1505.3,-612.83,5373,3705.4,-283.35,-782.2,-435.72,-435.72,-435.72,26.068,310.53,2.8453,700.88,-68.671
534.85,420.82,-439.13,536.83,-119.14,820.14,534.79,-435.16,421.71,-2362.3,105.64,-571.72,-815.18,669.43,-487.3,3705.4,5651.4,167.44,53.733,-53.174,-53.174,-53.174,0.75834,22.422,2.2026,856.48,-488.9
-426.94,-766.67,126.48,-1106.2,-725.95,-1.1577,496.24,-571.56,-1240.3,-1570.8,-1803.9,1261.7,-2337.2,-1689.7,1110.8,-283.35,167.44,4465.8,-843.86,177.56,177.56,177.56,49.446,-678.89,-1.0144,-723.13,105.4
1708.9,-18.227,-1863.3,267.4,843.05,1529.2,1702,1815,-1578.3,-704.95,482.16,248.76,674,896.95,1254.7,-782.2,53.733,-843.86,4721.1,-68.614,-68.614,-68.614,85.936,151.42,-1.0893,-59.738,313.77
650.82,451.74,-549.47,308.57,-380.56,616.97,474.95,148.61,500.83,625.01,-454.64,-284.04,-863.88,-277.26,-792.35,-435.72,-53.174,177.56,-68.614,9422,-577.95,-577.95,5.7688,58.062,0.81651,228.89,-283.13
650.82,451.74,-549.47,308.57,-380.56,616.97,474.95,148.61,500.83,625.01,-454.64,-284.04,-863.88,-277.26,-792.35,-435.72,-53.174,177.56,-68.614,-577.95,9422,-577.95,5.7688,58.062,0.81651,228.89,-283.13
650.82,451.74,-549.47,308.57,-380.56,616.97,474.95,148.61,500.83,625.01,-454.64,-284.04,-863.88,-277.26,-792.35,-435.72,-53.174,177.56,-68.614,-577.95,-577.95,9422,5.7688,58.062,0.81651,228.89,-283.13
-30.162,-3.4957,31.638,-2.9917,-2.0461,-26.852,-34.563,-24.553,23.431,26.579,-0.015896,-26.393,12.666,5.9402,-18.566,26.068,0.75834,49.446,85.936,5.7688,5.7688,5.7688,9998.2,0.37635,0.12392,-14.029,15.235
-368.11,-774.71,75.447,-696.14,17.805,-22.818,-108.9,-179.9,-661.73,506.89,-910.89,-547.35,-248.12,52.962,227.5,310.53,22.422,-678.89,151.42,58.062,58.062,58.062,0.37635,9484.1,1.4211,842.79,-465.1
0.19508,2.0526,0.5683,2.0671,0.12576,-0.25386,-1.4693,1.2736,0.69927,1.1222,-1.1623,-0.051579,-0.12571,-0.47221,-0.51971,2.8453,2.2026,-1.0144,-1.0893,0.81651,0.81651,0.81651,0.12392,1.4211,0.0042243,1.1581,-0.35741
168.02,795.66,146.19,681.52,208.64,-51.311,-206.85,189.28,575.62,65.896,-479.69,-440.69,192.22,362.76,226.72,700.88,856.48,-723.13,-59.738,228.89,228.89,228.89,-14.029,842.79,1.1581,528.1,-164.41
109.44,-172.01,-192.58,-114.13,-55.893,136.02,-28.791,206.34,-9.8499,310.25,-60.105,565.22,378.9,-275.15,499.94,-68.671,-488.9,105.4,313.77,-283.13,-283.13,-283.13,15.235,-465.1,-0.35741,-164.41,216.3
