632.94,706.19,775.29,800.01,23.485,523.63,841.26,1090.5,566.88,21.238,289.04,174.35,55.04
252.4,195.02,592.16,193.03,6.6707,310.57,505.6,923.81,-5.3515,3.2178,163.53,57.966,0.21971
1025.8,950,945.1,1852.8,65.1,958.89,1168.4,1336.5,1023.2,44.576,511.21,264.44,198.5
0.0006856,-0.00044306,-0.00014873,-0.00056118,-0.0062406,0.0056831,0.0037768,-0.00060536,-0.0062824,-0.010671,-0.020304,-0.00018679,0.0029283
-0.00044306,0.000391,0.0001212,0.00045494,-0.00091367,-0.0042589,-0.001152,-0.00029346,0.0039706,0.0037275,0.016771,0.00025743,-0.0018489
-0.00014873,0.0001212,0.00024762,6.5762e-05,-0.00063707,-0.00045881,-0.0021178,0.0010464,0.0014947,0.0065591,0.0019179,1.6824e-05,-0.0010022
-0.00056118,0.00045494,6.5762e-05,0.00064295,0.0016638,-0.0061475,-0.00025476,-0.001217,0.0049325,-0.00027409,0.023645,0.00046755,-0.0019321
-0.0062406,-0.00091367,-0.00063707,0.0016638,0.97703,-0.043549,-0.099518,0.032554,0.076112,-0.041591,-0.024428,0.032132,0.012422
0.0056831,-0.0042589,-0.00045881,-0.0061475,-0.043549,0.39493,0.0053767,-0.32187,0.2832,-0.0033732,-0.22921,-0.0044866,0.019194
0.0037768,-0.001152,-0.0021178,-0.00025476,-0.099518,0.0053767,0.085401,-0.04115,-0.046468,-0.23755,0.0097194,0.0028971,0.026054
-0.00060536,-0.00029346,0.0010464,-0.001217,0.032554,-0.32187,-0.04115,0.3566,-0.32154,0.11829,-0.055432,-0.0024702,-0.0088964
-0.0062824,0.0039706,0.0014947,0.0049325,0.076112,0.2832,-0.046468,-0.32154,0.39523,0.12169,0.17378,0.0020238,-0.028094
-0.010671,0.0037275,0.0065591,-0.00027409,-0.041591,-0.0033732,-0.23755,0.11829,0.12169,0.88743,-0.027074,-0.030077,-0.09943
-0.020304,0.016771,0.0019179,0.023645,-0.024428,-0.22921,0.0097194,-0.055432,0.17378,-0.027074,0.89519,0.013467,-0.071616
-0.00018679,0.00025743,1.6824e-05,0.00046755,0.032132,-0.0044866,0.0028971,-0.0024702,0.0020238,-0.030077,0.013467,0.0030572,0.0024349
0.0029283,-0.0018489,-0.0010022,-0.0019321,0.012422,0.019194,0.026054,-0.0088964,-0.028094,-0.09943,-0.071616,0.0024349,0.017831
83.204,83.204,83.204,83.204,83.204,83.204,83.204,83.204,83.204,83.204,83.204,83.204,83.204
