184.39,0.66452,0.74118,2.4526e-05,0.036046,0.073841,0.23298,0.10163,0.9996
44.24,0.37097,0.38039,8.9791e-06,0.029185,0.064839,0.22725,0.093268,0.99917
308.63,0.875,0.97255,4.9356e-05,0.044097,0.081509,0.23809,0.11124,0.99993
0.00022759,0.099213,0.0074065,8.4804e-05,0.03725,-0.02907,0.020209,-0.030836,-0.002087
0.099213,76.87,-5.8445,0.015647,0.026218,-25.527,16.119,-16.368,-0.72077
0.0074065,-5.8445,21.082,0.02902,11.352,-9.0557,2.5648,-14.675,-0.48428
8.4804e-05,0.015647,0.02902,1000,-0.023601,0.078825,0.047648,0.092527,0.0036295
0.03725,0.026218,11.352,-0.023601,990.91,4.2158,5.8061,10.248,0.39458
-0.02907,-25.527,-9.0557,0.078825,4.2158,964.89,-18.003,-36.78,-1.4498
0.020209,16.119,2.5648,0.047648,5.8061,-18.003,988.22,-21.613,-0.84669
-0.030836,-16.368,-14.675,0.092527,10.248,-36.78,-21.613,957.43,-1.6711
-0.002087,-0.72077,-0.48428,0.0036295,0.39458,-1.4498,-0.84669,-1.6711,999.93
