421.94,314.37,-270.64,266.2,268.58,116.97,181.47,297.94,164.9,441.89,569.37,426.41,567.26,519.65,371,406.01,358.13,624.77,-454,-52.147,-52.147,-52.147,43.655,-206.45,19079,4.6364,-8.0392
247.99,90.1,-398.61,156.01,27.346,5.5596,11.517,24.205,12.527,58.021,94.06,0.82217,28.005,62.909,65.408,18.508,14.008,61.202,-600.6,-312.21,-312.21,-312.21,0.11389,-602.86,-2.8357e+05,-676.87,-521.57
611.59,507.32,-123.74,369.48,509.68,260.43,402.05,589.04,312.18,975.72,950.94,985.09,975.25,985.03,956.21,996.96,993.58,997.86,-307.91,85.375,85.375,85.375,188.92,149.31,3.185e+05,754.95,388.24
0.76654,-0.23999,0.063058,0.013019,-0.11171,-0.18952,-0.035804,-0.096098,-0.15079,-0.062033,-0.04356,0.039343,0.027458,0.04171,0.099615,0.0055423,-0.027381,0.029251,0.067343,0.030534,0.030534,0.030534,0.039369,0.065979,-5.7587e-06,-0.00091989,-5.1344e-05
-0.23999,0.63189,-0.034722,0.1467,-0.19386,-0.191,-0.12776,-0.11281,-0.13664,-0.035961,0.077226,0.050883,0.0033397,0.058099,-0.014548,0.022416,0.068616,0.0096901,0.025179,-0.046477,-0.046477,-0.046477,0.016278,0.041931,3.9675e-05,-0.014367,0.035147
0.063058,-0.034722,0.76706,0.11491,0.066174,-0.047429,-0.1005,-0.049012,0.15414,0.019358,0.060176,-0.061485,0.057717,0.080689,-0.0045078,0.0094269,0.027994,-0.066228,-0.23203,-0.11532,-0.11532,-0.11532,-0.0018371,0.010236,4.2174e-05,-0.0088787,0.017155
0.013019,0.1467,0.11491,0.76032,0.017753,-0.01172,0.11526,0.097424,-0.041585,-0.063154,-0.056057,0.049452,0.095863,-0.068891,0.049093,-0.089407,-0.18135,-0.096878,-6.5951e-05,0.078274,0.078274,0.078274,0.15181,-0.0052546,-9.5324e-06,-0.011227,-0.0083641
-0.11171,-0.19386,0.066174,0.017753,0.15724,0.19874,0.018878,-0.016716,0.06852,0.074228,-0.01813,0.0010362,-0.023336,-0.079148,-0.015529,-0.022934,-0.063479,-0.0058883,-0.080664,0.01468,0.01468,0.01468,0.054389,-0.039446,-1.8702e-05,0.003896,-0.018311
-0.18952,-0.191,-0.047429,-0.01172,0.19874,0.30684,-0.0079006,-0.10408,0.054212,0.11741,-0.016541,0.030581,-0.067415,-0.13326,-0.023087,-0.029031,-0.085193,0.028386,-0.065659,0.032444,0.032444,0.032444,0.15311,-0.04182,-2.1568e-05,0.005875,-0.026961
-0.035804,-0.12776,-0.1005,0.11526,0.018878,-0.0079006,0.17106,0.23631,0.097986,-0.07104,-0.048699,-0.054357,0.051928,0.0097727,-0.0001392,-0.026547,-0.026773,-0.052623,0.07533,0.042703,0.042703,0.042703,-0.061513,-0.021182,-1.2081e-05,0.0050225,-0.011051
-0.096098,-0.11281,-0.049012,0.097424,-0.016716,-0.10408,0.23631,0.40484,0.1282,-0.10941,-0.055227,-0.099556,0.1017,0.060325,-0.016471,-0.017094,0.004531,-0.10291,0.045958,0.02504,0.02504,0.02504,-0.25221,-0.045399,-2.1616e-05,0.0043404,-0.0023513
-0.15079,-0.13664,0.15414,-0.041585,0.06852,0.054212,0.097986,0.1282,0.40091,-0.11248,0.04541,-0.15718,0.0046729,0.11428,-0.029397,-0.0066549,0.10841,-0.0076324,0.17359,-0.043834,-0.043834,-0.043834,0.18207,0.053933,8.7424e-05,0.010991,-0.0068028
-0.062033,-0.035961,0.019358,-0.063154,0.074228,0.11741,-0.07104,-0.10941,-0.11248,0.11977,-0.010163,0.064674,-0.033656,-0.093418,-0.010908,0.0025362,-0.060744,0.012272,-0.1544,0.0045199,0.0045199,0.0045199,-0.035651,-0.047017,-4.2038e-05,-0.0023598,-0.0054319
-0.04356,0.077226,0.060176,-0.056057,-0.01813,-0.016541,-0.048699,-0.055227,0.04541,-0.010163,0.038312,-0.017013,-0.016685,0.037944,-0.010816,0.013753,0.05276,0.018161,0.023869,-0.032936,-0.032936,-0.032936,0.045569,0.024931,2.9623e-05,-0.00039832,0.0072408
0.039343,0.050883,-0.061485,0.049452,0.0010362,0.030581,-0.054357,-0.099556,-0.15718,0.064674,-0.017013,0.077599,-0.016291,-0.071738,0.01386,-0.0053773,-0.064292,0.01322,-0.073035,0.024296,0.024296,0.024296,-0.00087913,-0.019698,-3.2965e-05,-0.0043984,-0.0015186
0.027458,0.0033397,0.057717,0.095863,-0.023336,-0.067415,0.051928,0.1017,0.0046729,-0.033656,-0.016685,-0.016291,0.045117,0.020986,0.0069708,-0.0072412,-0.01285,-0.040446,-0.015975,0.0033385,0.0033385,0.0033385,-0.074572,-0.0095592,-7.3426e-06,-0.0019247,0.0031191
0.04171,0.058099,0.080689,-0.068891,-0.079148,-0.13326,0.0097727,0.060325,0.11428,-0.093418,0.037944,-0.071738,0.020986,0.11744,-0.0022423,0.0206,0.10338,-0.0017517,0.099491,-0.043963,-0.043963,-0.043963,-0.0098669,0.047433,4.8828e-05,0.0013937,0.013411
0.099615,-0.014548,-0.0045078,0.049093,-0.015529,-0.023087,-0.0001392,-0.016471,-0.029397,-0.010908,-0.010816,0.01386,0.0069708,-0.0022423,0.020384,-0.0062053,-0.01879,0.0022873,0.014104,0.012042,0.012042,0.012042,0.030163,0.010339,-1.4633e-06,-0.00079876,-0.00091219
0.0055423,0.022416,0.0094269,-0.089407,-0.022934,-0.029031,-0.026547,-0.017094,-0.0066549,0.0025362,0.013753,-0.0053773,-0.0072412,0.0206,-0.0062053,0.016336,0.032747,0.01024,-0.0045703,-0.017587,-0.017587,-0.017587,-0.02922,0.0052823,4.6271e-06,-5.1788e-05,0.0050501
-0.027381,0.068616,0.027994,-0.18135,-0.063479,-0.085193,-0.026773,0.004531,0.10841,-0.060744,0.05276,-0.064292,-0.01285,0.10338,-0.01879,0.032747,0.12382,0.024705,0.095038,-0.05233,-0.05233,-0.05233,0.00045917,0.044372,4.941e-05,0.0029071,0.012737
0.029251,0.0096901,-0.066228,-0.096878,-0.0058883,0.028386,-0.052623,-0.10291,-0.0076324,0.012272,0.018161,0.01322,-0.040446,-0.0017517,0.0022873,0.01024,0.024705,0.045059,0.045605,-0.0041282,-0.0041282,-0.0041282,0.086666,0.02391,1.465e-05,0.0018381,-0.00088365
0.067343,0.025179,-0.23203,-6.5951e-05,-0.080664,-0.065659,0.07533,0.045958,0.17359,-0.1544,0.023869,-0.073035,-0.015975,0.099491,0.014104,-0.0045703,0.095038,0.045605,0.32699,0.017098,0.017098,0.017098,0.21217,0.091631,7.4624e-05,0.0086524,-0.0026919
0.030534,-0.046477,-0.11532,0.078274,0.01468,0.032444,0.042703,0.02504,-0.043834,0.0045199,-0.032936,0.024296,0.0033385,-0.043963,0.012042,-0.017587,-0.05233,-0.0041282,0.017098,0.70774,-0.29226,-0.29226,0.014702,-0.013104,-2.122e-05,0.0008009,-0.0087658
0.030534,-0.046477,-0.11532,0.078274,0.01468,0.032444,0.042703,0.02504,-0.043834,0.0045199,-0.032936,0.024296,0.0033385,-0.043963,0.012042,-0.017587,-0.05233,-0.0041282,0.017098,-0.29226,0.70774,-0.29226,0.014702,-0.013104,-2.122e-05,0.0008009,-0.0087658
0.030534,-0.046477,-0.11532,0.078274,0.01468,0.032444,0.042703,0.02504,-0.043834,0.0045199,-0.032936,0.024296,0.0033385,-0.043963,0.012042,-0.017587,-0.05233,-0.0041282,0.017098,-0.29226,-0.29226,0.70774,0.014702,-0.013104,-2.122e-05,0.0008009,-0.0087658
0.039369,0.016278,-0.0018371,0.15181,0.054389,0.15311,-0.061513,-0.25221,0.18207,-0.035651,0.045569,-0.00087913,-0.074572,-0.0098669,0.030163,-0.02922,0.00045917,0.086666,0.21217,0.014702,0.014702,0.014702,0.58995,0.10921,9.0071e-05,0.0041767,-0.016055
0.065979,0.041931,0.010236,-0.0052546,-0.039446,-0.04182,-0.021182,-0.045399,0.053933,-0.047017,0.024931,-0.019698,-0.0095592,0.047433,0.010339,0.0052823,0.044372,0.02391,0.091631,-0.013104,-0.013104,-0.013104,0.10921,0.046437,3.7059e-05,0.00091323,0.0037081
-5.7587e-06,3.9675e-05,4.2174e-05,-9.5324e-06,-1.8702e-05,-2.1568e-05,-1.2081e-05,-2.1616e-05,8.7424e-05,-4.2038e-05,2.9623e-05,-3.2965e-05,-7.3426e-06,4.8828e-05,-1.4633e-06,4.6271e-06,4.941e-05,1.465e-05,7.4624e-05,-2.122e-05,-2.122e-05,-2.122e-05,9.0071e-05,3.7059e-05,3.8474e-08,1.3397e-06,3.5378e-06
-0.00091989,-0.014367,-0.0088787,-0.011227,0.003896,0.005875,0.0050225,0.0043404,0.010991,-0.0023598,-0.00039832,-0.0043984,-0.0019247,0.0013937,-0.00079876,-5.1788e-05,0.0029071,0.0018381,0.0086524,0.0008009,0.0008009,0.0008009,0.0041767,0.00091323,1.3397e-06,0.00079636,-0.001009
-5.1344e-05,0.035147,0.017155,-0.0083641,-0.018311,-0.026961,-0.011051,-0.0023513,-0.0068028,-0.0054319,0.0072408,-0.0015186,0.0031191,0.013411,-0.00091219,0.0050501,0.012737,-0.00088365,-0.0026919,-0.0087658,-0.0087658,-0.0087658,-0.016055,0.0037081,3.5378e-06,-0.001009,0.0039237
181.22,181.22,181.22,181.22,181.22,181.22,181.22,181.22,181.22,181.22,181.22,181.22,181.22,181.22,181.22,181.22,181.22,181.22,181.22,181.22,181.22,181.22,181.22,181.22,181.22,181.22,181.22
