0.6025,0.59821,-0.032713,-0.43659,0.33995,0.33995,0.33995,0.24483
0.24287,0.24287,-0.22601,-0.66707,0.27019,0.27019,0.27019,8.3929e-05
1.4769,1.4768,0.039746,-0.35637,0.38564,0.38564,0.38564,1.5602
509.95,-478.16,34.383,38.242,4.9933,4.9933,4.9933,-23.413
-478.16,518.08,-16.104,-18.946,-9.3704,-9.3704,-9.3704,-29.543
34.383,-16.104,552.72,-279.68,-93.321,-93.321,-93.321,-15.672
38.242,-18.946,-279.68,402.88,-47.113,-47.113,-47.113,-14.66
4.9933,-9.3704,-93.321,-47.113,812.05,-187.95,-187.95,-2.461
4.9933,-9.3704,-93.321,-47.113,-187.95,812.05,-187.95,-2.461
4.9933,-9.3704,-93.321,-47.113,-187.95,-187.95,812.05,-2.461
-23.413,-29.543,-15.672,-14.66,-2.461,-2.461,-2.461,44.698
