867.69,638.4,507.45,1275.7,32.762,652.33,548.79,762.77,110.44,684.91
71.023,314.29,274.51,445.63,11.573,408.33,507.08,700.07,-29.845,146.51
1174.3,897.96,705.88,2145.3,67.303,897.11,572.18,867.27,291.74,1928
0.15289,0.20394,-0.051207,-0.18052,-0.025437,-0.1334,0.095068,-0.015961,0.11743,0.10565
0.20394,0.5384,-0.43042,-0.097436,0.0049393,-0.05115,0.041924,0.0237,0.074851,0.039912
-0.051207,-0.43042,0.51959,-0.13025,-0.0040009,-0.10795,0.078055,0.016154,0.1241,0.10631
-0.18052,-0.097436,-0.13025,0.31765,0.028782,0.27703,-0.018546,0.10283,-0.1742,-0.19714
-0.025437,0.0049393,-0.0040009,0.028782,0.99607,-0.036483,0.0074872,-0.0081675,0.028316,-0.011956
-0.1334,-0.05115,-0.10795,0.27703,-0.036483,0.63193,0.072308,-0.076177,0.29189,-0.16189
0.095068,0.041924,0.078055,-0.018546,0.0074872,0.072308,0.9722,0.010392,-0.061916,-0.023778
-0.015961,0.0237,0.016154,0.10283,-0.0081675,-0.076177,0.010392,0.97878,0.054958,-0.010936
0.11743,0.074851,0.1241,-0.1742,0.028316,0.29189,-0.061916,0.054958,0.76306,0.15096
0.10565,0.039912,0.10631,-0.19714,-0.011956,-0.16189,-0.023778,-0.010936,0.15096,0.12954
47.16,47.16,47.16,47.16,47.16,47.16,47.16,47.16,47.16,47.16
