0,200,66.667,87.054,2.1075,220.41,48.439,134.87,-102.32,4.7692,9.9217e-06,8.0029e-06,1.0311e-05,8.5611e-06,131.06,67.133,0.43189
1382.8,470.59,196.08,490.99,11.269,441.99,561.62,679.88,427.31,82.913,0.00021344,0.00013608,0.00020744,0.00018248,686.69,188.74,222
4.6681e-05,-6.052e-05,-0.00026391,0.00014563,0.00082987,-0.00012552,-3.1745e-05,-0.00010637,1.9961e-05,0.001193,5.6153e-08,-9.7175e-09,6.4393e-08,3.7038e-09,-0.00010296,8.5762e-05,-0.00032759
-6.052e-05,0.001838,-0.0012774,-0.00034937,0.01516,-0.00031915,0.0089124,-0.0043093,-0.0039877,0.0018191,1.8506e-08,-8.9918e-08,4.3774e-08,7.564e-08,0.00064809,-0.0030959,-0.00099666
-0.00026391,-0.0012774,0.0046198,-0.00079925,-0.025334,0.0013606,-0.011032,0.0064095,0.0050364,-0.0095597,1.7839e-08,4.5602e-07,-1.0886e-07,2.0256e-07,-0.00028138,0.0022489,0.0042707
0.00014563,-0.00034937,-0.00079925,0.00092829,-0.0042811,-0.0010333,-0.0014676,-6.6678e-05,0.00096348,0.0060497,-2.0426e-07,-1.3167e-09,-1.3704e-07,9.1803e-08,-0.0007128,0.0019389,-0.0015181
0.00082987,0.01516,-0.025334,-0.0042811,0.77712,-0.010016,0.10749,-0.056559,-0.046503,0.064319,-2.347e-06,1.2272e-06,-2.3959e-06,1.3693e-06,0.0067652,-0.065669,-0.014691
-0.00012552,-0.00031915,0.0013606,-0.0010333,-0.010016,0.33568,-0.0016761,-0.33112,0.33321,-0.011879,3.0342e-07,-2.4542e-07,1.5604e-07,-5.6177e-07,0.0010712,-0.0016974,0.0023856
-3.1745e-05,0.0089124,-0.011032,-0.0014676,0.10749,-0.0016761,0.056742,-0.028142,-0.026433,0.014915,6.3853e-07,-1.4608e-06,6.1243e-07,-1.1478e-06,0.0040933,-0.019675,-0.0097308
-0.00010637,-0.0043093,0.0064095,-6.6678e-05,-0.056559,-0.33112,-0.028142,0.34822,-0.32067,-0.014447,-2.0703e-07,7.0805e-07,-2.7528e-07,4.0056e-07,-0.0013366,0.008166,0.0064571
1.9961e-05,-0.0039877,0.0050364,0.00096348,-0.046503,0.33321,-0.026433,-0.32067,0.3461,-0.0026017,-5.1e-07,9.534e-07,-4.3084e-07,9.6224e-07,-0.0023988,0.0098496,0.0040706
0.001193,0.0018191,-0.0095597,0.0060497,0.064319,-0.011879,0.014915,-0.014447,-0.0026017,0.11216,-2.3247e-06,2.2763e-06,-1.8182e-06,3.1448e-06,-0.010613,-0.0060925,-0.018932
5.6153e-08,1.8506e-08,1.7839e-08,-2.0426e-07,-2.347e-06,3.0342e-07,6.3853e-07,-2.0703e-07,-5.1e-07,-2.3247e-06,1,2.0946e-11,-3.7995e-11,2.5841e-11,5.0717e-07,6.4244e-07,1.7785e-07
-9.7175e-09,-8.9918e-08,4.5602e-07,-1.3167e-09,1.2272e-06,-2.4542e-07,-1.4608e-06,7.0805e-07,9.534e-07,2.2763e-06,2.0946e-11,1,1.9607e-11,-1.9471e-11,-3.3671e-07,5.7763e-07,4.0394e-07
6.4393e-08,4.3774e-08,-1.0886e-07,-1.3704e-07,-2.3959e-06,1.5604e-07,6.1243e-07,-2.7528e-07,-4.3084e-07,-1.8182e-06,-3.7995e-11,1.9607e-11,1,2.3759e-11,4.524e-07,9.0207e-07,1.0374e-07
3.7038e-09,7.564e-08,2.0256e-07,9.1803e-08,1.3693e-06,-5.6177e-07,-1.1478e-06,4.0056e-07,9.6224e-07,3.1448e-06,2.5841e-11,-1.9471e-11,2.3759e-11,1,-3.8508e-07,1.1507e-06,2.9435e-07
-0.00010296,0.00064809,-0.00028138,-0.0007128,0.0067652,0.0010712,0.0040933,-0.0013366,-0.0023988,-0.010613,5.0717e-07,-3.3671e-07,4.524e-07,-3.8508e-07,0.0016547,-0.0013605,0.00091552
8.5762e-05,-0.0030959,0.0022489,0.0019389,-0.065669,-0.0016974,-0.019675,0.008166,0.0098496,-0.0060925,6.4244e-07,5.7763e-07,9.0207e-07,1.1507e-06,-0.0013605,0.015426,0.0013858
-0.00032759,-0.00099666,0.0042707,-0.0015181,-0.014691,0.0023856,-0.0097308,0.0064571,0.0040706,-0.018932,1.7785e-07,4.0394e-07,1.0374e-07,2.9435e-07,0.00091552,0.0013858,0.006067
82.734,82.734,82.734,82.734,82.734,82.734,82.734,82.734,82.734,82.734,82.734,82.734,82.734,82.734,82.734,82.734,82.734
159.36,333.45,147.21,279.79,6.1029,324.05,261.84,421.76,97.71,39.185,6.7583e-05,5.377e-05,6.6244e-05,5.6064e-05,318.98,125.65,69.766
1,1,1,1,1,1,1,1,1,1,1,1,1,1,1,1,1
