144.61,0.37581,0.74431,0.0079114,0.31893,0.27991
37.742,0.11979,0.58823,0.0020684,0.22732,0.089305
202.5,0.76636,0.9098,0.01799,0.44391,0.49
0.0034688,0.32823,-0.57139,0.1133,1.5414,0.29931
0.32823,55.959,-65.535,6.3741,99.533,37.963
-0.57139,-65.535,163.82,-8.0594,-193.6,-72.88
0.1133,6.3741,-8.0594,999.83,-3.3572,5.0431
1.5414,99.533,-193.6,-3.3572,931.05,74.417
0.29931,37.963,-72.88,5.0431,74.417,67.876
