0.66345,0.66199,-0.0061311,-0.36865,0.34098,0.34098,0.34098,0.20678
0.36498,0.35833,-0.091233,-0.48698,0.27173,0.27173,0.27173,9.3247e-06
1.4417,1.4402,0.084826,-0.23562,0.43343,0.43343,0.43343,1.2997
4960.9,-4909.5,76.078,46.548,-69.908,-69.908,-69.908,-50.454
-4909.5,4976.8,-225.68,119.83,61.58,61.58,61.58,-48.238
76.078,-225.68,2360.6,-1099.1,-295.54,-295.54,-295.54,108.69
46.548,119.83,-1099.1,1006,-21.475,-21.475,-21.475,-127.72
-69.908,61.58,-295.54,-21.475,6812.7,-3187.3,-3187.3,13.945
-69.908,61.58,-295.54,-21.475,-3187.3,6812.7,-3187.3,13.945
-69.908,61.58,-295.54,-21.475,-3187.3,-3187.3,6812.7,13.945
-50.454,-48.238,108.69,-127.72,13.945,13.945,13.945,90.837
