210.45,0.62206,0.64532,0.01049,0.37389,0.044511,0.28983,0.20431,0.10491
107.72,0.32787,0.23922,0.0075416,0.32503,0.020519,0.21772,0.17439,0.043526
341.57,0.98039,1,0.013686,0.40317,0.085004,0.36602,0.2346,0.19179
0.00034411,-0.029204,0.042954,-0.0097131,-0.077817,0.0036014,-0.063489,-0.11328,-0.21219
-0.029204,167.73,-111.3,1.6855,116.55,83.768,54.331,31.152,-17.59
0.042954,-111.3,97.576,0.41144,-50.142,-26.55,-3.208,-9.5293,5.1244
-0.0097131,1.6855,0.41144,998.8,-11.52,0.5235,-0.8663,-12.036,6.7673
-0.077817,116.55,-50.142,-11.52,852.96,21.127,38.113,-113.49,104.23
0.0036014,83.768,-26.55,0.5235,21.127,832.85,-72.362,7.4913,-10.952
-0.063489,54.331,-3.208,-0.8663,38.113,-72.362,445.26,-9.9272,142.18
-0.11328,31.152,-9.5293,-12.036,-113.49,7.4913,-9.9272,876.58,51.116
-0.21219,-17.59,5.1244,6.7673,104.23,-10.952,142.18,51.116,423.38
