0.42547,0.34688,-0.23189,-0.41878,-0.033197,-0.033197,-0.033197,0.016809
0.28241,0.17284,-0.26261,-0.4703,-0.063159,-0.063159,-0.063159,0.0012487
0.85167,0.82718,-0.2028,-0.37085,0.044105,0.044105,0.044105,0.078294
547.25,-459.2,7.7187,42.678,21.749,21.749,21.749,-59.829
-459.2,430.45,-26.184,-65.979,-13.163,-13.163,-13.163,-56.316
7.7187,-26.184,859.94,-154.83,-86.609,-86.609,-86.609,-22.99
42.678,-65.979,-154.83,641.81,-37.491,-37.491,-37.491,62.21
21.749,-13.163,-86.609,-37.491,772.12,-227.88,-227.88,14.592
21.749,-13.163,-86.609,-37.491,-227.88,772.12,-227.88,14.592
21.749,-13.163,-86.609,-37.491,-227.88,-227.88,772.12,14.592
-59.829,-56.316,-22.99,62.21,14.592,14.592,14.592,893.96
