313.3,175.23,-374.48,-825.54,73.334,73.334,73.334,0.023614,124.33
910.86,830.76,-259.72,-609.46,110.01,110.01,110.01,1.4179,261.19
0.57757,-0.48021,0.044266,0.091673,0.019588,0.019588,0.019588,0.00069463,-0.043125
-0.48021,0.42045,-0.022085,-0.018069,0.059173,0.059173,0.059173,0.0022201,0.041646
0.044266,-0.022085,0.83951,-0.27281,0.077383,0.077383,0.077383,0.0030061,0.19968
0.091673,-0.018069,-0.27281,0.5356,0.1299,0.1299,0.1299,0.005049,0.33895
0.019588,0.059173,0.077383,0.1299,0.9586,-0.041396,-0.041396,-0.0016015,-0.097471
0.019588,0.059173,0.077383,0.1299,-0.041396,0.9586,-0.041396,-0.0016015,-0.097471
0.019588,0.059173,0.077383,0.1299,-0.041396,-0.041396,0.9586,-0.0016015,-0.097471
0.00069463,0.0022201,0.0030061,0.005049,-0.0016015,-0.0016015,-0.0016015,0.99994,-0.0037845
-0.043125,0.041646,0.19968,0.33895,-0.097471,-0.097471,-0.097471,-0.0037845,0.75121
21.519,21.519,21.519,21.519,21.519,21.519,21.519,21.519,21.519
590.82,468.83,-335.9,-749.23,86.104,86.104,86.104,0.49773,211.64
1,1,1,1,1,1,1,1,1
