197.01,0.59154,0.56716,0.012477,0.42879,0.052835
10.909,0.37391,0.31765,0.0097409,0.40674,0.045192
330,0.89071,0.74118,0.014157,0.46014,0.064104
0.0008629,-0.14223,-0.28447,-94.589,-0.11511,6.0377
-0.14223,59.16,37.215,15965,197,-1022.9
-0.28447,37.215,138.44,33175,-161.95,-2070.2
-94.589,15965,33175,1.2387e+07,-82829,-8.0167e+05
-0.11511,197,-161.95,-82829,8492.4,3024.6
6.0377,-1022.9,-2070.2,-8.0167e+05,3024.6,78578
