487.4,104.11,709.24,52.522,26.669,685.78,1226,1516.9,831.15,252.24,1096.9,304.79,88.564
0,21.739,360.78,39.319,14.43,497.85,1066.1,1295.4,636.86,77.925,492.56,240.05,7.668
1382.8,208.12,917.65,65.465,45.022,1018.4,1567.8,1766.9,1191.3,439.53,1645.8,415.11,308.04
2.5493e-05,0.00018184,2.0677e-05,-0.0012553,-0.0011223,-1.116e-05,0.00059376,-0.00031747,-0.0003146,0.00036823,-6.7127e-05,0.00020198,-0.00020408
0.00018184,0.0023781,-0.00013981,-0.019953,-0.014086,-8.0456e-06,0.005254,-0.0027065,-0.0027289,0.0031689,-0.00067214,0.0027779,-0.0017913
2.0677e-05,-0.00013981,0.00040338,0.0040668,0.0067844,-0.00014454,8.6266e-05,-0.0001513,-2.4503e-05,0.00056527,-6.0546e-05,-0.0012146,-0.0001541
-0.0012553,-0.019953,0.0040668,0.29583,0.17526,0.00051875,-0.087554,0.045409,0.044594,-0.039732,0.01005,-0.049021,0.021301
-0.0011223,-0.014086,0.0067844,0.17526,0.52807,-0.0084243,-0.020587,0.005754,0.014788,-0.0086962,0.0026462,-0.073115,0.010786
-1.116e-05,-8.0456e-06,-0.00014454,0.00051875,-0.0084243,0.33359,-0.0013531,-0.33246,0.33392,-0.00063224,0.00011084,0.00065782,0.00019528
0.00059376,0.005254,8.6266e-05,-0.087554,-0.020587,-0.0013531,0.045371,-0.024582,-0.023223,0.0198,-0.004627,0.01283,-0.011065
-0.00031747,-0.0027065,-0.0001513,0.045409,0.005754,-0.33246,-0.024582,0.34676,-0.32078,-0.010728,0.00247,-0.0062636,0.005917
-0.0003146,-0.0027289,-2.4503e-05,0.044594,0.014788,0.33392,-0.023223,-0.32078,0.34531,-0.010153,0.0023651,-0.006889,0.0057862
0.00036823,0.0031689,0.00056527,-0.039732,-0.0086962,-0.00063224,0.0198,-0.010728,-0.010153,0.010509,-0.0023246,0.004834,-0.0054802
-6.7127e-05,-0.00067214,-6.0546e-05,0.01005,0.0026462,0.00011084,-0.004627,0.00247,0.0023651,-0.0023246,0.00055928,-0.0013079,0.0012318
0.00020198,0.0027779,-0.0012146,-0.049021,-0.073115,0.00065782,0.01283,-0.0062636,-0.006889,0.004834,-0.0013079,0.014177,-0.0030556
-0.00020408,-0.0017913,-0.0001541,0.021301,0.010786,0.00019528,-0.011065,0.005917,0.0057862,-0.0054802,0.0012318,-0.0030556,0.0033795
89.58,89.58,89.58,89.58,89.58,89.58,89.58,89.58,89.58,89.58,89.58,89.58,89.58
