172.31,0.65887,0.68392,0.030902,0.59728,0.83265,1.0982,0.50096,0.11506
68.69,0.4125,0.58431,0.013138,0.40147,0.58623,1.0114,-0.0053515,0.035213
297.67,0.8199,0.82745,0.081375,1.0682,0.96016,1.2325,0.64326,0.18675
0.00098366,0.23382,0.53818,0.029369,0.38321,0.22086,0.36835,-0.014859,-0.38662
0.23382,253.07,19.808,20.935,214.48,133.65,257.49,43.002,60.982
0.53818,19.808,514.63,5.2023,176.46,81.742,139.75,-36.713,-266.04
0.029369,20.935,5.2023,995.58,-40.555,20.121,1.5117,42.066,-8.6596
0.38321,214.48,176.46,-40.555,591.79,143.32,-39.062,369.14,-4.8595
0.22086,133.65,81.742,20.121,143.32,796.85,-140.97,-284.28,102.21
0.36835,257.49,139.75,1.5117,-39.062,-140.97,837.84,-123.09,86.943
-0.014859,43.002,-36.713,42.066,369.14,-284.28,-123.09,507.77,91.803
-0.38662,60.982,-266.04,-8.6596,-4.8595,102.21,86.943,91.803,823.8
