1168.3,1147.5,-227.59,-608.07,38.599,38.599,38.599,856.13,998.72
1626.8,1615.6,-108.75,-353.89,288.25,288.25,288.25,1444,1296
0.60094,-0.4051,0.0087144,0.02495,-0.094587,-0.094587,-0.094587,-0.1405,0.16819
-0.4051,0.57984,-0.074372,-0.013969,-0.088201,-0.088201,-0.088201,-0.13373,0.17981
0.0087144,-0.074372,0.22207,-0.37865,0.062653,0.062653,0.062653,0.081572,0.058049
0.02495,-0.013969,-0.37865,0.70435,-0.060965,-0.060965,-0.060965,-0.067875,-0.21927
-0.094587,-0.088201,0.062653,-0.060965,0.76136,-0.23864,-0.23864,0.14007,-0.154
-0.094587,-0.088201,0.062653,-0.060965,-0.23864,0.76136,-0.23864,0.14007,-0.154
-0.094587,-0.088201,0.062653,-0.060965,-0.23864,-0.23864,0.76136,0.14007,-0.154
-0.1405,-0.13373,0.081572,-0.067875,0.14007,0.14007,0.14007,0.2082,-0.23857
0.16819,0.17981,0.058049,-0.21927,-0.154,-0.154,-0.154,-0.23857,0.40424
34.956,34.956,34.956,34.956,34.956,34.956,34.956,34.956,34.956
1437,1422.5,-193.67,-498.48,163.07,163.07,163.07,1136.9,1128.3
1,1,1,1,1,1,1,1,1
