191.99,0.46241,0.68567,1.1357,0.018302,0.45423,0.59969,0.8624,0.40817,0.20771
95.821,0.28111,0.57255,0.39112,0.010563,0.35094,0.48621,0.67843,0.32749,0.050427
352.21,0.68667,0.8549,1.8527,0.02748,0.55975,0.80131,1.0354,0.53896,0.322
0.00019031,0.038339,-0.027365,-0.021789,-0.01647,0.082191,-0.10006,0.075175,-0.0070234,0.022817
0.038339,127.81,61.654,-22.939,-0.74306,71.345,-12.765,43.504,-27.834,59.086
-0.027365,61.654,136.45,-7.7389,3.7712,-25.888,44.247,-6.0536,19.837,49.034
-0.021789,-22.939,-7.7389,18.122,-5.2194,-51.707,-4.3049,-24.125,27.582,-31.985
-0.01647,-0.74306,3.7712,-5.2194,996.55,-16.186,2.5032,-13.465,2.7199,-7.031
0.082191,71.345,-25.888,-51.707,-16.186,645.33,-15.873,-235.72,118.95,34.83
-0.10006,-12.765,44.247,-4.3049,2.5032,-15.873,395.37,-158.64,-142.77,139.23
0.075175,43.504,-6.0536,-24.125,-13.465,-235.72,-158.64,475.2,-289.08,7.4275
-0.0070234,-27.834,19.837,27.582,2.7199,118.95,-142.77,-289.08,591.97,-27.405
0.022817,59.086,49.034,-31.985,-7.031,34.83,139.23,7.4275,-27.405,271.92
