142.4,0.39907,0.61176,0.014948,0.41165,0.19423
19.688,0.16883,0.45098,0.0077195,0.36348,0.13277
265.23,0.56915,0.76863,0.018608,0.479,0.25984
0.00046004,-0.099791,-0.25464,-0.014838,-0.15978,-0.099911
-0.099791,52.216,61.269,3.5377,38.056,25.495
-0.25464,61.269,281.66,39.473,230.32,-103.13
-0.014838,3.5377,39.473,994.7,3.6089,-23.915
-0.15978,38.056,230.32,3.6089,662.88,31.498
-0.099911,25.495,-103.13,-23.915,31.498,551.31
