629.15,622.46,-59.691,-470,321.27,321.27,321.27,218.67,219.88
319.59,315.3,-226.01,-667.07,236.02,236.02,236.02,0.083929,26.601
1476.9,1476.8,16.452,-356.37,385.64,385.64,385.64,1560.2,524.87
0.22092,-0.21813,0.043019,-0.0041101,-0.0042751,-0.0042751,-0.0042751,-0.0012373,-0.0056571
-0.21813,0.21548,-0.042411,0.0040307,0.0042341,0.0042341,0.0042341,0.0011459,0.0055645
0.043019,-0.042411,0.010989,-0.0024988,-0.0011357,-0.0011357,-0.0011357,-0.00028744,-0.0011153
-0.0041101,0.0040307,-0.0024988,0.0014586,0.00017329,0.00017329,0.00017329,4.0729e-05,0.00013326
-0.0042751,0.0042341,-0.0011357,0.00017329,0.66689,-0.33311,-0.33311,1.3506e-05,9.9333e-05
-0.0042751,0.0042341,-0.0011357,0.00017329,-0.33311,0.66689,-0.33311,1.3506e-05,9.9333e-05
-0.0042751,0.0042341,-0.0011357,0.00017329,-0.33311,-0.33311,0.66689,1.3506e-05,9.9333e-05
-0.0012373,0.0011459,-0.00028744,4.0729e-05,1.3506e-05,1.3506e-05,1.3506e-05,6.6239e-05,4.5645e-05
-0.0056571,0.0055645,-0.0011153,0.00013326,9.9333e-05,9.9333e-05,9.9333e-05,4.5645e-05,0.00020056
55.594,55.594,55.594,55.594,55.594,55.594,55.594,55.594,55.594
