0.66345,0.66199,-0.0061311,-0.36865,0.34098,0.34098,0.34098,0.20678
0.36498,0.35833,-0.091233,-0.48698,0.27173,0.27173,0.27173,9.3247e-06
1.4417,1.4402,0.084826,-0.23562,0.43343,0.43343,0.43343,1.2997
522.23,-475.91,-8.5864,32.801,-8.4864,-8.4864,-8.4864,-39.262
-475.91,522.98,-16.257,32.974,-0.39475,-0.39475,-0.39475,-38.593
-8.5864,-16.257,656.14,-236.74,-89.981,-89.981,-89.981,18.103
32.801,32.974,-236.74,397.82,-54.433,-54.433,-54.433,-49.794
-8.4864,-0.39475,-89.981,-54.433,753,-247,-247,11.866
-8.4864,-0.39475,-89.981,-54.433,-247,753,-247,11.866
-8.4864,-0.39475,-89.981,-54.433,-247,-247,753,11.866
-39.262,-38.593,18.103,-49.794,11.866,11.866,11.866,73.433
