0,30.769,239.22,472.24,0.055859,39.194,361.52,645.96,-23.684,1.0381,157.33,17.579,3.797
1394.5,242.42,666.67,1157,43.139,752.05,943.2,1039.6,702.71,113.02,1160.1,355.01,766.17
5.2301e-06,8.0005e-06,1.4472e-05,-1.6912e-06,4.5784e-05,-1.0737e-05,-1.1477e-05,-5.451e-06,5.1233e-06,3.1585e-05,3.5055e-07,-6.1638e-06,-1.573e-05
8.0005e-06,0.00059016,5.4183e-05,2.2765e-05,0.0021009,-9.7714e-05,8.3969e-05,-8.422e-05,9.4755e-06,-3.8329e-05,-2.1987e-05,5.3902e-05,-1.3786e-05
1.4472e-05,5.4183e-05,0.00023091,-1.6756e-05,-0.0016698,8.5856e-06,-7.4131e-05,4.6067e-06,-8.1097e-06,6.4216e-05,1.4793e-05,-1.2372e-05,-7.0066e-05
-1.6912e-06,2.2765e-05,-1.6756e-05,5.7465e-05,-0.00026243,2.8973e-05,1.1861e-05,9.476e-06,-1.8981e-05,-0.00022401,1.8674e-05,-2.409e-05,2.3302e-05
4.5784e-05,0.0021009,-0.0016698,-0.00026243,0.12944,-0.0057842,0.002307,-0.0032698,0.0025865,0.0073942,-0.00015524,-0.0001849,-0.0015402
-1.0737e-05,-9.7714e-05,8.5856e-06,2.8973e-05,-0.0057842,0.33367,-6.4883e-05,-0.33314,0.33319,-0.00051388,5.8042e-06,-7.9967e-05,0.00011993
-1.1477e-05,8.3969e-05,-7.4131e-05,1.1861e-05,0.002307,-6.4883e-05,0.0010299,-0.00053561,-0.00047014,0.000577,-0.00012026,-0.00023989,3.2795e-05
-5.451e-06,-8.422e-05,4.6067e-06,9.476e-06,-0.0032698,-0.33314,-0.00053561,0.33371,-0.33314,-0.0005781,6.1847e-05,0.00010119,5.4783e-05
5.1233e-06,9.4755e-06,-8.1097e-06,-1.8981e-05,0.0025865,0.33319,-0.00047014,-0.33314,0.33367,-4.694e-05,5.5894e-05,0.00017254,-6.8002e-05
3.1585e-05,-3.8329e-05,6.4216e-05,-0.00022401,0.0073942,-0.00051388,0.000577,-0.0005781,-4.694e-05,0.0050897,-0.00024804,-0.00078849,-0.00048789
3.5055e-07,-2.1987e-05,1.4793e-05,1.8674e-05,-0.00015524,5.8042e-06,-0.00012026,6.1847e-05,5.5894e-05,-0.00024804,5.2025e-05,1.0532e-05,5.116e-06
-6.1638e-06,5.3902e-05,-1.2372e-05,-2.409e-05,-0.0001849,-7.9967e-05,-0.00023989,0.00010119,0.00017254,-0.00078849,1.0532e-05,0.00071951,7.7393e-05
-1.573e-05,-1.3786e-05,-7.0066e-05,2.3302e-05,-0.0015402,0.00011993,3.2795e-05,5.4783e-05,-6.8002e-05,-0.00048789,5.116e-06,7.7393e-05,0.00017003
102.07,102.07,102.07,102.07,102.07,102.07,102.07,102.07,102.07,102.07,102.07,102.07,102.07
474.89,123.67,504.79,791.51,16.046,441.36,623.07,791.36,350,35.955,456.2,179.62,77.394
1,1,1,1,1,1,1,1,1,1,1,1,1
