202.01,0.69774,0.71541,0.013574,0.39921,0.060199
90.968,0.4697,0.25882,0.0023959,0.18174,0.013845
259.29,0.90323,0.85098,0.01975,0.46502,0.093827
0.044995,12.424,-24.939,1330.8,-53.685,-22.575
12.424,3753.7,-7524.1,3.7069e+05,-14049,-6955.8
-24.939,-7524.1,15750,-7.6425e+05,28025,16217
1330.8,3.7069e+05,-7.6425e+05,4.0508e+07,-1.6006e+06,-7.6741e+05
-53.685,-14049,28025,-1.6006e+06,67486,25785
-22.575,-6955.8,16217,-7.6741e+05,25785,22928
