1.2374,0.99226,-0.71621,-1.2325,-0.10615,-0.10615,-0.10615,0.17803
1.0103,0.72702,-0.72448,-1.2423,-0.14448,-0.14448,-0.14448,0.11311
1.6348,1.4664,-0.70148,-1.2253,-0.030339,-0.030339,-0.030339,0.29122
5606.6,-4661.5,1197.4,265.17,-242.45,-242.45,-242.45,423
-4661.5,4540.4,272.91,142.88,-784.8,-784.8,-784.8,-1034.3
1197.4,272.91,7735.6,-341.29,-958.8,-958.8,-958.8,-2996.6
265.17,142.88,-341.29,9946.7,-127.63,-127.63,-127.63,-425.47
-242.45,-784.8,-958.8,-127.63,9444.6,-555.36,-555.36,-1500.3
-242.45,-784.8,-958.8,-127.63,-555.36,9444.6,-555.36,-1500.3
-242.45,-784.8,-958.8,-127.63,-555.36,-555.36,9444.6,-1500.3
423,-1034.3,-2996.6,-425.47,-1500.3,-1500.3,-1500.3,5675.8
