202.01,0.69774,0.71541,0.7168,0.013574,0.39921,0.74816,0.91259,0.51338,0.060199
90.968,0.4697,0.25882,0.51335,0.0023959,0.18174,0.3165,0.42185,0.017833,0.013845
259.29,0.90323,0.85098,0.96363,0.01975,0.46502,0.98635,1.1784,0.76016,0.093827
0.097367,-0.1818,5.8505,-3.5403,-0.14818,-15.354,-4.1977,-17.961,-2.6065,-9.4992
-0.1818,445.03,-460.34,190.03,106.21,248.35,663.74,-66.79,-315.21,769.29
5.8505,-460.34,1279.1,-189.08,-213.99,-1777.2,-538.61,-1387.3,390.11,49.755
-3.5403,190.03,-189.08,484.52,47.84,422.48,382,600.77,178.33,1489.4
-0.14818,106.21,-213.99,47.84,9985.4,-195.14,-20.657,-16.823,178.31,-8.1598
-15.354,248.35,-1777.2,422.48,-195.14,6834,130.68,220.17,3385.9,-36.24
-4.1977,663.74,-538.61,382,-20.657,130.68,6438.1,-2253.1,-2384,1638.6
-17.961,-66.79,-1387.3,600.77,-16.823,220.17,-2253.1,8367.7,-1852.6,967.06
-2.6065,-315.21,390.11,178.33,178.31,3385.9,-2384,-1852.6,4761.7,1003.5
-9.4992,769.29,49.755,1489.4,-8.1598,-36.24,1638.6,967.06,1003.5,8794.6
