0,42.169,188.24,79.435,6.349,306.44,497.89,970.86,36.108,6.8816,199.01,159.25,3.5741
1265.6,187.5,698.04,1133.8,65.111,934.75,1192.2,1332.1,1025.7,28.811,511.08,238.03,39.12
0.00080009,0.0041077,0.0041082,-0.0013928,-0.0050391,0.0033948,-0.0094544,0.0045034,0.001105,-0.0013907,-0.014076,0.0035741,-0.019623
0.0041077,0.097611,0.025623,-0.023827,-0.053965,0.048265,-0.080437,0.035475,-0.012795,-0.08993,-0.24362,0.024537,0.068238
0.0041082,0.025623,0.022174,-0.0075381,-0.02409,0.017159,-0.054277,0.025143,0.0079859,-0.029936,-0.075258,0.022383,-0.096373
-0.0013928,-0.023827,-0.0075381,0.0071386,0.0075537,-0.015233,0.022109,-0.010859,0.0043692,-0.0081551,0.073198,-0.007634,-0.006377
-0.0050391,-0.053965,-0.02409,0.0075537,0.99236,-0.030645,0.025971,-0.0049098,0.025737,-0.008116,-0.035818,0.018366,-0.0032357
0.0033948,0.048265,0.017159,-0.015233,-0.030645,0.37602,-0.0032756,-0.32998,0.29399,0.02417,-0.17811,-0.049886,-0.025067
-0.0094544,-0.080437,-0.054277,0.022109,0.025971,-0.0032756,0.35824,-0.1655,-0.16228,0.048853,0.11359,-0.37963,0.070944
0.0045034,0.035475,0.025143,-0.010859,-0.0049098,-0.32998,-0.1655,0.41081,-0.25919,0.0058744,-0.05924,0.17691,-0.038295
0.001105,-0.012795,0.0079859,0.0043692,0.025737,0.29399,-0.16228,-0.25919,0.44685,-0.018288,0.11888,0.22673,-0.013216
-0.0013907,-0.08993,-0.029936,-0.0081551,-0.008116,0.02417,0.048853,0.0058744,-0.018288,0.98243,-0.034637,0.059553,-0.0051093
-0.014076,-0.24362,-0.075258,0.073198,-0.035818,-0.17811,0.11359,-0.05924,0.11888,-0.034637,0.82633,0.088802,-0.013677
0.0035741,0.024537,0.022383,-0.007634,0.018366,-0.049886,-0.37963,0.17691,0.22673,0.059553,0.088802,0.51256,0.078064
-0.019623,0.068238,-0.096373,-0.006377,-0.0032357,-0.025067,0.070944,-0.038295,-0.013216,-0.0051093,-0.013677,0.078064,0.97114
66.54,66.54,66.54,66.54,66.54,66.54,66.54,66.54,66.54,66.54,66.54,66.54,66.54
365.11,111.28,465.69,603.58,22.068,536.54,883.92,1147.5,611,15.521,294.47,208.75,23.286
1,1,1,1,1,1,1,1,1,1,1,1,1
