61.678,17.857,525.49,596.74,13.138,401.47,586.24,1011.5,-5.3515,35.213
1380.2,149.25,866.67,853.25,81.375,1068.2,960.16,1232.5,643.26,186.75
0.013819,-0.082059,-0.010795,0.021863,-0.00048335,-0.028834,-0.035532,-0.056473,-0.027635,-0.015499
-0.082059,0.77128,0.30341,0.089364,0.0066871,0.087578,0.12613,0.16166,0.074082,-0.1198
-0.010795,0.30341,0.23436,0.25804,-0.011963,-0.045535,-0.065396,-0.095507,-0.049969,-0.048923
0.021863,0.089364,0.25804,0.55436,0.0019943,-0.10271,-0.17727,-0.207,-0.10429,0.27609
-0.00048335,0.0066871,-0.011963,0.0019943,0.9947,-0.05368,0.013797,-0.010111,0.043568,0.0028516
-0.028834,0.087578,-0.045535,-0.10271,-0.05368,0.42147,0.092615,-0.16085,0.41768,0.10443
-0.035532,0.12613,-0.065396,-0.17727,0.013797,0.092615,0.83163,-0.12149,-0.2141,0.1333
-0.056473,0.16166,-0.095507,-0.207,-0.010111,-0.16085,-0.12149,0.81374,-0.025413,0.16994
-0.027635,0.074082,-0.049969,-0.10429,0.043568,0.41768,-0.2141,-0.025413,0.55691,0.06551
-0.015499,-0.1198,-0.048923,0.27609,0.0028516,0.10443,0.1333,0.16994,0.06551,0.80808
42.243,42.243,42.243,42.243,42.243,42.243,42.243,42.243,42.243,42.243
398.17,77.688,687.84,728.79,30.902,597.28,832.65,1098.2,500.96,115.06
1,1,1,1,1,1,1,1,1,1
