158.34,0.63336,0.7041,0.67977,0.034534,0.68333,0.39759,0.71806,0.034723,0.039468,0.39548,0.20296,0.042314
8.6631,0.063291,0.16078,0.25263,0.0033105,0.2447,0.29836,0.59131,-0.071775,0.0060855,0.21653,0.069722,0.00027398
311.03,0.96392,0.94902,1.817,0.060189,0.89711,0.54668,0.86727,0.42931,0.11413,0.5024,0.33754,0.093676
0.00036787,0.020755,0.06119,0.020525,0.022896,-0.014751,0.15153,0.12835,0.1431,0.07285,0.049848,0.08779,0.15689
0.020755,23.185,-2.5057,-0.67537,5.3674,0.34682,-7.7982,33.462,33.115,21.646,24.376,9.5846,-8.8642
0.06119,-2.5057,35.373,2.8177,11.44,-9.6356,40.702,21.287,30.923,-3.1772,20.068,36.378,-29.649
0.020525,-0.67537,2.8177,9.0092,-9.9403,3.3129,4.642,10.934,7.6218,8.0569,3.0328,-11.881,5.4873
0.022896,5.3674,11.44,-9.9403,974.65,-46.497,4.3192,-29.502,16.995,-6.8253,-81.174,41.918,19.577
-0.014751,0.34682,-9.6356,3.3129,-46.497,408.63,10.173,-303.21,288.16,33.782,-181.28,-50.182,4.7624
0.15153,-7.7982,40.702,4.642,4.3192,10.173,465.46,-98.947,-109.12,75.828,-32.671,25.94,-11.993
0.12835,33.462,21.287,10.934,-29.502,-303.21,-98.947,527.15,-169.64,58.337,-20.422,32.729,19.231
0.1431,33.115,30.923,7.6218,16.995,288.16,-109.12,-169.64,542.2,24.552,160.86,82.91,14.467
0.07285,21.646,-3.1772,8.0569,-6.8253,33.782,75.828,58.337,24.552,697.61,-78.566,-139.92,-172.3
0.049848,24.376,20.068,3.0328,-81.174,-181.28,-32.671,-20.422,160.86,-78.566,687.36,73.203,22.193
0.08779,9.5846,36.378,-11.881,41.918,-50.182,25.94,32.729,82.91,-139.92,73.203,224.53,-36.58
0.15689,-8.8642,-29.649,5.4873,19.577,4.7624,-11.993,19.231,14.467,-172.3,22.193,-36.58,848.37
