145.09,0.61739,0.73243,0.78769,0.00057571,0.14395,0.0060674,0.084678,-0.05927,1.6079,1.0555,0.39653,0.99626
1.1321,0.12121,0.41176,0.054462,4.0272e-05,0.045133,-0.13428,-0.051908,-0.20143,0.015315,0.12402,0.036808,0.94575
358.81,0.93836,0.98823,4.3544,0.0033789,0.33235,0.30168,0.36403,0.27599,7.5619,2.0309,1.134,0.99999
9.5173e-05,-0.0052412,-0.001291,-0.0017859,-0.005367,-0.01378,-0.091034,0.031776,0.045549,0.0039223,-0.0046903,-0.02059,-0.038481
-0.0052412,28.124,-9.5388,0.34538,2.7553,18.92,17.594,3.9669,-14.954,0.8378,-0.83587,-1.4473,9.5344
-0.001291,-9.5388,47.74,-1.0944,0.5617,-15.157,-68.151,15.464,30.623,-4.3754,9.0158,26.595,14.141
-0.0017859,0.34538,-1.0944,2.5752,-0.39246,0.78122,-1.1606,3.7144,2.9328,-0.42553,1.0064,-3.3795,7.6031
-0.005367,2.7553,0.5617,-0.39246,9991.7,-69.472,-28.755,-23.63,45.844,0.54502,-0.2672,3.5696,60.2
-0.01378,18.92,-15.157,0.78122,-69.472,3522.2,41.87,-3258.3,3219.5,5.3204,-13.48,-34.692,410.8
-0.091034,17.594,-68.151,-1.1606,-28.755,41.87,2737.6,-1209.3,-1251.1,11.455,-12.809,-51.8,-131.48
0.031776,3.9669,15.464,3.7144,-23.63,-3258.3,-1209.3,3978.4,-2763.3,-5.2586,2.9835,17.086,268.31
0.045549,-14.954,30.623,2.9328,45.844,3219.5,-1251.1,-2763.3,4017.2,-10.58,16.466,51.785,-142.48
0.0039223,0.8378,-4.3754,-0.42553,0.54502,5.3204,11.455,-5.2586,-10.58,5.3803,-4.0464,-30.865,8.1732
-0.0046903,-0.83587,9.0158,1.0064,-0.2672,-13.48,-12.809,2.9835,16.466,-4.0464,12.962,9.8428,-9.3407
-0.02059,-1.4473,26.595,-3.3795,3.5696,-34.692,-51.8,17.086,51.785,-30.865,9.8428,229.69,-142.63
-0.038481,9.5344,14.141,7.6031,60.2,410.8,-131.48,268.31,-142.48,8.1732,-9.3407,-142.63,7208.2
