670.77,560.96,324.24,326.15,87.952,541.27,553.88,183.32,263.59,12.092,651.34,717.19,91.972,712.05,641.36,988.18,59.615,65.331,25.49,654.91,654.91,654.91,30.276,272.21,88110,-203.51,573.28,601.04,545.45,159.57,261.08,320.9,262.88,468.91,73.239,255.59,84.963,659.93,624.45,326.27,550.07,613.12,787.39,260.17,270.02,-420.19,613.35,613.35,613.35,271.9,289.73,-17212,-139.65,290.69
330.91,233.33,193.03,170.96,0.3655,214.59,214.72,42.047,50.69,0.96036,67.7,425,0.3776,375.4,68.691,856.75,3.1006,1.5407,-112.61,349.43,349.43,349.43,0.0052804,-122.1,-3.4747e+05,-342.05,262.75,195.66,110.98,-40.438,83.301,1.1635,8.8121,3.0883,5.3144,114.54,3.7956,34.087,28.88,44.245,0.95672,14.023,6.1912,7.8056,41.408,-649.24,342.05,342.05,342.05,0.0072477,-49.8,-3.4556e+05,-295.66,-121.57
1271.8,1253.8,491.2,511.6,640.64,1085.2,1263.9,266.25,441.23,37.045,904.88,997.62,515.18,991.97,862.27,999.99,200.67,475.09,178.86,811.67,811.67,811.67,371.57,488.24,3.4167e+05,-54.634,815.69,1497,1497,337.79,1244.7,1452.4,930.38,1447.7,201.62,387.02,999,996.92,906.9,999.9,904.39,885.52,998.25,843.93,666.12,-170.43,781.68,781.68,781.68,1560.2,571.76,3.5067e+05,73.556,545.1
0.72569,-0.22575,-0.059374,-0.089545,-0.06434,-0.18057,-0.18124,-0.052482,-0.086456,-0.0061984,0.0088813,0.001471,-0.026098,0.003428,0.016256,0.0069259,-0.012196,-0.025373,0.037582,0.01181,0.01181,0.01181,-0.018894,-0.053174,-1.8359e-06,0.013238,-0.036524,-0.050602,0.0017009,-0.03118,-0.020826,-0.019298,0.0072035,0.046147,0.056506,-0.080689,-0.020671,0.027734,0.019837,-0.0037118,-0.0086621,-0.0024967,-0.01156,-0.023903,-0.011756,0.14888,0.042839,0.042839,0.042839,0.034715,-0.024034,-3.6947e-05,-0.0044774,0.0062159
-0.22575,0.72913,0.0078363,-0.008228,-0.048421,-0.24698,-0.24815,-0.0093904,-0.015134,0.0021742,-0.0049401,-0.0040467,0.01024,-0.0043029,-0.0014253,0.0028365,0.016414,0.0013701,0.015277,0.013052,0.013052,0.013052,-0.017355,-0.0092222,8.6313e-08,0.048182,0.05154,0.0054409,-0.027061,0.048573,-0.019844,-0.012892,0.042155,0.0078997,0.0059331,-0.01256,0.0077851,0.0007384,-0.015179,0.027447,-0.00080839,0.0023108,-0.0057409,0.0027176,0.041648,0.025632,0.02917,0.02917,0.02917,0.0070681,-0.0027126,-2.0729e-05,0.022567,0.047778
-0.059374,0.0078363,0.90079,-0.10656,0.02579,0.019554,0.028669,-0.081421,-0.073697,-0.0087137,-0.016949,-0.026549,-0.0065922,-0.02701,-0.01853,-0.0017963,-0.011867,-0.0041886,-0.020989,-0.021086,-0.021086,-0.021086,0.0023384,-0.11403,6.57e-05,0.03202,-0.078669,-0.042993,0.023562,-0.089329,0.028837,-0.062225,-0.038122,0.035771,0.031531,-0.035919,-0.048441,-0.01261,0.01411,-0.0026074,-0.029329,-0.045847,0.010817,-0.039636,-0.042606,0.055887,-0.006313,-0.006313,-0.006313,0.016156,0.038311,-5.3653e-05,0.030344,0.031208
-0.089545,-0.008228,-0.10656,0.87246,0.037358,0.0078451,0.026969,-0.093028,-0.10018,-0.0095015,-0.010762,-0.02447,0.0077754,-0.026809,-0.017153,-0.0071989,-0.0074579,0.0092559,0.020782,-0.024441,-0.024441,-0.024441,0.020754,-0.076675,7.9008e-06,0.018556,-0.079903,-0.045567,0.036483,-0.10056,0.014605,-0.076744,-0.0098715,0.058262,0.048655,-0.070809,-0.054574,0.0035515,0.020316,0.00092163,-0.032726,-0.040159,0.0024743,-0.040671,-0.039367,0.094917,7.8902e-05,7.8902e-05,7.8902e-05,0.020269,0.061978,-3.1779e-07,0.012085,0.020082
-0.06434,-0.048421,0.02579,0.037358,0.58851,0.050824,-0.047211,0.12699,-0.033979,-0.0070058,0.0027328,-0.014848,-0.23002,0.0083125,0.068124,0.068469,-0.081574,-0.21918,0.011155,0.0020411,0.0020411,0.0020411,-0.16651,-0.074805,-9.3013e-05,-0.0057294,0.048942,-0.0029707,-0.02776,0.11222,-0.050614,0.014571,0.038684,0.033098,-0.011177,0.033425,-0.027594,0.0078983,-0.022496,-0.0038977,-0.042313,-0.0218,-0.032351,-0.028698,-0.001572,0.031086,-0.018437,-0.018437,-0.018437,0.041845,0.085052,2.5588e-05,-0.017191,-0.14696
-0.18057,-0.24698,0.019554,0.0078451,0.050824,0.74468,-0.2356,-0.018267,0.010406,0.005631,-0.0091687,0.00015508,0.06078,-0.0054279,-0.021348,-0.013391,0.033609,0.050599,-0.00031817,0.019975,0.019975,0.019975,0.021694,0.020684,4.0917e-05,0.06248,0.045729,0.014523,-0.024242,0.027651,-0.017338,-0.0034128,0.029638,-0.01668,-0.001247,-0.013407,0.021687,-0.00081075,-0.018431,0.026443,0.010138,0.015028,0.010175,0.0098128,0.042798,-0.034025,0.030918,0.030918,0.030918,-0.01496,-0.044273,-8.9488e-05,0.045024,0.077268
-0.18124,-0.24815,0.028669,0.026969,-0.047211,-0.2356,0.75407,0.012553,0.024615,0.0071386,-0.013979,-0.0076313,0.0092408,-0.0072465,-0.008194,0.0051811,0.022064,-0.0049137,-0.024332,0.022995,0.022995,0.022995,-0.027399,-0.011126,6.2475e-05,0.065014,0.047756,0.014544,-0.044621,0.068205,-0.021159,0.026288,0.012118,-0.02826,-0.0075131,0.022937,0.018781,-0.010109,-0.023422,0.024026,0.0010771,0.0015146,0.0099847,0.00099801,0.033693,-0.013757,0.018272,0.018272,0.018272,-0.0064951,-0.042851,-0.00011292,0.057874,0.039915
-0.052482,-0.0093904,-0.081421,-0.093028,0.12699,-0.018267,0.012553,0.86796,-0.019107,-0.0066505,-0.047048,0.013732,0.073835,0.0072981,-0.06312,-0.01721,0.028767,0.064317,-0.031309,-0.0092808,-0.0092808,-0.0092808,0.03248,-0.070554,0.00011244,-0.0094069,-0.071424,-0.033109,0.0073102,-0.052136,0.098704,-0.06367,-0.051559,0.01724,0.017832,0.018321,-0.01857,-0.011959,-0.016971,0.0029652,-0.025534,-0.011257,0.00052536,-0.014498,-0.0078928,0.12205,0.016638,0.016638,0.016638,0.016291,0.067254,-0.00012511,-0.014261,0.077451
-0.086456,-0.015134,-0.073697,-0.10018,-0.033979,0.010406,0.024615,-0.019107,0.8601,-0.012309,0.025902,-0.025562,-0.04466,-0.024837,0.024238,-0.0014508,-0.042893,-0.023345,0.079677,-0.027578,-0.027578,-0.027578,0.019218,-0.035667,-8.5131e-05,0.021089,-0.033962,-0.030859,0.063667,-0.11109,-0.062226,-0.095363,0.074247,0.089528,0.04796,-0.14463,-0.05051,0.029333,0.030063,-0.0012774,-0.017773,-0.021131,-0.0083857,-0.033931,-0.019972,-0.011475,0.0025012,0.0025012,0.0025012,0.0091188,0.034161,0.00010046,-0.0063478,-0.027502
-0.0061984,0.0021742,-0.0087137,-0.0095015,-0.0070058,0.005631,0.0071386,-0.0066505,-0.012309,0.99328,-0.00057046,0.012437,-0.018679,0.013697,0.00060888,0.002015,-0.0182,-0.0068966,-0.0032127,0.0049145,0.0049145,0.0049145,-0.0050356,-0.019801,1.6467e-05,-0.010197,-0.0010251,-0.0081496,0.011558,-0.015426,0.010013,-0.015699,0.0014283,0.013418,-0.0034743,-0.0038566,-0.012858,0.014812,-5.8743e-05,-0.0063224,-0.0059265,0.010597,-0.00015424,-0.0042488,-0.0034805,-0.019145,0.01838,0.01838,0.01838,-0.00061815,0.017384,-5.0204e-05,-0.024972,0.023478
0.0088813,-0.0049401,-0.016949,-0.010762,0.0027328,-0.0091687,-0.013979,-0.047048,0.025902,-0.00057046,0.81616,0.073264,0.021433,0.072115,-0.18338,-0.000602,0.022158,-0.0014121,-0.060593,-0.0017353,-0.0017353,-0.0017353,-0.012681,-0.03348,9.3896e-06,0.036022,-0.064925,0.01233,-0.0068014,0.019092,0.03701,-0.017051,-0.0084288,-0.001595,-0.0033488,0.040931,-0.003338,0.064128,-0.18331,0.02649,-0.1565,0.066809,0.0093587,-0.063375,0.045236,0.0011468,-0.028966,-0.028966,-0.028966,-0.018729,0.052011,3.1138e-05,0.06236,-0.061206
0.001471,-0.0040467,-0.026549,-0.02447,-0.014848,0.00015508,-0.0076313,0.013732,-0.025562,0.012437,0.073264,0.85313,0.019941,-0.14865,0.074854,-0.00041637,0.032206,-0.0058619,-0.0061638,0.0049934,0.0049934,0.0049934,-0.00018828,0.017528,4.1257e-06,0.081998,-0.029888,0.037872,0.0044897,0.0091804,-0.031569,-0.01036,0.016842,-0.0049478,0.01831,0.016216,-0.033252,-0.11524,0.10225,0.036277,0.05207,-0.15238,0.023097,-0.0058777,-0.047589,-0.019536,-0.027545,-0.027545,-0.027545,-0.0039897,0.075122,1.5937e-05,0.11235,-0.026236
-0.026098,0.01024,-0.0065922,0.0077754,-0.23002,0.06078,0.0092408,0.073835,-0.04466,-0.018679,0.021433,0.019941,0.78258,0.037246,0.060518,0.043535,-0.12163,-0.16768,0.0048604,0.023322,0.023322,0.023322,-0.096009,-0.056343,0.00017837,0.028305,0.034994,-0.060073,0.00073492,-0.030708,0.0046578,-0.023964,-0.078771,0.0084049,-0.018585,-0.041918,-0.0095153,0.027784,-0.013917,-0.076266,-0.0075622,0.047653,-0.015168,-0.016174,-0.058371,-0.078986,0.022887,0.022887,0.022887,0.056164,0.01851,-0.0001754,0.00012654,-0.0052838
0.003428,-0.0043029,-0.02701,-0.026809,0.0083125,-0.0054279,-0.0072465,0.0072981,-0.024837,0.013697,0.072115,-0.14865,0.037246,0.8479,0.069526,-0.0049646,0.040391,0.0086058,-0.0029899,0.0039128,0.0039128,0.0039128,0.011027,0.028265,-8.6011e-06,0.083489,-0.032405,0.041702,0.0067748,0.0061209,-0.032807,-0.011417,0.022021,-0.0047042,0.020655,0.013068,-0.032002,-0.11615,0.10266,0.039355,0.053008,-0.1533,0.024975,-0.0054269,-0.04559,-0.018012,-0.028771,-0.028771,-0.028771,-0.0078463,0.074494,2.6181e-05,0.11593,-0.023674
0.016256,-0.0014253,-0.01853,-0.017153,0.068124,-0.021348,-0.008194,-0.06312,0.024238,0.00060888,-0.18338,0.074854,0.060518,0.069526,0.80528,-0.013016,0.03545,0.036239,-0.051126,-0.0029757,-0.0029757,-0.0029757,0.018996,-0.0074888,-1.1864e-05,0.037976,-0.068538,0.018708,0.0045092,0.00030831,0.034614,-0.023094,0.0030422,0.0021387,0.00095375,0.024623,-0.00010996,0.068084,-0.18117,0.02781,-0.1514,0.073268,0.014475,-0.061311,0.047848,-0.010104,-0.02626,-0.02626,-0.02626,-0.028534,0.043849,3.8594e-05,0.064629,-0.043547
0.0069259,0.0028365,-0.0017963,-0.0071989,0.068469,-0.013391,0.0051811,-0.01721,-0.0014508,0.002015,-0.000602,-0.00041637,0.043535,-0.0049646,-0.013016,0.98679,0.016646,0.040049,0.010977,-0.0017253,-0.0017253,-0.0017253,0.033678,0.03005,-2.7562e-05,0.0032119,-0.0055925,0.0073973,0.010539,-0.017749,-0.0038251,-0.0053666,0.012459,0.00283,0.0059548,-0.016733,0.0035635,0.0027304,0.0018639,0.0034417,0.00423,0.0043545,0.0052519,0.0017785,0.0032012,-0.0068147,0.00076429,0.00076429,0.00076429,-0.010235,-0.0072914,1.5533e-05,0.0056898,0.013807
-0.012196,0.016414,-0.011867,-0.0074579,-0.081574,0.033609,0.022064,0.028767,-0.042893,-0.0182,0.022158,0.032206,-0.12163,0.040391,0.03545,0.016646,0.91168,-0.074529,0.0093345,0.016987,0.016987,0.016987,-0.031791,-0.034536,0.00010703,0.0066833,0.024141,-0.041128,0.028246,-0.062814,0.0068251,-0.029796,-0.039414,0.025596,-0.012529,-0.055377,-0.01117,0.040378,-0.0011792,-0.062363,0.0030778,0.055453,-0.004546,-0.0091696,-0.04119,-0.091849,0.037014,0.037014,0.037014,0.027067,-0.0037649,-0.00015145,-0.028834,0.048223
-0.025373,0.0013701,-0.0041886,0.0092559,-0.21918,0.050599,-0.0049137,0.064317,-0.023345,-0.0068966,-0.0014121,-0.0058619,-0.16768,0.0086058,0.036239,0.040049,-0.074529,0.85068,-0.0026118,0.017123,0.017123,0.017123,-0.092241,-0.035078,0.00012963,0.037673,0.0075005,-0.041454,-0.021961,0.010513,-0.0043953,3.6228e-05,-0.070884,-0.011929,-0.0053478,-0.0098326,-0.0064884,0.003428,-0.022223,-0.041584,-0.023575,0.010027,-0.011759,-0.021411,-0.045129,-0.010752,-0.0065958,-0.0065958,-0.0065958,0.047355,0.029357,-8.7201e-05,0.04107,-0.062349
0.037582,0.015277,-0.020989,0.020782,0.011155,-0.00031817,-0.024332,-0.031309,0.079677,-0.0032127,-0.060593,-0.0061638,0.0048604,-0.0029899,-0.051126,0.010977,0.0093345,-0.0026118,0.75166,0.048504,0.048504,0.048504,-0.069,-0.22175,0.00011898,0.020537,-0.11705,0.063489,0.024806,0.044784,0.091966,0.067655,-0.016076,0.010557,-0.034072,0.17541,-0.002264,-0.060848,-0.024705,-0.045449,0.0098988,-0.035624,0.076772,-0.069918,-0.043873,-0.062357,0.024258,0.024258,0.024258,-0.061487,-0.090953,-0.00023569,0.050126,0.040762
0.01181,0.013052,-0.021086,-0.024441,0.0020411,0.019975,0.022995,-0.0092808,-0.027578,0.0049145,-0.0017353,0.0049934,0.023322,0.0039128,-0.0029757,-0.0017253,0.016987,0.017123,0.048504,0.87625,-0.12375,-0.12375,0.0096827,-0.093982,-2.5781e-05,0.0031696,0.11495,-0.0179,-0.03377,-0.0055176,-0.048559,-0.029487,0.035908,0.01539,-0.014386,-0.02578,-0.013805,0.0087894,-0.0066817,0.022015,-0.014452,-0.0052877,-0.0068715,0.0028275,0.032019,0.046579,-0.10525,-0.10525,-0.10525,-0.001849,-0.020131,-0.00010268,-0.020202,0.059262
0.01181,0.013052,-0.021086,-0.024441,0.0020411,0.019975,0.022995,-0.0092808,-0.027578,0.0049145,-0.0017353,0.0049934,0.023322,0.0039128,-0.0029757,-0.0017253,0.016987,0.017123,0.048504,-0.12375,0.87625,-0.12375,0.0096827,-0.093982,-2.5781e-05,0.0031696,0.11495,-0.0179,-0.03377,-0.0055176,-0.048559,-0.029487,0.035908,0.01539,-0.014386,-0.02578,-0.013805,0.0087894,-0.0066817,0.022015,-0.014452,-0.0052877,-0.0068715,0.0028275,0.032019,0.046579,-0.10525,-0.10525,-0.10525,-0.001849,-0.020131,-0.00010268,-0.020202,0.059262
0.01181,0.013052,-0.021086,-0.024441,0.0020411,0.019975,0.022995,-0.0092808,-0.027578,0.0049145,-0.0017353,0.0049934,0.023322,0.0039128,-0.0029757,-0.0017253,0.016987,0.017123,0.048504,-0.12375,-0.12375,0.87625,0.0096827,-0.093982,-2.5781e-05,0.0031696,0.11495,-0.0179,-0.03377,-0.0055176,-0.048559,-0.029487,0.035908,0.01539,-0.014386,-0.02578,-0.013805,0.0087894,-0.0066817,0.022015,-0.014452,-0.0052877,-0.0068715,0.0028275,0.032019,0.046579,-0.10525,-0.10525,-0.10525,-0.001849,-0.020131,-0.00010268,-0.020202,0.059262
-0.018894,-0.017355,0.0023384,0.020754,-0.16651,0.021694,-0.027399,0.03248,0.019218,-0.0050356,-0.012681,-0.00018828,-0.096009,0.011027,0.018996,0.033678,-0.031791,-0.092241,-0.069,0.0096827,0.0096827,0.0096827,0.90503,-0.1112,8.8663e-05,-0.0090939,5.2757e-05,0.0021604,-0.020386,0.064642,0.027307,0.024544,-0.017695,0.0032991,-0.021457,0.081188,-0.01107,-0.01799,-0.011519,-0.011043,-0.011322,-0.019386,-0.00033898,-0.017744,-0.0087438,0.019579,0.0016615,0.0016615,0.0016615,0.012597,0.017516,-6.7867e-05,-0.0123,-0.022734
-0.053174,-0.0092222,-0.11403,-0.076675,-0.074805,0.020684,-0.011126,-0.070554,-0.035667,-0.019801,-0.03348,0.017528,-0.056343,0.028265,-0.0074888,0.03005,-0.034536,-0.035078,-0.22175,-0.093982,-0.093982,-0.093982,-0.1112,0.42237,-0.00019816,-0.0322,-0.066305,-0.035874,-0.0039999,-0.048662,0.063762,-0.067604,0.020953,0.04929,-0.037016,0.09958,-0.046886,-0.058078,0.014615,0.051089,-0.0060172,-0.10253,0.0083645,-0.018941,0.067069,-0.054615,-0.03169,-0.03169,-0.03169,-0.030429,-0.18332,0.00035128,-0.091481,0.088378
-1.8359e-06,8.6313e-08,6.57e-05,7.9008e-06,-9.3013e-05,4.0917e-05,6.2475e-05,0.00011244,-8.5131e-05,1.6467e-05,9.3896e-06,4.1257e-06,0.00017837,-8.6011e-06,-1.1864e-05,-2.7562e-05,0.00010703,0.00012963,0.00011898,-2.5781e-05,-2.5781e-05,-2.5781e-05,8.8663e-05,-0.00019816,3.1264e-07,0.00011917,4.2096e-05,-2.0118e-05,-6.4863e-05,9.9436e-05,2.7815e-06,7.7125e-05,-4.6942e-05,-6.5606e-05,8.8988e-05,-2.0614e-05,1.1156e-05,2.9966e-06,-3.1552e-05,-0.00013621,-3.1275e-07,1.3391e-05,-4.9658e-05,-0.00012588,-1.7534e-05,-5.0801e-05,0.000115,0.000115,0.000115,0.00011124,5.3633e-05,-3.4731e-07,8.8907e-06,-4.3619e-05
0.013238,0.048182,0.03202,0.018556,-0.0057294,0.06248,0.065014,-0.0094069,0.021089,-0.010197,0.036022,0.081998,0.028305,0.083489,0.037976,0.0032119,0.0066833,0.037673,0.020537,0.0031696,0.0031696,0.0031696,-0.0090939,-0.0322,0.00011917,0.78205,-0.015919,-0.023376,-0.0094035,0.052387,-0.0032032,0.048592,0.075899,0.011532,0.0076401,0.052177,-0.028322,0.076825,0.065133,0.043709,0.019224,0.021421,-0.029053,0.041061,0.061893,0.14275,0.069939,0.069939,0.069939,-0.041126,-0.030538,-0.00013583,-0.25335,-0.028944
-0.036524,0.05154,-0.078669,-0.079903,0.048942,0.045729,0.047756,-0.071424,-0.033962,-0.0010251,-0.064925,-0.029888,0.034994,-0.032405,-0.068538,-0.0055925,0.024141,0.0075005,-0.11705,0.11495,0.11495,0.11495,5.2757e-05,-0.066305,4.2096e-05,-0.015919,0.64709,-0.018637,0.047658,-0.075926,0.028112,0.0029106,-0.01938,-0.012104,0.090185,-0.0059102,-0.023362,-0.020493,0.0050991,0.047334,-0.045385,-0.086117,0.02125,-0.053259,-0.017099,0.053858,0.085696,0.085696,0.085696,-0.041022,-0.080392,-0.00026747,0.060907,-0.23886
-0.050602,0.0054409,-0.042993,-0.045567,-0.0029707,0.014523,0.014544,-0.033109,-0.030859,-0.0081496,0.01233,0.037872,-0.060073,0.041702,0.018708,0.0073973,-0.041128,-0.041454,0.063489,-0.0179,-0.0179,-0.0179,0.0021604,-0.035874,-2.0118e-05,-0.023376,-0.018637,0.75025,-0.18183,-0.081177,-0.018255,-0.139,-0.16053,-0.21675,0.0095526,-0.071694,-0.042688,0.060268,0.034482,0.0078955,0.015924,0.04141,0.029955,0.0089782,-0.017261,0.055058,0.018419,0.018419,0.018419,-0.082486,-0.025112,-7.2923e-06,-0.039773,-0.0072234
0.0017009,-0.027061,0.023562,0.036483,-0.02776,-0.024242,-0.044621,0.0073102,0.063667,0.011558,-0.0068014,0.0044897,0.00073492,0.0067748,0.0045092,0.010539,0.028246,-0.021961,0.024806,-0.03377,-0.03377,-0.03377,-0.020386,-0.0039999,-6.4863e-05,-0.0094035,0.047658,-0.18183,0.75711,0.065407,-0.021882,-0.092884,-0.1143,-0.26697,-0.028475,0.053556,-0.015135,0.0016859,0.012686,0.048743,0.029341,0.0029415,0.044935,0.020029,0.02774,0.069764,-0.034143,-0.034143,-0.034143,-0.12057,0.0046771,8.7915e-05,9.5975e-07,-0.033331
-0.03118,0.048573,-0.089329,-0.10056,0.11222,0.027651,0.068205,-0.052136,-0.11109,-0.015426,0.019092,0.0091804,-0.030708,0.0061209,0.00030831,-0.017749,-0.062814,0.010513,0.044784,-0.0055176,-0.0055176,-0.0055176,0.064642,-0.048662,9.9436e-05,0.052387,-0.075926,-0.081177,0.065407,0.77173,-0.024251,-0.047963,-0.10331,0.022576,0.045685,-0.18185,-0.031191,0.047238,0.027953,0.003623,-0.03672,0.0065162,-0.023368,0.012237,-0.034534,-0.1157,0.023203,0.023203,0.023203,0.059185,-0.090714,-9.3973e-05,0.033376,0.056623
-0.020826,-0.019844,0.028837,0.014605,-0.050614,-0.017338,-0.021159,0.098704,-0.062226,0.010013,0.03701,-0.031569,0.0046578,-0.032807,0.034614,-0.0038251,0.0068251,-0.0043953,0.091966,-0.048559,-0.048559,-0.048559,0.027307,0.063762,2.7815e-06,-0.0032032,0.028112,-0.018255,-0.021882,-0.024251,0.70461,0.14307,0.10532,-0.030273,0.053958,-0.10144,-0.13341,0.14527,0.088504,0.091334,-0.077644,-0.032466,0.069463,-0.061658,-0.029083,-0.073136,-0.049166,-0.049166,-0.049166,-0.12645,-0.10187,6.3258e-05,0.018929,-0.072772
-0.019298,-0.012892,-0.062225,-0.076744,0.014571,-0.0034128,0.026288,-0.06367,-0.095363,-0.015699,-0.017051,-0.01036,-0.023964,-0.011417,-0.023094,-0.0053666,-0.029796,3.6228e-05,0.067655,-0.029487,-0.029487,-0.029487,0.024544,-0.067604,7.7125e-05,0.048592,0.0029106,-0.139,-0.092884,-0.047963,0.14307,0.462,0.12486,-0.071543,-0.047228,-0.094597,0.086677,-0.12608,-0.085414,-0.055171,0.13748,0.036386,-0.0039966,0.012158,0.10417,-0.096093,0.016142,0.016142,0.016142,-0.10364,0.1773,-3.4728e-05,-0.030871,-0.076513
0.0072035,0.042155,-0.038122,-0.0098715,0.038684,0.029638,0.012118,-0.051559,0.074247,0.0014283,-0.0084288,0.016842,-0.078771,0.022021,0.0030422,0.012459,-0.039414,-0.070884,-0.016076,0.035908,0.035908,0.035908,-0.017695,0.020953,-4.6942e-05,0.075899,-0.01938,-0.16053,-0.1143,-0.10331,0.10532,0.12486,0.51612,-0.20171,0.00041587,0.014488,0.0019495,0.00052449,0.0097879,0.031083,-0.076912,-0.0052471,-0.062756,0.095166,-0.072656,0.054954,0.003861,0.003861,0.003861,0.18509,-0.031712,-3.5106e-05,0.11418,0.13075
0.046147,0.0078997,0.035771,0.058262,0.033098,-0.01668,-0.02826,0.01724,0.089528,0.013418,-0.001595,-0.0049478,0.0084049,-0.0047042,0.0021387,0.00283,0.025596,-0.011929,0.010557,0.01539,0.01539,0.01539,0.0032991,0.04929,-6.5606e-05,0.011532,-0.012104,-0.21675,-0.26697,0.022576,-0.030273,-0.071543,-0.20171,0.6454,-0.022707,0.043429,-0.021028,0.006326,0.032713,0.086073,0.020577,-0.011746,0.049917,0.046183,0.023979,-0.028049,0.0013357,0.0013357,0.0013357,-0.1331,-0.034314,8.3213e-05,0.040848,-0.053655
0.056506,0.0059331,0.031531,0.048655,-0.011177,-0.001247,-0.0075131,0.017832,0.04796,-0.0034743,-0.0033488,0.01831,-0.018585,0.020655,0.00095375,0.0059548,-0.012529,-0.0053478,-0.034072,-0.014386,-0.014386,-0.014386,-0.021457,-0.037016,8.8988e-05,0.0076401,0.090185,0.0095526,-0.028475,0.045685,0.053958,-0.047228,0.00041587,-0.022707,0.93909,0.064426,0.027044,-0.027877,-0.030094,-0.025562,0.032562,0.030383,0.0052217,0.017456,0.022824,-0.084357,-0.0073151,-0.0073151,-0.0073151,-0.01415,0.032937,-2.6118e-05,-0.02267,0.082853
-0.080689,-0.01256,-0.035919,-0.070809,0.033425,-0.013407,0.022937,0.018321,-0.14463,-0.0038566,0.040931,0.016216,-0.041918,0.013068,0.024623,-0.016733,-0.055377,-0.0098326,0.17541,-0.02578,-0.02578,-0.02578,0.081188,0.09958,-2.0614e-05,0.052177,-0.0059102,-0.071694,0.053556,-0.18185,-0.10144,-0.094597,0.014488,0.043429,0.064426,0.7126,0.038539,0.057733,-0.0053388,-0.029992,0.0064037,0.065861,-0.049536,0.021003,0.0040248,-0.05626,-0.012834,-0.012834,-0.012834,0.058598,-0.11769,4.0974e-05,0.037199,-0.082342
-0.020671,0.0077851,-0.048441,-0.054574,-0.027594,0.021687,0.018781,-0.01857,-0.05051,-0.012858,-0.003338,-0.033252,-0.0095153,-0.032002,-0.00010996,0.0035635,-0.01117,-0.0064884,-0.002264,-0.013805,-0.013805,-0.013805,-0.01107,-0.046886,1.1156e-05,-0.028322,-0.023362,-0.042688,-0.015135,-0.031191,-0.13341,0.086677,0.0019495,-0.021028,0.027044,0.038539,0.77735,0.12751,0.096948,0.11068,-0.13285,-0.081611,0.076922,-0.079474,-0.068242,-0.034397,0.024262,0.024262,0.024262,-0.10421,0.14631,-1.8201e-05,-0.040179,0.094963
0.027734,0.0007384,-0.01261,0.0035515,0.0078983,-0.00081075,-0.010109,-0.011959,0.029333,0.014812,0.064128,-0.11524,0.027784,-0.11615,0.068084,0.0027304,0.040378,0.003428,-0.060848,0.0087894,0.0087894,0.0087894,-0.01799,-0.058078,2.9966e-06,0.076825,-0.020493,0.060268,0.0016859,0.047238,0.14527,-0.12608,0.00052449,0.006326,-0.027877,0.057733,0.12751,0.75393,0.028446,-0.028898,0.15893,-0.11812,-0.04407,0.069022,0.031231,0.011862,-0.030452,-0.030452,-0.030452,0.075416,0.0091407,-1.1783e-05,0.092283,-0.047324
0.019837,-0.015179,0.01411,0.020316,-0.022496,-0.018431,-0.023422,-0.016971,0.030063,-5.8743e-05,-0.18331,0.10225,-0.013917,0.10266,-0.18117,0.0018639,-0.0011792,-0.022223,-0.024705,-0.0066817,-0.0066817,-0.0066817,-0.011519,0.014615,-3.1552e-05,0.065133,0.0050991,0.034482,0.012686,0.027953,0.088504,-0.085414,0.0097879,0.032713,-0.030094,-0.0053388,0.096948,0.028446,0.74835,-0.047906,-0.10547,0.14133,-0.030299,-0.033326,0.072777,-0.031263,-0.045236,-0.045236,-0.045236,0.038648,0.029708,5.7734e-05,0.075525,-0.074405
-0.0037118,0.027447,-0.0026074,0.00092163,-0.0038977,0.026443,0.024026,0.0029652,-0.0012774,-0.0063224,0.02649,0.036277,-0.076266,0.039355,0.02781,0.0034417,-0.062363,-0.041584,-0.045449,0.022015,0.022015,0.022015,-0.011043,0.051089,-0.00013621,0.043709,0.047334,0.0078955,0.048743,0.003623,0.091334,-0.055171,0.031083,0.086073,-0.025562,-0.029992,0.11068,-0.028898,-0.047906,0.64393,0.17776,0.19094,0.11155,-0.12927,-0.19894,0.099277,-0.0064004,-0.0064004,-0.0064004,-0.042969,-0.068188,8.0161e-05,0.059836,0.070493
-0.0086621,-0.00080839,-0.029329,-0.032726,-0.042313,0.010138,0.0010771,-0.025534,-0.017773,-0.0059265,-0.1565,0.05207,-0.0075622,0.053008,-0.1514,0.00423,0.0030778,-0.023575,0.0098988,-0.014452,-0.014452,-0.014452,-0.011322,-0.0060172,-3.1275e-07,0.019224,-0.045385,0.015924,0.029341,-0.03672,-0.077644,0.13748,-0.076912,0.020577,0.032562,0.0064037,-0.13285,0.15893,-0.10547,0.17776,0.70282,-0.016363,-0.040958,-0.026203,0.049277,-0.044641,-0.020576,-0.020576,-0.020576,0.058029,0.11741,5.3936e-05,0.032933,-0.0060097
-0.0024967,0.0023108,-0.045847,-0.040159,-0.0218,0.015028,0.0015146,-0.011257,-0.021131,0.010597,0.066809,-0.15238,0.047653,-0.1533,0.073268,0.0043545,0.055453,0.010027,-0.035624,-0.0052877,-0.0052877,-0.0052877,-0.019386,-0.10253,1.3391e-05,0.021421,-0.086117,0.04141,0.0029415,0.0065162,-0.032466,0.036386,-0.0052471,-0.011746,0.030383,0.065861,-0.081611,-0.11812,0.14133,0.19094,-0.016363,0.74306,-0.038193,0.057473,0.042967,-0.01578,-0.011795,-0.011795,-0.011795,0.035874,0.067867,7.9926e-06,0.038982,-0.045622
-0.01156,-0.0057409,0.010817,0.0024743,-0.032351,0.010175,0.0099847,0.00052536,-0.0083857,-0.00015424,0.0093587,0.023097,-0.015168,0.024975,0.014475,0.0052519,-0.004546,-0.011759,0.076772,-0.0068715,-0.0068715,-0.0068715,-0.00033898,0.0083645,-4.9658e-05,-0.029053,0.02125,0.029955,0.044935,-0.023368,0.069463,-0.0039966,-0.062756,0.049917,0.0052217,-0.049536,0.076922,-0.04407,-0.030299,0.11155,-0.040958,-0.038193,0.82594,0.15214,0.14157,0.0094849,0.0052903,0.0052903,0.0052903,0.20543,0.0019233,3.6532e-05,-0.05891,-0.047488
-0.023903,0.0027176,-0.039636,-0.040671,-0.028698,0.0098128,0.00099801,-0.014498,-0.033931,-0.0042488,-0.063375,-0.0058777,-0.016174,-0.0054269,-0.061311,0.0017785,-0.0091696,-0.021411,-0.069918,0.0028275,0.0028275,0.0028275,-0.017744,-0.018941,-0.00012588,0.041061,-0.053259,0.0089782,0.020029,0.012237,-0.061658,0.012158,0.095166,0.046183,0.017456,0.021003,-0.079474,0.069022,-0.033326,-0.12927,-0.026203,0.057473,0.15214,0.81027,-0.14821,0.042794,-0.019217,-0.019217,-0.019217,-0.15356,0.041927,0.00010814,0.077817,0.00075884
-0.011756,0.041648,-0.042606,-0.039367,-0.001572,0.042798,0.033693,-0.0078928,-0.019972,-0.0034805,0.045236,-0.047589,-0.058371,-0.04559,0.047848,0.0032012,-0.04119,-0.045129,-0.043873,0.032019,0.032019,0.032019,-0.0087438,0.067069,-1.7534e-05,0.061893,-0.017099,-0.017261,0.02774,-0.034534,-0.029083,0.10417,-0.072656,0.023979,0.022824,0.0040248,-0.068242,0.031231,0.072777,-0.19894,0.049277,0.042967,0.14157,-0.14821,0.74046,0.089166,-0.00032053,-0.00032053,-0.00032053,-0.058297,0.02711,3.3624e-05,0.11064,0.1117
0.14888,0.025632,0.055887,0.094917,0.031086,-0.034025,-0.013757,0.12205,-0.011475,-0.019145,0.0011468,-0.019536,-0.078986,-0.018012,-0.010104,-0.0068147,-0.091849,-0.010752,-0.062357,0.046579,0.046579,0.046579,0.019579,-0.054615,-5.0801e-05,0.14275,0.053858,0.055058,0.069764,-0.1157,-0.073136,-0.096093,0.054954,-0.028049,-0.084357,-0.05626,-0.034397,0.011862,-0.031263,0.099277,-0.044641,-0.01578,0.0094849,0.042794,0.089166,0.29827,0.057833,0.057833,0.057833,-0.06364,-0.032756,-7.6558e-05,0.069853,0.097912
0.042839,0.02917,-0.006313,7.8902e-05,-0.018437,0.030918,0.018272,0.016638,0.0025012,0.01838,-0.028966,-0.027545,0.022887,-0.028771,-0.02626,0.00076429,0.037014,-0.0065958,0.024258,-0.10525,-0.10525,-0.10525,0.0016615,-0.03169,0.000115,0.069939,0.085696,0.018419,-0.034143,0.023203,-0.049166,0.016142,0.003861,0.0013357,-0.0073151,-0.012834,0.024262,-0.030452,-0.045236,-0.0064004,-0.020576,-0.011795,0.0052903,-0.019217,-0.00032053,0.057833,0.85558,-0.14442,-0.14442,0.016933,-0.038681,-0.00017459,0.099148,-0.015861
0.042839,0.02917,-0.006313,7.8902e-05,-0.018437,0.030918,0.018272,0.016638,0.0025012,0.01838,-0.028966,-0.027545,0.022887,-0.028771,-0.02626,0.00076429,0.037014,-0.0065958,0.024258,-0.10525,-0.10525,-0.10525,0.0016615,-0.03169,0.000115,0.069939,0.085696,0.018419,-0.034143,0.023203,-0.049166,0.016142,0.003861,0.0013357,-0.0073151,-0.012834,0.024262,-0.030452,-0.045236,-0.0064004,-0.020576,-0.011795,0.0052903,-0.019217,-0.00032053,0.057833,-0.14442,0.85558,-0.14442,0.016933,-0.038681,-0.00017459,0.099148,-0.015861
0.042839,0.02917,-0.006313,7.8902e-05,-0.018437,0.030918,0.018272,0.016638,0.0025012,0.01838,-0.028966,-0.027545,0.022887,-0.028771,-0.02626,0.00076429,0.037014,-0.0065958,0.024258,-0.10525,-0.10525,-0.10525,0.0016615,-0.03169,0.000115,0.069939,0.085696,0.018419,-0.034143,0.023203,-0.049166,0.016142,0.003861,0.0013357,-0.0073151,-0.012834,0.024262,-0.030452,-0.045236,-0.0064004,-0.020576,-0.011795,0.0052903,-0.019217,-0.00032053,0.057833,-0.14442,-0.14442,0.85558,0.016933,-0.038681,-0.00017459,0.099148,-0.015861
0.034715,0.0070681,0.016156,0.020269,0.041845,-0.01496,-0.0064951,0.016291,0.0091188,-0.00061815,-0.018729,-0.0039897,0.056164,-0.0078463,-0.028534,-0.010235,0.027067,0.047355,-0.061487,-0.001849,-0.001849,-0.001849,0.012597,-0.030429,0.00011124,-0.041126,-0.041022,-0.082486,-0.12057,0.059185,-0.12645,-0.10364,0.18509,-0.1331,-0.01415,0.058598,-0.10421,0.075416,0.038648,-0.042969,0.058029,0.035874,0.20543,-0.15356,-0.058297,-0.06364,0.016933,0.016933,0.016933,0.64576,-0.0062538,-0.00012194,-0.032176,-0.042853
-0.024034,-0.0027126,0.038311,0.061978,0.085052,-0.044273,-0.042851,0.067254,0.034161,0.017384,0.052011,0.075122,0.01851,0.074494,0.043849,-0.0072914,-0.0037649,0.029357,-0.090953,-0.020131,-0.020131,-0.020131,0.017516,-0.18332,5.3633e-05,-0.030538,-0.080392,-0.025112,0.0046771,-0.090714,-0.10187,0.1773,-0.031712,-0.034314,0.032937,-0.11769,0.14631,0.0091407,0.029708,-0.068188,0.11741,0.067867,0.0019233,0.041927,0.02711,-0.032756,-0.038681,-0.038681,-0.038681,-0.0062538,0.34355,1.1362e-05,0.015176,-0.11439
-3.6947e-05,-2.0729e-05,-5.3653e-05,-3.1779e-07,2.5588e-05,-8.9488e-05,-0.00011292,-0.00012511,0.00010046,-5.0204e-05,3.1138e-05,1.5937e-05,-0.0001754,2.6181e-05,3.8594e-05,1.5533e-05,-0.00015145,-8.7201e-05,-0.00023569,-0.00010268,-0.00010268,-0.00010268,-6.7867e-05,0.00035128,-3.4731e-07,-0.00013583,-0.00026747,-7.2923e-06,8.7915e-05,-9.3973e-05,6.3258e-05,-3.4728e-05,-3.5106e-05,8.3213e-05,-2.6118e-05,4.0974e-05,-1.8201e-05,-1.1783e-05,5.7734e-05,8.0161e-05,5.3936e-05,7.9926e-06,3.6532e-05,0.00010814,3.3624e-05,-7.6558e-05,-0.00017459,-0.00017459,-0.00017459,-0.00012194,1.1362e-05,6.1629e-07,-0.00013932,1.5293e-05
-0.0044774,0.022567,0.030344,0.012085,-0.017191,0.045024,0.057874,-0.014261,-0.0063478,-0.024972,0.06236,0.11235,0.00012654,0.11593,0.064629,0.0056898,-0.028834,0.04107,0.050126,-0.020202,-0.020202,-0.020202,-0.0123,-0.091481,8.8907e-06,-0.25335,0.060907,-0.039773,9.5975e-07,0.033376,0.018929,-0.030871,0.11418,0.040848,-0.02267,0.037199,-0.040179,0.092283,0.075525,0.059836,0.032933,0.038982,-0.05891,0.077817,0.11064,0.069853,0.099148,0.099148,0.099148,-0.032176,0.015176,-0.00013932,0.64396,0.064235
0.0062159,0.047778,0.031208,0.020082,-0.14696,0.077268,0.039915,0.077451,-0.027502,0.023478,-0.061206,-0.026236,-0.0052838,-0.023674,-0.043547,0.013807,0.048223,-0.062349,0.040762,0.059262,0.059262,0.059262,-0.022734,0.088378,-4.3619e-05,-0.028944,-0.23886,-0.0072234,-0.033331,0.056623,-0.072772,-0.076513,0.13075,-0.053655,0.082853,-0.082342,0.094963,-0.047324,-0.074405,0.070493,-0.0060097,-0.045622,-0.047488,0.00075884,0.1117,0.097912,-0.015861,-0.015861,-0.015861,-0.042853,-0.11439,1.5293e-05,0.064235,0.47057
183.4,183.4,183.4,183.4,183.4,183.4,183.4,183.4,183.4,183.4,183.4,183.4,183.4,183.4,183.4,183.4,183.4,183.4,183.4,183.4,183.4,183.4,183.4,183.4,183.4,183.4,183.4,183.4,183.4,183.4,183.4,183.4,183.4,183.4,183.4,183.4,183.4,183.4,183.4,183.4,183.4,183.4,183.4,183.4,183.4,183.4,183.4,183.4,183.4,183.4,183.4,183.4,183.4,183.4
