1.4579,1.377,0.37242,-0.52716,0.98253,0.98253,0.98253,1.1463
0.66324,0.49328,-0.26924,-1.0493,0.29861,0.29861,0.29861,0.0012977
2.9719,2.9437,0.6823,0.18094,1.2857,1.2857,1.2857,5.5663
448.43,-379.74,-65.808,-26.482,14.575,14.575,14.575,-18.27
-379.74,357.53,52.91,20.82,-8.2632,-8.2632,-8.2632,0.65213
-65.808,52.91,134.4,-43.168,-28.643,-28.643,-28.643,7.9
-26.482,20.82,-43.168,27.46,7.956,7.956,7.956,-0.51772
14.575,-8.2632,-28.643,7.956,674.72,-325.28,-325.28,-2.9341
14.575,-8.2632,-28.643,7.956,-325.28,674.72,-325.28,-2.9341
14.575,-8.2632,-28.643,7.956,-325.28,-325.28,674.72,-2.9341
-18.27,0.65213,7.9,-0.51772,-2.9341,-2.9341,-2.9341,7.7777
