0,54.794,121.57,513.35,2.3959,181.74,316.5,421.85,17.833,13.845
1302.1,314.29,286.27,963.63,19.75,465.02,986.35,1178.4,760.16,93.827
0.0033459,-0.0032848,0.0027747,0.019925,0.00077176,0.017171,-0.016082,0.017825,0.00065299,-0.045119
-0.0032848,0.014158,0.0018204,-0.019095,-0.01238,-0.013597,-0.058929,0.021017,0.034612,0.088033
0.0027747,0.0018204,0.0049443,0.016649,-0.01604,0.016016,-0.041664,0.029588,0.013591,-0.020947
0.019925,-0.019095,0.016649,0.11895,0.010183,0.10227,-0.10048,0.10855,0.006273,-0.26602
0.00077176,-0.01238,-0.01604,0.010183,0.99718,-0.036828,-0.0046922,-0.011499,0.02533,-0.012049
0.017171,-0.013597,0.016016,0.10227,-0.036828,0.42403,-0.10325,-0.23053,0.34544,-0.21993
-0.016082,-0.058929,-0.041664,-0.10048,-0.0046922,-0.10325,0.61968,-0.36392,-0.26067,-0.09458
0.017825,0.021017,0.029588,0.10855,-0.011499,-0.23053,-0.36392,0.57134,-0.19814,-0.080473
0.00065299,0.034612,0.013591,0.006273,0.02533,0.34544,-0.26067,-0.19814,0.45642,0.13945
-0.045119,0.088033,-0.020947,-0.26602,-0.012049,-0.21993,-0.09458,-0.080473,0.13945,0.79231
57.383,57.383,57.383,57.383,57.383,57.383,57.383,57.383,57.383,57.383
522.47,182.9,172.55,716.8,13.574,399.21,748.16,912.59,513.38,60.199
1,1,1,1,1,1,1,1,1,1
