1.3994,1.3294,0.316,-0.55545,1.0622,1.0622,1.0622,1.2743
0.55796,0.39814,-0.28231,-0.93384,0.072711,0.072711,0.072711,1.7933e-05
3.4162,3.4159,0.57795,-0.040766,1.5279,1.5279,1.5279,8.417
931.19,-858.72,43.656,-104.4,-21.742,-21.742,-21.742,-17.018
-858.72,805.31,-27.123,89.507,18.805,18.805,18.805,11.213
43.656,-27.123,161.56,-73.207,-20.495,-20.495,-20.495,-3.8602
-104.4,89.507,-73.207,53.111,11.282,11.282,11.282,4.0739
-21.742,18.805,-20.495,11.282,6670.4,-3329.6,-3329.6,0.71267
-21.742,18.805,-20.495,11.282,-3329.6,6670.4,-3329.6,0.71267
-21.742,18.805,-20.495,11.282,-3329.6,-3329.6,6670.4,0.71267
-17.018,11.213,-3.8602,4.0739,0.71267,0.71267,0.71267,2.0138
