166.25,0.53592,0.73095,0.0074039,0.3231,0.70888,0.83284,0.50974,0.054024,0.23959,0.13033,0.42243
0.86957,0.17969,0.48235,2.0078e-05,0.025654,0.47989,0.63248,0.24216,0.0027936,0.15331,0.031273,0.038654
357.65,0.97551,0.98431,0.014291,0.55975,0.90695,1.0354,0.72483,0.36502,0.58612,0.27862,0.98448
0.00011725,-0.0087205,-0.0033365,-0.0028346,-0.020315,0.010589,-0.014516,0.005795,0.037094,-0.026212,-0.0062901,-0.030005
-0.0087205,25.274,-5.9778,-2.0323,17.042,15.314,3.0278,-14.011,3.7986,-21.336,-10.078,17.701
-0.0033365,-5.9778,49.958,5.7869,3.1964,-6.4515,4.3833,1.1859,-48.808,8.5476,15.479,9.1361
-0.0028346,-2.0323,5.7869,998.16,-16.69,6.1602,-10.897,5.793,-1.4213,-6.1337,-1.8217,2.4912
-0.020315,17.042,3.1964,-16.69,483.32,-55.233,-224.96,291.73,-27.087,-43.252,-169.6,76.259
0.010589,15.314,-6.4515,6.1602,-55.233,532.49,-281.19,-225.96,72.442,-14.052,42.794,-8.8872
-0.014516,3.0278,4.3833,-10.897,-224.96,-281.19,556.42,-218.63,-14.808,-12.521,-123.88,42.279
0.005795,-14.011,1.1859,5.793,291.73,-225.96,-218.63,489.64,12.279,30.729,45.71,-33.978
0.037094,3.7986,-48.808,-1.4213,-27.087,72.442,-14.808,12.279,641.67,-318.37,-157.2,-64.896
-0.026212,-21.336,8.5476,-6.1337,-43.252,-14.052,-12.521,30.729,-318.37,388.66,27.012,-10.722
-0.0062901,-10.078,15.479,-1.8217,-169.6,42.794,-123.88,45.71,-157.2,27.012,510.19,-38.434
-0.030005,17.701,9.1361,2.4912,76.259,-8.8872,42.279,-33.978,-64.896,-10.722,-38.434,65.761
