0.46727,0.41897,-0.20071,0.20588,0.37835,0.1421,0.3344,0.19779,0.21272,0.25594,0.41289,0.7673,0.73162,0.52961,0.19843,0.55098,0.54712,0.47841,-0.37949,0.012925,0.012925,0.012925,0.06613,0.091402,0.063269,0.057437,0.049887,0.072787,0.014251,0.034038,0.061266,0.048802,0.77564,0.40188,0.20111,0.46911,0.59346,0.4503,0.0095074,0.54818,0.78508,-0.23613,0.32036,0.32036,0.32036,2.8432e-06
0.39334,0.35167,-0.2875,0.1336,0.24374,0.060539,0.25718,0.06751,0.11069,0.17677,0.026773,0.47405,0.38882,0.10777,0.012497,0.33486,0.34637,0.15049,-0.40986,-0.1044,-0.1044,-0.1044,0.011424,0.083149,0.028375,0.023657,0.036195,0.063104,0.0010294,0.028741,0.03856,0.011558,0.48525,0.0083483,0.0064307,0.010452,0.39284,0.06936,0.0013467,0.11091,0.65277,-0.3487,0.25665,0.25665,0.25665,2.0004e-06
0.55092,0.46995,-0.10009,0.29307,0.50544,0.23533,0.46511,0.41742,0.25554,0.3369,0.8135,0.96788,0.92554,0.92123,0.363,0.89056,0.78235,0.86027,-0.33895,0.12357,0.12357,0.12357,0.16495,0.10093,0.098121,0.078158,0.056533,0.086056,0.040156,0.038428,0.095042,0.080641,0.99994,0.76059,0.54832,0.87413,0.70769,0.73979,0.020883,0.75744,0.99383,-0.034664,0.38761,0.38761,0.38761,4.3788e-06
990.28,-5.9231,10.648,-4.2549,-11.941,6.7904,-8.6356,-7.4407,0.757,3.9508,-46.63,22.104,-17.185,35.128,-10.444,22.359,3.95,-34.229,3.7828,12.824,12.824,12.824,-8.9599,0.37254,2.5958,-2.9372,-0.5042,1.3964,-1.956,0.1852,3.1632,-3.7515,10.786,-1.1943,-27.603,-12.326,14.768,-9.0548,-1.1482,-25.43,10.618,-17.406,5.4205,5.4205,5.4205,0.00013139
-5.9231,994.22,1.4903,-4.907,-8.942,9.5247,-0.33327,-15.043,9.0159,-7.3225,-35.258,26.186,-26.248,20.724,-8.7442,27.641,1.0541,-30.654,-0.3568,0.75929,0.75929,0.75929,-1.8147,0.19407,1.9968,-0.88055,-1.0224,0.66161,1.149,-0.12996,0.40969,0.16971,-0.75365,-9.3968,-3.5502,-11.047,1.288,0.1706,-0.48326,2.8426,0.93862,-3.1211,4.0117,4.0117,4.0117,1.4634e-05
10.648,1.4903,976.79,-0.13157,8.9696,4.8041,20.14,-14.756,18.308,-26.178,36.393,3.9904,-17.983,-38.667,5.1009,8.0088,-9.3835,16.386,-10.291,-30.193,-30.193,-30.193,17.946,-0.55012,-2.0775,5.4037,-1.1188,-1.9946,7.4205,-0.71823,-7.0085,9.7624,-26.367,-21.751,59.484,1.9002,-33.058,25.82,1.7382,71.763,-25.426,35.684,-4.111,-4.111,-4.111,-0.00029776
-4.2549,-4.907,-0.13157,990.71,-4.3437,10.053,7.6261,-26.26,14.456,-13.563,-37.463,32.918,-19.291,1.5952,1.053,22.122,18.569,-38.653,-0.93949,-2.6588,-2.6588,-2.6588,2.33,0.75025,3.3425,-1.2096,-0.73005,0.68646,2.627,-0.58191,0.26204,0.9236,-24.659,19.621,14.023,23.493,-9.7756,-24.408,-0.10898,-7.8963,8.8382,5.9935,1.2628,1.2628,1.2628,1.9305e-05
-11.941,-8.942,8.9696,-4.3437,982.63,11.748,-10.128,-10.869,4.7983,0.040576,-57.303,31.703,-35.885,49.617,-19.018,39.589,-5.9637,-42.47,2.4807,10.758,10.758,10.758,-9.484,0.099529,2.5629,-2.4347,-1.302,1.4224,-1.1401,0.25793,2.4595,-2.7017,19.184,-23.822,-30.155,-35.319,16.533,7.4105,-1.3321,-8.4798,3.415,-18.669,8.1994,8.1994,8.1994,9.4471e-05
6.7904,9.5247,4.8041,10.053,11.748,981.54,-7.8521,34.443,-23.088,22.689,52.178,-49.583,49.734,-19.307,10.981,-49.65,-4.3642,51.775,3.8891,8.7314,8.7314,8.7314,-3.417,-0.34734,-3.3201,0.040427,2.056,-0.58138,-4.7032,0.58203,1.4179,-3.4516,16.473,14.35,-16.851,8.5162,10.971,-0.58388,0.22152,-23.262,3.557,-7.9215,-5.0368,-5.0368,-5.0368,6.183e-05
-8.6356,-0.33327,20.14,7.6261,-10.128,-7.8521,973.51,31.877,-24.952,31.697,-13.802,-21.235,14.271,48.957,-14.003,-8.7089,-16.099,8.2247,9.1022,28.34,28.34,28.34,-19.17,-0.36616,-0.82324,-3.5656,0.86116,1.3268,-8.2762,1.217,5.6412,-8.8424,52.97,-17.839,-69.482,-43.44,40.573,11.928,-1.7136,-43.979,9.4765,-39.445,5.5224,5.5224,5.5224,0.00022613
-7.4407,-15.043,-14.756,-26.26,-10.869,34.443,31.877,915.38,53.877,-55.759,-92.013,101.49,-77.458,-7.4831,-0.0836,78.717,39.988,-105.07,-9.406,-26.105,-26.105,-26.105,16.408,1.6068,8.1921,0.025266,-3.2435,0.81219,12.179,-1.9948,-3.7431,8.8853,-78.523,27.081,71.535,51.183,-45.09,-42.498,0.55593,30.43,5.3717,36.299,3.1374,3.1374,3.1374,-0.00014092
0.757,9.0159,18.308,14.456,4.7983,-23.088,-24.952,53.877,961.2,42.972,40.424,-61.57,58.341,13.15,1.9332,-54.284,-13.458,54.594,9.9409,27.539,27.539,27.539,-16.046,-0.52819,-3.6182,-2.4488,2.5989,0.35679,-10.062,1.35,5.2293,-9.324,49.805,4.5229,-62.187,-18.129,37.317,5.1003,-0.92743,-53.733,10.758,-33.812,-1.3257,-1.3257,-1.3257,0.00021551
3.9508,-7.3225,-26.178,-13.563,0.040576,22.689,31.697,-55.759,42.972,949.93,-21.374,57.578,-58.632,-30.317,1.7021,51.077,10.508,-43.089,-13.217,-37.553,-37.553,-37.553,22.318,0.31951,2.5557,4.3781,-2.7456,-1.1402,12.259,-1.5643,-7.5906,12.47,-58.631,-9.1233,82.534,21.641,-48.507,2.8048,1.5979,76.241,-19.061,46.197,-0.88559,-0.88559,-0.88559,-0.00031507
-46.63,-35.258,36.393,-37.463,-57.303,52.178,-13.802,-92.013,40.424,-21.374,735.54,165.16,-122.21,140.7,-41.545,146.29,50.653,-221.09,10.24,37.822,37.822,37.822,-26.849,2.9077,17.231,-12.984,-4.1739,6.6479,-0.067237,-0.67135,11.369,-10.365,-13.765,24.769,-67.103,-6.0281,30.786,-77.669,-4.5063,-96.327,53.36,-48.848,24.568,24.568,24.568,0.0004863
22.104,26.186,3.9904,32.918,31.703,-49.583,-21.235,101.49,-61.57,57.578,165.16,856.38,121.53,-50.369,21.723,-127.78,-36.805,161.02,6.5026,13.596,13.596,13.596,-5.5834,-1.8709,-11.78,3.1039,4.8371,-2.6091,-11.183,1.7899,0.72134,-5.7391,60.516,-3.9962,-38.272,-15.122,27.224,39.122,1.026,-17.603,-11.492,-15.239,-12.827,-12.827,-12.827,2.2481e-05
-17.185,-26.248,-17.983,-19.291,-35.885,49.734,14.271,-77.458,58.341,-58.632,-122.21,121.53,850.05,70.361,-43.992,143.86,-21.337,-118.2,-12.872,-27.759,-27.759,-27.759,8.2135,-0.2103,5.8147,2.3088,-6.336,0.81465,12.527,-1.0254,-5.9226,11.239,-12.257,-94.751,35.384,-80.494,-21.727,52.093,-0.62448,104.61,-31.574,17.842,16.612,16.612,16.612,-0.00027439
35.128,20.724,-38.667,1.5952,49.617,-19.307,48.957,-7.4831,13.15,-30.317,140.7,-50.369,70.361,838.49,58.449,-83.202,33.365,85.812,-13.883,-50.572,-50.572,-50.572,39.766,0.27936,-4.6119,8.5568,2.2597,-4.3788,10.412,-1.8094,-10.613,14.204,-98.034,78.822,135.44,129.29,-76.92,-35.163,4.6472,54.854,-13.615,80.107,-24.27,-24.27,-24.27,-0.00041278
-10.444,-8.7442,5.1009,1.053,-19.018,10.981,-14.003,-0.0836,1.9332,1.7021,-41.545,21.723,-43.992,58.449,972.77,43.617,-27.274,-25.743,0.75872,7.3069,7.3069,7.3069,-9.5335,-0.65825,0.34413,-0.69508,-1.7386,0.83839,-1.1676,0.59782,0.92664,-1.2628,39.03,-59.037,-34.814,-70.766,20.622,40.041,-1.265,19.515,-11.208,-19.781,9.6631,9.6631,9.6631,1.7874e-05
22.359,27.641,8.0088,22.122,39.589,-49.65,-8.7089,78.717,-54.284,51.077,146.29,-127.78,143.86,-83.202,43.617,856.85,9.1581,134.99,8.5858,15.595,15.595,15.595,-1.6577,-0.3204,-7.7276,0.42903,5.9018,-1.8473,-10.078,0.92892,2.7675,-7.2298,11.186,73.939,-15.831,68.153,11.567,-29.649,1.3307,-68.228,16.492,-5.2883,-18.008,-18.008,-18.008,0.00013603
3.95,1.0541,-9.3835,18.569,-5.9637,-4.3642,-16.099,39.988,-13.458,10.508,50.653,-36.805,-21.337,33.365,-27.274,9.1581,930.25,56.571,-4.072,-6.7991,-6.7991,-6.7991,-2.8214,-2.463,-7.2933,5.0433,-1.1678,-1.7043,-1.3973,1.2629,-4.0465,3.2319,70.517,-113.06,-24.625,-117.41,18.767,104.79,0.00034743,81.717,-44.869,-9.0456,5.1019,5.1019,5.1019,-0.00020991
-34.229,-30.654,16.386,-38.653,-42.47,51.775,8.2247,-105.07,54.594,-43.089,-221.09,161.02,-118.2,85.812,-25.743,134.99,56.571,800.01,1.9634,11.34,11.34,11.34,-8.8037,2.8231,15.717,-8.6252,-4.3258,4.8026,6.3029,-1.5207,5.616,-2.2757,-52.588,35.076,-5.4662,27.752,-4.1574,-76.936,-2.633,-50.365,39.351,-12.516,17.309,17.309,17.309,0.00025176
3.7828,-0.3568,-10.291,-0.93949,2.4807,3.8891,9.1022,-9.406,9.9409,-13.217,10.24,6.5026,-12.872,-13.883,0.75872,8.5858,-4.072,1.9634,995.26,-13.595,-13.595,-13.595,7.8379,-0.21523,-0.58694,2.2997,-0.69161,-0.78867,3.5806,-0.35004,-3.1139,4.4701,-12.134,-11.562,26.422,-1.0995,-14.807,11.763,0.70414,33.139,-11.391,15.672,-1.1527,-1.1527,-1.1527,-0.00013278
12.824,0.75929,-30.193,-2.6588,10.758,8.7314,28.34,-26.105,27.539,-37.553,37.822,13.596,-27.759,-50.572,7.3069,15.595,-6.7991,11.34,-13.595,960.06,-39.94,-39.94,24.019,-0.50307,-1.8077,6.6904,-1.6173,-2.4146,10.332,-1.0946,-9.0254,12.914,-41.324,-22.056,81.338,9.7982,-45.751,26.346,2.2426,90.583,-30.421,48.134,-5.1388,-5.1388,-5.1388,-0.00038094
12.824,0.75929,-30.193,-2.6588,10.758,8.7314,28.34,-26.105,27.539,-37.553,37.822,13.596,-27.759,-50.572,7.3069,15.595,-6.7991,11.34,-13.595,-39.94,960.06,-39.94,24.019,-0.50307,-1.8077,6.6904,-1.6173,-2.4146,10.332,-1.0946,-9.0254,12.914,-41.324,-22.056,81.338,9.7982,-45.751,26.346,2.2426,90.583,-30.421,48.134,-5.1388,-5.1388,-5.1388,-0.00038094
12.824,0.75929,-30.193,-2.6588,10.758,8.7314,28.34,-26.105,27.539,-37.553,37.822,13.596,-27.759,-50.572,7.3069,15.595,-6.7991,11.34,-13.595,-39.94,-39.94,960.06,24.019,-0.50307,-1.8077,6.6904,-1.6173,-2.4146,10.332,-1.0946,-9.0254,12.914,-41.324,-22.056,81.338,9.7982,-45.751,26.346,2.2426,90.583,-30.421,48.134,-5.1388,-5.1388,-5.1388,-0.00038094
-8.9599,-1.8147,17.946,2.33,-9.484,-3.417,-19.17,16.408,-16.046,22.318,-26.849,-5.5834,8.2135,39.766,-9.5335,-1.6577,-2.8214,-8.8037,7.8379,24.019,24.019,24.019,984.49,0.10148,0.85441,-3.8068,0.61415,1.4727,-6.2027,0.77119,5.2264,-7.554,32.539,-0.59283,-53.426,-21.031,30.385,-5.2296,-1.4995,-46.42,14.252,-31.298,4.6995,4.6995,4.6995,0.00021585
0.37254,0.19407,-0.55012,0.75025,0.099529,-0.34734,-0.36616,1.6068,-0.52819,0.31951,2.9077,-1.8709,-0.2103,0.27936,-0.65825,-0.3204,-2.463,2.8231,-0.21523,-0.50307,-0.50307,-0.50307,0.10148,999.91,-0.31435,0.23814,-0.023091,-0.091079,-0.013754,0.039914,-0.20608,0.18711,2.1803,-3.7669,-0.24199,-3.6734,0.32351,3.7545,0.026834,3.294,-1.7541,0.073373,0.036619,0.036619,0.036619,-9.9695e-06
2.5958,1.9968,-2.0775,3.3425,2.5629,-3.3201,-0.82324,8.1921,-3.6182,2.5557,17.231,-11.78,5.8147,-4.6119,0.34413,-7.7276,-7.2933,15.717,-0.58694,-1.8077,-1.8077,-1.8077,0.85441,-0.31435,998.6,0.92783,0.18161,-0.43516,-0.27664,0.14063,-0.7304,0.55046,6.1875,-8.4651,0.58232,-7.6374,0.38168,10.75,0.20733,9.0796,-5.362,1.2143,-0.92038,-0.92038,-0.92038,-3.3778e-05
-2.9372,-0.88055,5.4037,-1.2096,-2.4347,0.040427,-3.5656,0.025266,-2.4488,4.3781,-12.984,3.1039,2.3088,8.5568,-0.69508,0.42903,5.0433,-8.6252,2.2997,6.6904,6.6904,6.6904,-3.8068,0.23814,0.92783,998.57,0.19205,0.55092,-1.3924,0.084898,1.6796,-2.1699,2.448,8.5417,-11.742,3.6191,6.2468,-9.8761,-0.40822,-18.283,7.3336,-7.3785,1.0069,1.0069,1.0069,7.273e-05
-0.5042,-1.0224,-1.1188,-0.73005,-1.302,2.056,0.86116,-3.2435,2.5989,-2.7456,-4.1739,4.8371,-6.336,2.2597,-1.7386,5.9018,-1.1678,-4.3258,-0.69161,-1.6173,-1.6173,-1.6173,0.61415,-0.023091,0.18161,0.19205,999.73,-0.0039,0.61837,-0.049752,-0.36032,0.61578,-0.7557,-4.4042,2.3263,-3.4591,-1.3635,2.7463,0.0033646,5.5405,-1.7805,1.2736,0.60882,0.60882,0.60882,-1.6307e-05
1.3964,0.66161,-1.9946,0.68646,1.4224,-0.58138,1.3268,0.81219,0.35679,-1.1402,6.6479,-2.6091,0.81465,-4.3788,0.83839,-1.8473,-1.7043,4.8026,-0.78867,-2.4146,-2.4146,-2.4146,1.4727,-0.091079,-0.43516,0.55092,-0.0039,999.77,0.42971,-0.025215,-0.6142,0.75564,-0.98488,-2.2208,4.4543,-0.35714,-2.346,3.2736,0.17472,6.159,-2.5693,2.8384,-0.61315,-0.61315,-0.61315,-2.633e-05
-1.956,1.149,7.4205,2.627,-1.1401,-4.7032,-8.2762,12.179,-10.062,12.259,-0.067237,-11.183,12.527,10.412,-1.1676,-10.078,-1.3973,6.3029,3.5806,10.332,10.332,10.332,-6.2027,-0.013754,-0.27664,-1.3924,0.61837,0.42971,996.89,0.37954,2.173,-3.3902,14.369,3.2317,-22.24,-5.1921,12.881,-2.6583,-0.49678,-21.617,6.0826,-12.693,0.70018,0.70018,0.70018,9.0637e-05
0.1852,-0.12996,-0.71823,-0.58191,0.25793,0.58203,1.217,-1.9948,1.35,-1.5643,-0.67135,1.7899,-1.0254,-1.8094,0.59782,0.92892,1.2629,-1.5207,-0.35004,-1.0946,-1.0946,-1.0946,0.77119,0.039914,0.14063,0.084898,-0.049752,-0.025215,0.37954,999.94,-0.18967,0.34188,-2.7822,1.4473,2.9845,2.5001,-1.7972,-1.3509,0.059359,1.2064,0.00081815,1.6278,-0.17604,-0.17604,-0.17604,-7.2517e-06
3.1632,0.40969,-7.0085,0.26204,2.4595,1.4179,5.6412,-3.7431,5.2293,-7.5906,11.369,0.72134,-5.9226,-10.613,0.92664,2.7675,-4.0465,5.616,-3.1139,-9.0254,-9.0254,-9.0254,5.2264,-0.20608,-0.7304,1.6796,-0.36032,-0.6142,2.173,-0.18967,997.86,2.9409,-6.4828,-8.5832,17.062,-1.7009,-9.3944,9.5522,0.50864,22.702,-8.3204,10.333,-1.0843,-1.0843,-1.0843,-9.1584e-05
-3.7515,0.16971,9.7624,0.9236,-2.7017,-3.4516,-8.8424,8.8853,-9.324,12.47,-10.365,-5.7391,11.239,14.204,-1.2628,-7.2298,3.2319,-2.2757,4.4701,12.914,12.914,12.914,-7.554,0.18711,0.55046,-2.1699,0.61578,0.75564,-3.3902,0.34188,2.9409,995.78,12.23,9.6201,-25.532,-0.44474,14.335,-10.181,-0.68616,-30.695,10.447,-15.122,1.2737,1.2737,1.2737,0.00012495
10.786,-0.75365,-26.367,-24.659,19.184,16.473,52.97,-78.523,49.805,-58.631,-13.765,60.516,-12.257,-98.034,39.03,11.186,70.517,-52.588,-12.134,-41.324,-41.324,-41.324,32.539,2.1803,6.1875,2.448,-0.7557,-0.98488,14.369,-2.7822,-6.4828,12.23,869.53,99.782,127.43,143.69,-77.291,-85.966,2.7133,19.238,13.382,69.082,-11.731,-11.731,-11.731,-0.00022967
-1.1943,-9.3968,-21.751,19.621,-23.822,14.35,-17.839,27.081,4.5229,-9.1233,24.769,-3.9962,-94.751,78.822,-59.037,73.939,-113.06,35.076,-11.562,-22.056,-22.056,-22.056,-0.59283,-3.7669,-8.4651,8.5417,-4.4042,-2.2208,3.2317,1.4473,-8.5832,9.6201,99.782,791.51,-21.329,-208.78,18.57,178.34,-0.24355,166.37,-80.385,-5.6708,14.52,14.52,14.52,-0.00043085
-27.603,-3.5502,59.484,14.023,-30.155,-16.851,-69.482,71.535,-62.187,82.534,-67.103,-38.272,35.384,135.44,-34.814,-15.831,-24.625,-5.4662,26.422,81.338,81.338,81.338,-53.426,-0.24199,0.58232,-11.742,2.3263,4.4543,-22.24,2.9845,17.062,-25.532,127.43,-21.329,811.67,-92.2,108.41,3.4858,-4.9764,-144.9,39.616,-108.76,15.568,15.568,15.568,0.00069682
-12.326,-11.047,1.9002,23.493,-35.319,8.5162,-43.44,51.183,-18.129,21.641,-6.0281,-15.122,-80.494,129.29,-70.766,68.153,-117.41,27.752,-1.0995,9.7982,9.7982,9.7982,-21.031,-3.6734,-7.6374,3.6191,-3.4591,-0.35714,-5.1921,2.5001,-1.7009,-0.44474,143.69,-208.78,-92.2,763.88,59.003,172.04,-2.1776,104.69,-61.816,-47.016,20.286,20.286,20.286,-0.00014659
14.768,1.288,-33.058,-9.7756,16.533,10.971,40.573,-45.09,37.317,-48.507,30.786,27.224,-21.727,-76.92,20.622,11.567,18.767,-4.1574,-14.807,-45.751,-45.751,-45.751,30.385,0.32351,0.38168,6.2468,-1.3635,-2.346,12.881,-1.7972,-9.3944,14.335,-77.291,18.57,108.41,59.003,937.21,-8.9233,2.7767,77.361,-19.458,62.14,-8.7388,-8.7388,-8.7388,-0.00038094
-9.0548,0.1706,25.82,-24.408,7.4105,-0.58388,11.928,-42.498,5.1003,2.8048,-77.669,39.122,52.093,-35.163,40.041,-29.649,104.79,-76.936,11.763,26.346,26.346,26.346,-5.2296,3.7545,10.75,-9.8761,2.7463,3.2736,-2.6583,-1.3509,9.5522,-10.181,-85.966,178.34,3.4858,172.04,-8.9233,835.24,-0.76491,-158.61,78.165,-5.6858,-6.7539,-6.7539,-6.7539,0.00046149
-1.1482,-0.48326,1.7382,-0.10898,-1.3321,0.22152,-1.7136,0.55593,-0.92743,1.5979,-4.5063,1.026,-0.62448,4.6472,-1.265,1.3307,0.00034743,-2.633,0.70414,2.2426,2.2426,2.2426,-1.4995,0.026834,0.20733,-0.40822,0.0033646,0.17472,-0.49678,0.059359,0.50864,-0.68616,2.7133,-0.24355,-4.9764,-2.1776,2.7767,-0.76491,999.84,-4.2949,1.4739,-2.9874,0.63111,0.63111,0.63111,2.1004e-05
-25.43,2.8426,71.763,-7.8963,-8.4798,-23.262,-43.979,30.43,-53.733,76.241,-96.327,-17.603,104.61,54.854,19.515,-68.228,81.717,-50.365,33.139,90.583,90.583,90.583,-46.42,3.294,9.0796,-18.283,5.5405,6.159,-21.617,1.2064,22.702,-30.695,19.238,166.37,-144.9,104.69,77.361,-158.61,-4.2949,725.31,107.52,-90.193,2.0905,2.0905,2.0905,0.00099901
10.618,0.93862,-25.426,8.8382,3.415,3.557,9.4765,5.3717,10.758,-19.061,53.36,-11.492,-31.574,-13.615,-11.208,16.492,-44.869,39.351,-11.391,-30.421,-30.421,-30.421,14.252,-1.7541,-5.362,7.3336,-1.7805,-2.5693,6.0826,0.00081815,-8.3204,10.447,13.382,-80.385,39.616,-61.816,-19.458,78.165,1.4739,107.52,953.86,26.613,-0.33454,-0.33454,-0.33454,-0.00037391
-17.406,-3.1211,35.684,5.9935,-18.669,-7.9215,-39.445,36.299,-33.812,46.197,-48.848,-15.239,17.842,80.107,-19.781,-5.2883,-9.0456,-12.516,15.672,48.134,48.134,48.134,-31.298,0.073373,1.2143,-7.3785,1.2736,2.8384,-12.693,1.6278,10.333,-15.122,69.082,-5.6708,-108.76,-47.016,62.14,-5.6858,-2.9874,-90.193,26.613,936.63,9.3871,9.3871,9.3871,0.00042494
5.4205,4.0117,-4.111,1.2628,8.1994,-5.0368,5.5224,3.1374,-1.3257,-0.88559,24.568,-12.827,16.612,-24.27,9.6631,-18.008,5.1019,17.309,-1.1527,-5.1388,-5.1388,-5.1388,4.6995,0.036619,-0.92038,1.0069,0.60882,-0.61315,0.70018,-0.17604,-1.0843,1.2737,-11.731,14.52,15.568,20.286,-8.7388,-6.7539,0.63111,2.0905,-0.33454,9.3871,996.05,-3.9539,-3.9539,-4.0146e-05
5.4205,4.0117,-4.111,1.2628,8.1994,-5.0368,5.5224,3.1374,-1.3257,-0.88559,24.568,-12.827,16.612,-24.27,9.6631,-18.008,5.1019,17.309,-1.1527,-5.1388,-5.1388,-5.1388,4.6995,0.036619,-0.92038,1.0069,0.60882,-0.61315,0.70018,-0.17604,-1.0843,1.2737,-11.731,14.52,15.568,20.286,-8.7388,-6.7539,0.63111,2.0905,-0.33454,9.3871,-3.9539,996.05,-3.9539,-4.0146e-05
5.4205,4.0117,-4.111,1.2628,8.1994,-5.0368,5.5224,3.1374,-1.3257,-0.88559,24.568,-12.827,16.612,-24.27,9.6631,-18.008,5.1019,17.309,-1.1527,-5.1388,-5.1388,-5.1388,4.6995,0.036619,-0.92038,1.0069,0.60882,-0.61315,0.70018,-0.17604,-1.0843,1.2737,-11.731,14.52,15.568,20.286,-8.7388,-6.7539,0.63111,2.0905,-0.33454,9.3871,-3.9539,-3.9539,996.05,-4.0146e-05
0.00013139,1.4634e-05,-0.00029776,1.9305e-05,9.4471e-05,6.183e-05,0.00022613,-0.00014092,0.00021551,-0.00031507,0.0004863,2.2481e-05,-0.00027439,-0.00041278,1.7874e-05,0.00013603,-0.00020991,0.00025176,-0.00013278,-0.00038094,-0.00038094,-0.00038094,0.00021585,-9.9695e-06,-3.3778e-05,7.273e-05,-1.6307e-05,-2.633e-05,9.0637e-05,-7.2517e-06,-9.1584e-05,0.00012495,-0.00022967,-0.00043085,0.00069682,-0.00014659,-0.00038094,0.00046149,2.1004e-05,0.00099901,-0.00037391,0.00042494,-4.0146e-05,-4.0146e-05,-4.0146e-05,1000
