1.8053,1.7692,-0.094107,-1.2034,1.0411,1.0411,1.0411,1.7327
0.49315,0.41668,-0.73599,-1.6008,-0.13438,-0.13438,-0.13438,7.56e-06
4.6044,4.604,0.58988,-0.45565,1.5879,1.5879,1.5879,10.01
253.22,-249.04,-16.371,7.2093,7.3464,7.3464,7.3464,-0.95868
-249.04,251.87,21.67,-7.3295,-8.212,-8.212,-8.212,-1.2583
-16.371,21.67,72.924,-31.47,-13.52,-13.52,-13.52,-1.7314
7.2093,-7.3295,-31.47,21.581,5.5975,5.5975,5.5975,0.12527
7.3464,-8.212,-13.52,5.5975,669.87,-330.13,-330.13,0.22672
7.3464,-8.212,-13.52,5.5975,-330.13,669.87,-330.13,0.22672
7.3464,-8.212,-13.52,5.5975,-330.13,-330.13,669.87,0.22672
-0.95868,-1.2583,-1.7314,0.12527,0.22672,0.22672,0.22672,0.83312
