0,24.39,54.902,507.3,1.8632,161.44,170.68,393.47,17.833,3.6172,1.7497e-05,1.8927e-05,1.0102e-05,1.8556e-05,106.39,66.524,1.0373
1380.2,370.37,356.86,1089.8,15.213,460.14,998.52,1224,830.31,18.199,0.00015768,0.00020063,0.00015926,0.00019456,250.89,106.68,113
5.0618e-06,7.5019e-06,2.1653e-05,6.8331e-06,-7.652e-06,3.1796e-05,-2.3686e-07,1.5409e-05,-1.6447e-05,5.0323e-05,-3.9319e-11,7.4648e-09,8.8018e-10,8.1235e-09,-5.3812e-05,4.3892e-05,-1.172e-05
7.5019e-06,0.00043976,0.00025593,-0.00023405,0.0010641,-3.081e-05,-7.2777e-05,-1.4635e-05,2.252e-05,0.0020058,1.4722e-07,1.7362e-07,1.4386e-07,1.619e-07,-7.3803e-05,-0.00064991,7.9955e-06
2.1653e-05,0.00025593,0.00050279,3.0921e-05,6.8101e-05,-6.8915e-05,-0.00011375,3.1467e-05,0.00010152,0.001397,9.9005e-08,1.4651e-07,9.391e-08,1.2456e-07,0.00027814,0.00022775,-0.0002914
6.8331e-06,-0.00023405,3.0921e-05,0.00035016,-0.00058561,0.0001025,0.00010062,5.7137e-05,-4.8387e-05,-0.0017303,6.2006e-08,2.0534e-09,6.1593e-08,1.1363e-08,7.0117e-05,0.0012529,-3.1374e-05
-7.652e-06,0.0010641,6.8101e-05,-0.00058561,0.96113,0.0025188,-0.0052782,0.004115,0.0015463,-0.008284,4.6883e-07,1.0111e-06,4.4595e-07,1.0443e-06,-0.097677,-0.013235,0.002874
3.1796e-05,-3.081e-05,-6.8915e-05,0.0001025,0.0025188,0.3358,0.0013989,-0.33285,0.33133,-0.0043107,-2.521e-08,-1.5243e-08,-1.0262e-08,-2.1939e-08,-0.0060716,-0.00091065,-0.00040998
-2.3686e-07,-7.2777e-05,-0.00011375,0.00010062,-0.0052782,0.0013989,0.0041533,-0.0014599,-0.0028401,0.0045,-4.9992e-07,-3.4079e-07,-5.2606e-07,-4.3095e-07,-0.0030422,-0.0018748,-0.00088905
1.5409e-05,-1.4635e-05,3.1467e-05,5.7137e-05,0.004115,-0.33285,-0.0014599,0.33435,-0.33282,-0.0048778,2.8627e-07,2.4171e-07,3.0464e-07,2.8488e-07,-0.0014845,0.00057401,0.00028226
-1.6447e-05,2.252e-05,0.00010152,-4.8387e-05,0.0015463,0.33133,-0.0028401,-0.33282,0.33584,-0.00074299,3.2421e-07,2.7011e-07,3.2615e-07,3.1512e-07,0.0046597,0.001583,0.00069594
5.0323e-05,0.0020058,0.001397,-0.0017303,-0.008284,-0.0043107,0.0045,-0.0048778,-0.00074299,0.21864,-2.1736e-06,-1.2565e-06,-2.4332e-06,-1.7641e-06,0.0084322,-0.032915,-0.0086575
-3.9319e-11,1.4722e-07,9.9005e-08,6.2006e-08,4.6883e-07,-2.521e-08,-4.9992e-07,2.8627e-07,3.2421e-07,-2.1736e-06,1,-1.23e-10,-2.044e-10,-1.4373e-10,6.2e-08,2.6862e-06,5.2029e-07
7.4648e-09,1.7362e-07,1.4651e-07,2.0534e-09,1.0111e-06,-1.5243e-08,-3.4079e-07,2.4171e-07,2.7011e-07,-1.2565e-06,-1.23e-10,1,-1.148e-10,-1.2616e-10,-4.4812e-07,2.5206e-06,2.8963e-07
8.8018e-10,1.4386e-07,9.391e-08,6.1593e-08,4.4595e-07,-1.0262e-08,-5.2606e-07,3.0464e-07,3.2615e-07,-2.4332e-06,-2.044e-10,-1.148e-10,1,-1.4539e-10,4.8363e-08,2.7372e-06,5.4259e-07
8.1235e-09,1.619e-07,1.2456e-07,1.1363e-08,1.0443e-06,-2.1939e-08,-4.3095e-07,2.8488e-07,3.1512e-07,-1.7641e-06,-1.4373e-10,-1.2616e-10,-1.4539e-10,1,-3.9743e-07,2.7083e-06,3.8667e-07
-5.3812e-05,-7.3803e-05,0.00027814,7.0117e-05,-0.097677,-0.0060716,-0.0030422,-0.0014845,0.0046597,0.0084322,6.2e-08,-4.4812e-07,4.8363e-08,-3.9743e-07,0.026404,0.0056422,0.00051391
4.3892e-05,-0.00064991,0.00022775,0.0012529,-0.013235,-0.00091065,-0.0018748,0.00057401,0.001583,-0.032915,2.6862e-06,2.5206e-06,2.7372e-06,2.7083e-06,0.0056422,0.020557,0.0013252
-1.172e-05,7.9955e-06,-0.0002914,-3.1374e-05,0.002874,-0.00040998,-0.00088905,0.00028226,0.00069594,-0.0086575,5.2029e-07,2.8963e-07,5.4259e-07,3.8667e-07,0.00051391,0.0013252,0.0017497
79.015,79.015,79.015,79.015,79.015,79.015,79.015,79.015,79.015,79.015,79.015,79.015,79.015,79.015,79.015,79.015,79.015
798.89,170.93,191.86,692.51,11.861,394.05,844.03,1031.2,637.14,8.585,4.447e-05,4.6632e-05,4.3908e-05,4.5473e-05,218.05,93.786,59.194
1,1,1,1,1,1,1,1,1,1,1,1,1,1,1,1,1
