0,21.739,360.78,39.319,14.43,497.85,1066.1,1295.4,636.86,77.925,492.56,240.05,7.668
1382.8,208.12,917.65,65.465,45.022,1018.4,1567.8,1766.9,1191.3,439.53,1645.8,415.11,308.04
2.7164e-05,0.00019201,2.3261e-05,-0.0012978,-0.0011415,-1.2379e-05,0.00062439,-0.00033464,-0.00033053,0.0003898,-7.0585e-05,0.00020479,-0.00021557
0.00019201,0.0025082,-0.00013658,-0.020739,-0.014274,-1.5375e-05,0.0054557,-0.0028152,-0.00283,0.0033216,-0.0007007,0.0028195,-0.0018731
2.3261e-05,-0.00013658,0.0004293,0.0041893,0.0069605,-0.00015072,0.0001314,-0.00018064,-4.7867e-05,0.00062571,-6.9767e-05,-0.0012522,-0.00017836
-0.0012978,-0.020739,0.0041893,0.30786,0.17683,0.00065394,-0.0913,0.0474,0.046448,-0.041446,0.010483,-0.050418,0.02213
-0.0011415,-0.014274,0.0069605,0.17683,0.54371,-0.0087419,-0.019912,0.0052455,0.014578,-0.0083725,0.0025808,-0.074893,0.010823
-1.2379e-05,-1.5375e-05,-0.00015072,0.00065394,-0.0087419,0.3336,-0.0014582,-0.3324,0.33397,-0.00067935,0.0001196,0.00066268,0.00021267
0.00062439,0.0054557,0.0001314,-0.0913,-0.019912,-0.0014582,0.047896,-0.025973,-0.024509,0.020889,-0.0048752,0.013261,-0.01167
-0.00033464,-0.0028152,-0.00018064,0.0474,0.0052455,-0.3324,-0.025973,0.34753,-0.32007,-0.01133,0.0026046,-0.0064832,0.0062487
-0.00033053,-0.00283,-4.7867e-05,0.046448,0.014578,0.33397,-0.024509,-0.32007,0.34597,-0.010707,0.002491,-0.0071113,0.0061005
0.0003898,0.0033216,0.00062571,-0.041446,-0.0083725,-0.00067935,0.020889,-0.01133,-0.010707,0.011121,-0.0024548,0.0049589,-0.0057911
-7.0585e-05,-0.0007007,-6.9767e-05,0.010483,0.0025808,0.0001196,-0.0048752,0.0026046,0.002491,-0.0024548,0.00059023,-0.0013442,0.0012989
0.00020479,0.0028195,-0.0012522,-0.050418,-0.074893,0.00066268,0.013261,-0.0064832,-0.0071113,0.0049589,-0.0013442,0.014617,-0.0031216
-0.00021557,-0.0018731,-0.00017836,0.02213,0.010823,0.00021267,-0.01167,0.0062487,0.0061005,-0.0057911,0.0012989,-0.0031216,0.0035742
88.761,88.761,88.761,88.761,88.761,88.761,88.761,88.761,88.761,88.761,88.761,88.761,88.761
487.4,104.11,709.24,52.522,26.669,685.78,1226,1516.9,831.15,252.24,1096.9,304.79,88.564
1,1,1,1,1,1,1,1,1,1,1,1,1
