0.36295,0.32536,0.14626,0.15186,0.14247,0.27346,0.17911,0.083326,0.26589,0.022203,0.83274,0.39728,0.80937,0.18439,0.26212,0.35735,0.30568,0.69648,-0.05015,0.44395,0.44395,0.44395,0.00028294,-0.083569,53.345,-0.058761,0.027682
0.13312,0.103,0.038675,0.049681,0.004391,0.070109,0.075359,0.0017056,0.00052688,0.00044469,0.11057,0.086918,0.0012919,0.0014661,0.016209,0.010148,0.024831,0.0063498,-0.20292,0.22732,0.22732,0.22732,3.5434e-06,-0.28472,-190.41,-0.73333,-0.29412
0.81009,0.75639,0.29962,0.30683,0.39797,0.63896,0.29226,0.21721,0.76614,0.095176,0.99621,0.99375,0.99955,0.95487,0.98008,0.99967,0.93792,0.98898,0.016693,0.79548,0.79548,0.79548,0.0042396,0.12388,267.87,0.29596,0.42745
701.82,-291.82,-57.279,-82.164,-109.63,-166.04,-94.097,-37.233,-138.03,-12.445,-12.373,23.26,7.6755,-33.53,1.4863,-7.8696,-24.352,-4.4935,-34.562,-10.434,-10.434,-10.434,-1.9621,-50.636,0.029376,4.5709,15.746
-291.82,697.86,-23.182,-48.413,-117.38,-186.2,-80.085,-24.375,-148.1,-7.2003,-19.293,27.993,6.8445,-51.141,12.915,-8.6767,7.3906,-25.856,-52.948,22.615,22.615,22.615,-1.5921,-1.865,0.0081618,-9.1303,3.2039
-57.279,-23.182,900.86,-92.017,-28.918,7.8816,-46.778,-39.935,-19.079,4.4711,-28.533,-32.936,39.716,-5.7755,-10.353,-23.942,-41.158,-12.222,65.802,-73.874,-73.874,-73.874,-1.0596,-81.683,0.067615,23.468,1.7044
-82.164,-48.413,-92.017,891.17,-19.136,-2.2391,-78.317,-75.503,8.1835,-18.306,-18.192,-19.742,10.098,-18.096,-16.04,-24.282,-61.376,-13.154,38.793,-59.887,-59.887,-59.887,-1.3797,-57.32,0.051832,11.612,6.5771
-109.63,-117.38,-28.918,-19.136,426.08,194.68,-114.09,50.844,-68.595,104.7,-68.033,-54.33,15.904,39.909,-30.114,28.718,-80.418,12.274,82.613,10.192,10.192,10.192,-1.0614,111.87,-0.063278,2.8739,13.814
-166.04,-186.2,7.8816,-2.2391,194.68,590.37,97.841,-104.96,-165.14,-81.452,-94.168,-34.529,88.108,-65.241,29.703,31.767,15.898,-30.208,-78.417,0.93873,0.93873,0.93873,-0.30357,26.949,0.080509,31.019,47.836
-94.097,-80.085,-46.778,-78.317,-114.09,97.841,651.56,26.86,167.14,-75.219,8.8297,73.443,71.524,-5.026,51.364,-2.635,11.066,19.295,-12.647,-0.97546,-0.97546,-0.97546,-2.8139,182.68,0.12475,43.967,-16.819
-37.233,-24.375,-39.935,-75.503,50.844,-104.96,26.86,662.35,213.14,27.874,-100.51,-41.219,4.8657,-86.402,-32.212,-53.568,-53.39,-93.306,3.1548,-68.545,-68.545,-68.545,-1.8952,-23.316,-0.011612,34.405,72.227
-138.03,-148.1,-19.079,8.1835,-68.595,-165.14,167.14,213.14,414.31,28.349,49.774,-27.213,-62.843,25.132,-23.311,-4.0634,36.657,-8.9262,-12.046,-28.58,-28.58,-28.58,3.1156,14.877,-0.029345,0.6253,-2.1346
-12.445,-7.2003,4.4711,-18.306,104.7,-81.452,-75.219,27.874,28.349,812,-21.074,11.033,-0.18823,0.62266,-20.565,74.747,-74.945,64.911,22.772,-1.3325,-1.3325,-1.3325,0.095959,50.71,-0.081965,1.1957,11.226
-12.373,-19.293,-28.533,-18.192,-68.033,-94.168,8.8297,-100.51,49.774,-21.074,537.82,133.05,105.18,188.76,-192.99,78.925,27.391,-198.27,32.45,42.081,42.081,42.081,-1.4235,10.317,-0.032563,-76.146,-40.689
23.26,27.993,-32.936,-19.742,-54.33,-34.529,73.443,-41.219,-27.213,11.033,133.05,557.9,16.015,-202.5,78.068,-43.251,-316.1,67.715,26.361,32.095,32.095,32.095,0.6427,52.735,0.02772,-35.127,-78.417
7.6755,6.8445,39.716,10.098,15.904,88.108,71.524,4.8657,-62.843,-0.18823,105.18,16.015,420.06,31.792,-28.443,76.291,-178.25,-298.5,40.377,-21.242,-21.242,-21.242,3.5715,46.392,0.046384,41.443,33.486
-33.53,-51.141,-5.7755,-18.096,39.909,-65.241,-5.026,-86.402,25.132,0.62266,188.76,-202.5,31.792,543.63,107.32,-253.81,91.998,-69.149,123.46,38.468,38.468,38.468,1.2131,66.375,-0.080904,-47.124,-2.3917
1.4863,12.915,-10.353,-16.04,-30.114,29.703,51.364,-32.212,-23.311,-20.565,-192.99,78.068,-28.443,107.32,346.08,-330.72,-98.746,84.432,-18.099,1.3128,1.3128,1.3128,1.7401,25.846,0.031385,-8.1798,9.4404
-7.8696,-8.6767,-23.942,-24.282,28.718,31.767,-2.635,-53.568,-4.0634,74.747,78.925,-43.251,76.291,-253.81,-330.72,506.84,123.97,32.378,20.137,-1.9682,-1.9682,-1.9682,1.5442,65.336,0.028417,24.826,-54.751
-24.352,7.3906,-41.158,-61.376,-80.418,15.898,11.066,-53.39,36.657,-74.945,27.391,-316.1,-178.25,91.998,-98.746,123.97,455.28,103.44,-40.952,-1.391,-1.391,-1.391,-0.2425,9.5071,0.066193,-28.611,-22.673
-4.4935,-25.856,-12.222,-13.154,12.274,-30.208,19.295,-93.306,-8.9262,64.911,-198.27,67.715,-298.5,-69.149,84.432,32.378,103.44,422.59,106.87,28.681,28.681,28.681,1.512,100.16,0.0025113,-17.893,-107.1
-34.562,-52.948,65.802,38.793,82.613,-78.417,-12.647,3.1548,-12.046,22.772,32.45,26.361,40.377,123.46,-18.099,20.137,-40.952,106.87,734.61,29.912,29.912,29.912,-1.1019,94.056,0.011126,-2.8455,-153.84
-10.434,22.615,-73.874,-59.887,10.192,0.93873,-0.97546,-68.545,-28.58,-1.3325,42.081,32.095,-21.242,38.468,1.3128,-1.9682,-1.391,28.681,29.912,702.18,-297.82,-297.82,-0.099387,20.481,-0.025575,-13.644,-20.955
-10.434,22.615,-73.874,-59.887,10.192,0.93873,-0.97546,-68.545,-28.58,-1.3325,42.081,32.095,-21.242,38.468,1.3128,-1.9682,-1.391,28.681,29.912,-297.82,702.18,-297.82,-0.099387,20.481,-0.025575,-13.644,-20.955
-10.434,22.615,-73.874,-59.887,10.192,0.93873,-0.97546,-68.545,-28.58,-1.3325,42.081,32.095,-21.242,38.468,1.3128,-1.9682,-1.391,28.681,29.912,-297.82,-297.82,702.18,-0.099387,20.481,-0.025575,-13.644,-20.955
-1.9621,-1.5921,-1.0596,-1.3797,-1.0614,-0.30357,-2.8139,-1.8952,3.1156,0.095959,-1.4235,0.6427,3.5715,1.2131,1.7401,1.5442,-0.2425,1.512,-1.1019,-0.099387,-0.099387,-0.099387,999.92,-1.5434,-9.1435e-05,-0.2157,-0.37197
-50.636,-1.865,-81.683,-57.32,111.87,26.949,182.68,-23.316,14.877,50.71,10.317,52.735,46.392,66.375,25.846,65.336,9.5071,100.16,94.056,20.481,20.481,20.481,-1.5434,315.93,0.090193,-1.394,-66.931
0.029376,0.0081618,0.067615,0.051832,-0.063278,0.080509,0.12475,-0.011612,-0.029345,-0.081965,-0.032563,0.02772,0.046384,-0.080904,0.031385,0.028417,0.066193,0.0025113,0.011126,-0.025575,-0.025575,-0.025575,-9.1435e-05,0.090193,0.00022946,0.0069133,-0.012431
4.5709,-9.1303,23.468,11.612,2.8739,31.019,43.967,34.405,0.6253,1.1957,-76.146,-35.127,41.443,-47.124,-8.1798,24.826,-28.611,-17.893,-2.8455,-13.644,-13.644,-13.644,-0.2157,-1.394,0.0069133,42.399,16.077
15.746,3.2039,1.7044,6.5771,13.814,47.836,-16.819,72.227,-2.1346,11.226,-40.689,-78.417,33.486,-2.3917,9.4404,-54.751,-22.673,-107.1,-153.84,-20.955,-20.955,-20.955,-0.37197,-66.931,-0.012431,16.077,105.99
