198.89,0.747,0.6854,0.68866,0.024408,0.53207,0.81224,1.0658,0.53371,0.020463,0.29674,0.18353,0.048849
64.615,0.4557,0.42745,0.19303,0.007853,0.31326,0.5056,0.92381,-0.0053515,0.0032178,0.17824,0.067872,0.00021971
299.26,0.92571,0.86667,0.85816,0.0651,0.95889,1.1684,1.3365,1.0232,0.044576,0.51121,0.26444,0.10502
0.00045402,-0.12298,0.23067,0.2109,0.00027808,0.061666,0.061007,0.04482,-0.016835,-0.029843,-0.030438,-0.16774,-0.19858
-0.12298,206.5,-129.34,-55.941,4.4237,68.49,67.35,75.441,6.9444,44.081,59.416,198.8,124.76
0.23067,-129.34,266.67,157.24,3.346,34.601,51.456,-0.60999,-35.206,-19.279,-25.95,-187.37,-29.91
0.2109,-55.941,157.24,168.79,17.672,49.785,67.451,42.924,-6.8626,2.448,36.281,-127.86,-107.28
0.00027808,4.4237,3.346,17.672,996.4,-39.686,8.6012,-10.153,29.533,-0.032876,-17.224,2.8192,11.503
0.061666,68.49,34.601,49.785,-39.686,499.57,61.128,-213.08,287.35,1.5182,-205.94,33.616,80.485
0.061007,67.35,51.456,67.451,8.6012,61.128,713.82,-238.77,-299.89,11.253,71.816,-37.884,86.972
0.04482,75.441,-0.60999,42.924,-10.153,-213.08,-238.77,589.43,-197.48,17.955,-53.081,95.108,34.862
-0.016835,6.9444,-35.206,-6.8626,29.533,287.35,-299.89,-197.48,515.17,16.437,152.86,61.503,-45.628
-0.029843,44.081,-19.279,2.448,-0.032876,1.5182,11.253,17.955,16.437,994.4,-3.0937,-36.923,-10.312
-0.030438,59.416,-25.95,36.281,-17.224,-205.94,71.816,-53.081,152.86,-3.0937,899.13,24.228,6.1388
-0.16774,198.8,-187.37,-127.86,2.8192,33.616,-37.884,95.108,61.503,-36.923,24.228,460.64,157.25
-0.19858,124.76,-29.91,-107.28,11.503,80.485,86.972,34.862,-45.628,-10.312,6.1388,157.25,694.66
