1097.7,1095.4,48.326,-432.68,518.99,518.99,518.99,1345.2,-329.67
531.56,528.15,22.944,-543.96,451.9,451.9,451.9,36.754,-1372.4
2169.4,2169.3,61.916,-355.49,602.91,602.91,602.91,3946.1,234.11
0.86313,-0.13716,0.0012339,-0.097444,0.068788,0.068788,0.068788,-0.23097,0.14926
-0.13716,0.86254,0.0012348,-0.097736,0.068993,0.068993,0.068993,-0.23138,0.1496
0.0012339,0.0012348,0.99985,-0.0051737,0.003541,0.003541,0.003541,0.0090735,-0.0002329
-0.097444,-0.097736,-0.0051737,0.66657,0.23053,0.23053,0.23053,0.14058,0.15482
0.068788,0.068993,0.003541,0.23053,0.8406,-0.1594,-0.1594,-0.093637,-0.1084
0.068788,0.068993,0.003541,0.23053,-0.1594,0.8406,-0.1594,-0.093637,-0.1084
0.068788,0.068993,0.003541,0.23053,-0.1594,-0.1594,0.8406,-0.093637,-0.1084
-0.23097,-0.23138,0.0090735,0.14058,-0.093637,-0.093637,-0.093637,0.25788,0.19581
0.14926,0.1496,-0.0002329,0.15482,-0.1084,-0.1084,-0.1084,0.19581,0.82829
25.498,25.498,25.498,25.498,25.498,25.498,25.498,25.498,25.498
