0.73377,0.70184,0.12787,-0.36896,0.66833,0.66833,0.66833,0.072537
0.37837,0.32101,-0.17245,-0.9835,0.31667,0.31667,0.31667,0.00030391
1.316,1.3119,0.44337,0.19779,0.9724,0.9724,0.9724,0.46747
419.53,-355.54,-41.089,0.75832,-11.73,-11.73,-11.73,-86.27
-355.54,358.79,74.854,2.8601,5.3489,5.3489,5.3489,5.908
-41.089,74.854,168.77,-36.179,-14.98,-14.98,-14.98,-45.414
0.75832,2.8601,-36.179,20.996,1.9311,1.9311,1.9311,10.393
-11.73,5.3489,-14.98,1.9311,673.38,-326.62,-326.62,10.684
-11.73,5.3489,-14.98,1.9311,-326.62,673.38,-326.62,10.684
-11.73,5.3489,-14.98,1.9311,-326.62,-326.62,673.38,10.684
-86.27,5.908,-45.414,10.393,10.684,10.684,10.684,199.68
