1.0815,1.073,-0.002701,-0.73171,0.99823,0.99823,0.99823,0.39282
0.86339,0.86278,-0.18091,-1.1154,0.74087,0.74087,0.74087,6.3328e-06
1.4812,1.4746,0.14036,-0.21263,1.1349,1.1349,1.1349,1.1783
8229.2,-1630.2,1247,156.68,812.91,812.91,812.91,-2885
-1630.2,8477.7,875.83,-211.16,795.71,795.71,795.71,-2742
1247,875.83,5686.2,-4597.3,25.349,25.349,25.349,944.8
156.68,-211.16,-4597.3,4126.1,708.8,708.8,708.8,-1164.1
812.91,795.71,25.349,708.8,9522.8,-477.2,-477.2,1513.5
812.91,795.71,25.349,708.8,-477.2,9522.8,-477.2,1513.5
812.91,795.71,25.349,708.8,-477.2,-477.2,9522.8,1513.5
-2885,-2742,944.8,-1164.1,1513.5,1513.5,1513.5,4955.8
