0,59.829,141.18,189.93,7.2295,296.66,450.14,699.24,269.27,58.953,271.6,126,234.27
972.66,444.44,615.69,643.59,25.796,618.84,725.21,956,476.8,391.48,885.76,304.35,562.02
0.019189,0.0044141,0.046425,0.058484,0.0031045,0.039933,0.022039,0.023297,-0.016636,-0.091037,0.038473,-0.016706,0.0010331
0.0044141,0.14955,0.063653,-0.15362,-0.00055715,-0.083625,-0.14768,0.027338,0.11096,-0.17825,0.048855,0.063669,0.13581
0.046425,0.063653,0.13643,0.085726,0.0032502,0.073234,-0.028272,0.098013,0.024782,-0.26839,0.10025,-0.057853,0.038445
0.058484,-0.15362,0.085726,0.37096,0.002491,0.23263,0.22119,0.069089,-0.16355,-0.099858,0.069735,-0.14902,-0.15765
0.0031045,-0.00055715,0.0032502,0.002491,0.99706,-0.029126,0.016154,-0.021364,0.0077614,-0.0029472,0.0069989,-0.033334,0.0094313
0.039933,-0.083625,0.073234,0.23263,-0.029126,0.49585,0.085864,-0.22902,0.27513,-0.07114,0.038958,-0.1641,-0.10818
0.022039,-0.14768,-0.028272,0.22119,0.016154,0.085864,0.34665,-0.19115,-0.27701,-0.0023617,0.048731,0.15205,-0.066578
0.023297,0.027338,0.098013,0.069089,-0.021364,-0.22902,-0.19115,0.60583,-0.16515,-0.066189,-0.0023231,-0.31035,-0.066327
-0.016636,0.11096,0.024782,-0.16355,0.0077614,0.27513,-0.27701,-0.16515,0.55972,0.0049493,-0.041284,-0.14626,0.041857
-0.091037,-0.17825,-0.26839,-0.099858,-0.0029472,-0.07114,-0.0023617,-0.066189,0.0049493,0.63489,-0.24717,-0.090999,-0.17445
0.038473,0.048855,0.10025,0.069735,0.0069989,0.038958,0.048731,-0.0023231,-0.041284,-0.24717,0.10345,0.059894,0.058896
-0.016706,0.063669,-0.057853,-0.14902,-0.033334,-0.1641,0.15205,-0.31035,-0.14626,-0.090999,0.059894,0.44583,0.17084
0.0010331,0.13581,0.038445,-0.15765,0.0094313,-0.10818,-0.066578,-0.066327,0.041857,-0.17445,0.058896,0.17084,0.15627
68.826,68.826,68.826,68.826,68.826,68.826,68.826,68.826,68.826,68.826,68.826,68.826,68.826
456.92,243.12,403.05,379.7,14.098,441.03,628.11,829.83,388.79,221.27,544.03,228.11,377.45
1,1,1,1,1,1,1,1,1,1,1,1,1
