1.0127,1.0103,0.034843,-0.032842,0.10064,0.10064,0.10064,0.45713
0.49066,0.49065,-0.02568,-0.085504,0.035888,0.035888,0.035888,0.0048484
1.2936,1.2867,0.13319,0.052547,0.20969,0.20969,0.20969,0.71455
6327.1,-3670.9,88.398,77.841,75.615,75.615,75.615,-3118.3
-3670.9,6328,164.98,144.39,159.3,159.3,159.3,-3102.7
88.398,164.98,8141.5,-1615.1,-2030,-2030,-2030,-259.35
77.841,144.39,-1615.1,8596.4,-1764.1,-1764.1,-1764.1,-224.51
75.615,159.3,-2030,-1764.1,7782.5,-2217.5,-2217.5,-301.15
75.615,159.3,-2030,-1764.1,-2217.5,7782.5,-2217.5,-301.15
75.615,159.3,-2030,-1764.1,-2217.5,-2217.5,7782.5,-301.15
-3118.3,-3102.7,-259.35,-224.51,-301.15,-301.15,-301.15,7292.4
