0.44399,0.36836,-0.23191,-0.41669,-0.034237,-0.034237,-0.034237,0.021946
0.28241,0.17284,-0.26261,-0.4703,-0.063159,-0.063159,-0.063159,0.0012487
0.85167,0.82718,-0.2028,-0.37085,0.044105,0.044105,0.044105,0.078446
550.08,-460.06,7.3253,39.648,21.753,21.753,21.753,-60.259
-460.06,431.41,-24.306,-68.172,-12.04,-12.04,-12.04,-65.584
7.3253,-24.306,863.51,-142,-86.89,-86.89,-86.89,-7.2209
39.648,-68.172,-142,647.29,-36.587,-36.587,-36.587,32.985
21.753,-12.04,-86.89,-36.587,777.67,-222.33,-222.33,19.448
21.753,-12.04,-86.89,-36.587,-222.33,777.67,-222.33,19.448
21.753,-12.04,-86.89,-36.587,-222.33,-222.33,777.67,19.448
-60.259,-65.584,-7.2209,32.985,19.448,19.448,19.448,848.99
