314.3,237.66,77.061,162.23,125.08,195.81,159.83,151.09,190.34,233.11,917.33,72.566,915.11,234.98,99.017,95.184,69.288,991.61,-923.49,1082.1,1082.1,1082.1,9.8569,43.447,-47799,20.278,-145.1
202.41,172.42,-181.47,52.986,58.8,32.945,49.624,23.752,20.975,14.618,647.72,20.747,645.08,22.797,57.108,55.859,8.0549,985.15,-1537,501.44,501.44,501.44,0.01273,-55.462,-2.9314e+05,-260.09,-564.71
469.54,420.8,420.15,409.88,171.13,452.48,301.27,270.46,434.63,757.49,998.19,95.709,996.84,761.84,142.54,149.44,153.08,998.15,-485.66,1511.8,1511.8,1511.8,68.845,173.65,2.2753e+05,277.11,200
0.91858,-0.010034,-0.12765,0.076597,-0.0062542,-0.048835,-0.063537,0.11603,-0.051741,-0.064158,0.011009,0.024182,0.013098,-0.067683,-0.01186,-0.0030502,0.015521,0.0016746,0.014788,-0.069217,-0.069217,-0.069217,-0.0087485,0.024127,0.00015927,-0.013198,-0.067255
-0.010034,0.92394,-0.082171,-0.13347,0.024276,0.07446,-0.069127,-0.074885,0.063689,-0.039346,0.0071974,-0.0011788,0.0046455,-0.030107,-0.018285,0.021937,-0.044553,0.0014672,0.055229,-0.033686,-0.033686,-0.033686,-0.025251,-0.010484,0.00019369,-0.025648,-0.1088
-0.12765,-0.082171,0.55649,-0.027107,0.018717,-0.021282,-0.16916,0.094275,-0.030225,-0.013253,-0.019348,0.026821,-0.018649,-0.0084606,-0.04733,0.010898,-0.038271,0.0049859,-0.23601,-0.080247,-0.080247,-0.080247,-0.036558,0.061469,0.00028568,-0.0094674,-0.3131
0.076597,-0.13347,-0.027107,0.60428,0.074156,0.15037,-0.020248,-0.34429,0.13388,-0.025982,0.027685,-0.064499,0.019974,-0.0042077,-0.033562,0.027839,-0.12849,0.0027714,-0.011428,-0.02945,-0.02945,-0.02945,-0.03598,-0.081834,0.00010336,0.079965,-0.090044
-0.0062542,0.024276,0.018717,0.074156,0.98243,-0.010307,-0.0003183,0.065463,-0.0071038,0.027642,-0.017519,0.017387,-0.016259,0.024115,0.0096498,-0.00042211,0.026594,-0.0010912,0.025326,0.015318,0.015318,0.015318,0.0068421,0.021029,4.4969e-06,-0.035974,0.01378
-0.048835,0.07446,-0.021282,0.15037,-0.010307,0.83567,0.06518,0.10176,-0.15449,-0.043581,0.032879,-0.014481,0.036778,-0.056103,-0.0010232,-0.043184,0.035249,0.0015462,-0.14508,-0.053271,-0.053271,-0.053271,0.022444,-0.0052541,-0.00022639,0.12536,0.10556
-0.063537,-0.069127,-0.16916,-0.020248,-0.0003183,0.06518,0.86695,0.068422,0.054925,-0.019547,-0.022983,0.041902,-0.023356,-0.014135,-0.015403,0.029504,-0.0097495,0.00096872,0.090177,-0.040175,-0.040175,-0.040175,-0.028061,0.041596,0.00041453,-0.11061,-0.18222
0.11603,-0.074885,0.094275,-0.34429,0.065463,0.10176,0.068422,0.64348,0.093738,-0.0010163,0.035256,-0.08362,0.028434,0.015381,-0.018324,0.007978,-0.10837,0.0015666,-0.062363,0.0087409,0.0087409,0.0087409,-0.013835,-0.098596,-0.00021016,0.13389,0.03669
-0.051741,0.063689,-0.030225,0.13388,-0.0071038,-0.15449,0.054925,0.093738,0.85361,-0.056714,0.036857,-0.014072,0.04044,-0.068046,-0.0033783,-0.040082,0.030016,0.0017515,-0.13056,-0.057893,-0.057893,-0.057893,0.018717,-0.0073405,-0.00015786,0.11941,0.091341
-0.064158,-0.039346,-0.013253,-0.025982,0.027642,-0.043581,-0.019547,-0.0010163,-0.056714,0.60699,0.17463,-0.014598,0.17471,-0.39199,-0.015601,-0.0073521,-0.0086345,0.0030036,0.064675,0.024233,0.024233,0.024233,-0.019749,-0.053909,3.4369e-05,-0.016232,-0.031654
0.011009,0.0071974,-0.019348,0.027685,-0.017519,0.032879,-0.022983,0.035256,0.036857,0.17463,0.91254,0.021769,-0.087237,0.17439,0.0064385,0.01043,0.0096875,-0.0014526,0.020722,-0.024173,-0.024173,-0.024173,0.0039955,0.037551,6.638e-05,-0.028696,-0.017678
0.024182,-0.0011788,0.026821,-0.064499,0.017387,-0.014481,0.041902,-0.08362,-0.014072,-0.014598,0.021769,0.96939,0.020731,-0.013042,-0.0054514,-0.0098573,-0.023402,0.00087034,-0.063272,-0.0070573,-0.0070573,-0.0070573,0.0024021,-0.032572,-0.00012323,0.075833,0.042524
0.013098,0.0046455,-0.018649,0.019974,-0.016259,0.036778,-0.023356,0.028434,0.04044,0.17471,-0.087237,0.020731,0.91283,0.17492,0.0060212,0.011211,0.0073634,-0.0014337,0.021642,-0.023616,-0.023616,-0.023616,0.0033247,0.036148,6.1345e-05,-0.028446,-0.019416
-0.067683,-0.030107,-0.0084606,-0.0042077,0.024115,-0.056103,-0.014135,0.015381,-0.068046,-0.39199,0.17439,-0.013042,0.17492,0.60761,-0.013862,-0.01039,-0.0018689,0.0029071,0.061481,0.023077,0.023077,0.023077,-0.016958,-0.051553,4.125e-05,-0.013254,-0.020012
-0.01186,-0.018285,-0.04733,-0.033562,0.0096498,-0.0010232,-0.015403,-0.018324,-0.0033783,-0.015601,0.0064385,-0.0054514,0.0060212,-0.013862,0.99093,0.0003526,-0.015006,0.0010294,-0.023276,-0.024631,-0.024631,-0.024631,-0.0063054,-0.0053044,0.0001091,0.020501,-0.0292
-0.0030502,0.021937,0.010898,0.027839,-0.00042211,-0.043184,0.029504,0.007978,-0.040082,-0.0073521,0.01043,-0.0098573,0.011211,-0.01039,0.0003526,0.987,0.0059241,0.00036026,-0.047036,-0.010215,-0.010215,-0.010215,0.0075257,-0.0077379,-1.8807e-05,0.045487,0.04243
0.015521,-0.044553,-0.038271,-0.12849,0.026594,0.035249,-0.0097495,-0.10837,0.030016,-0.0086345,0.0096875,-0.023402,0.0073634,-0.0018689,-0.015006,0.0059241,0.95494,0.0014471,-0.034328,-0.023696,-0.023696,-0.023696,-0.012426,-0.026159,2.285e-05,0.044052,-0.038152
0.0016746,0.0014672,0.0049859,0.0027714,-0.0010912,0.0015462,0.00096872,0.0015666,0.0017515,0.0030036,-0.0014526,0.00087034,-0.0014337,0.0029071,0.0010294,0.00036026,0.0014471,0.99987,0.0035339,0.0030973,0.0030973,0.0030973,0.00052931,0.00091158,-8.1509e-06,-0.003491,0.0020622
0.014788,0.055229,-0.23601,-0.011428,0.025326,-0.14508,0.090177,-0.062363,-0.13056,0.064675,0.020722,-0.063272,0.021642,0.061481,-0.023276,-0.047036,-0.034328,0.0035339,0.30825,0.12207,0.12207,0.12207,0.01689,0.0065679,-0.00010519,0.19214,-0.067736
-0.069217,-0.033686,-0.080247,-0.02945,0.015318,-0.053271,-0.040175,0.0087409,-0.057893,0.024233,-0.024173,-0.0070573,-0.023616,0.023077,-0.024631,-0.010215,-0.023696,0.0030973,0.12207,0.74533,-0.25467,-0.25467,-0.0091272,-0.023128,-0.00019494,0.13579,0.034625
-0.069217,-0.033686,-0.080247,-0.02945,0.015318,-0.053271,-0.040175,0.0087409,-0.057893,0.024233,-0.024173,-0.0070573,-0.023616,0.023077,-0.024631,-0.010215,-0.023696,0.0030973,0.12207,-0.25467,0.74533,-0.25467,-0.0091272,-0.023128,-0.00019494,0.13579,0.034625
-0.069217,-0.033686,-0.080247,-0.02945,0.015318,-0.053271,-0.040175,0.0087409,-0.057893,0.024233,-0.024173,-0.0070573,-0.023616,0.023077,-0.024631,-0.010215,-0.023696,0.0030973,0.12207,-0.25467,-0.25467,0.74533,-0.0091272,-0.023128,-0.00019494,0.13579,0.034625
-0.0087485,-0.025251,-0.036558,-0.03598,0.0068421,0.022444,-0.028061,-0.013835,0.018717,-0.019749,0.0039955,0.0024021,0.0033247,-0.016958,-0.0063054,0.0075257,-0.012426,0.00052931,0.01689,-0.0091272,-0.0091272,-0.0091272,0.99103,-0.00021229,8.6521e-05,-0.015197,-0.044044
0.024127,-0.010484,0.061469,-0.081834,0.021029,-0.0052541,0.041596,-0.098596,-0.0073405,-0.053909,0.037551,-0.032572,0.036148,-0.051553,-0.0053044,-0.0077379,-0.026159,0.00091158,0.0065679,-0.023128,-0.023128,-0.023128,-0.00021229,0.95378,-0.00026015,0.073725,0.0611
0.00015927,0.00019369,0.00028568,0.00010336,4.4969e-06,-0.00022639,0.00041453,-0.00021016,-0.00015786,3.4369e-05,6.638e-05,-0.00012323,6.1345e-05,4.125e-05,0.0001091,-1.8807e-05,2.285e-05,-8.1509e-06,-0.00010519,-0.00019494,-0.00019494,-0.00019494,8.6521e-05,-0.00026015,1.4033e-06,-0.00055145,-0.00064214
-0.013198,-0.025648,-0.0094674,0.079965,-0.035974,0.12536,-0.11061,0.13389,0.11941,-0.016232,-0.028696,0.075833,-0.028446,-0.013254,0.020501,0.045487,0.044052,-0.003491,0.19214,0.13579,0.13579,0.13579,-0.015197,0.073725,-0.00055145,0.7175,-0.15411
-0.067255,-0.1088,-0.3131,-0.090044,0.01378,0.10556,-0.18222,0.03669,0.091341,-0.031654,-0.017678,0.042524,-0.019416,-0.020012,-0.0292,0.04243,-0.038152,0.0020622,-0.067736,0.034625,0.034625,0.034625,-0.044044,0.0611,-0.00064214,-0.15411,0.66625
79.881,79.881,79.881,79.881,79.881,79.881,79.881,79.881,79.881,79.881,79.881,79.881,79.881,79.881,79.881,79.881,79.881,79.881,79.881,79.881,79.881,79.881,79.881,79.881,79.881,79.881,79.881
