145.09,0.61739,0.73243,0.78769,0.00057571,0.14395,0.0060674,0.084678,-0.05927,1.6079,1.0555,0.39653,0.99626
1.1321,0.12121,0.41176,0.054462,4.0272e-05,0.045133,-0.13428,-0.051908,-0.20143,0.015315,0.12402,0.036808,0.94575
358.81,0.93836,0.98823,4.3544,0.0033789,0.33235,0.30168,0.36403,0.27599,7.5619,2.0309,1.134,0.99999
9.2102e-05,-0.0044807,-0.0024821,-0.0018548,-0.0006586,-0.009109,-0.022095,0.0025322,0.011641,0.0037832,-0.0050197,-0.019026,-0.0052408
-0.0044807,26.925,-8.3646,0.31499,0.41528,14.419,4.6948,7.3917,-7.0271,0.62234,-0.42324,-0.22882,0.25194
-0.0024821,-8.3646,43.838,-1.022,-0.11699,-11.15,-17.963,-5.0802,6.0698,-3.3392,7.9751,20.16,2.7178
-0.0018548,0.31499,-1.022,2.5404,-0.042153,0.30181,0.99325,2.2669,1.9651,-0.48828,1.0111,-2.7518,0.93059
-0.0006586,0.41528,-0.11699,-0.042153,999.85,-5.8889,-0.64117,-2.8596,3.0293,0.098759,-0.13082,0.17549,1.2324
-0.009109,14.419,-11.15,0.30181,-5.8889,469.12,8.348,-269.29,261.59,3.2766,-10.083,-17.8,44.724
-0.022095,4.6948,-17.963,0.99325,-0.64117,8.348,627.94,-248.74,-257.08,1.1165,-0.81899,-5.4329,-4.4956
0.0025322,7.3917,-5.0802,2.2669,-2.8596,-269.29,-248.74,522.88,-207.83,-1.0673,-1.227,1.6929,24.826
0.011641,-7.0271,6.0698,1.9651,3.0293,261.59,-257.08,-207.83,530.57,-4.344,8.8566,19.494,-19.898
0.0037832,0.62234,-3.3392,-0.48828,0.098759,3.2766,1.1165,-1.0673,-4.344,4.559,-3.6141,-25.021,0.47465
-0.0050197,-0.42324,7.9751,1.0111,-0.13082,-10.083,-0.81899,-1.227,8.8566,-3.6141,12.411,7.1604,-0.44411
-0.019026,-0.22882,20.16,-2.7518,0.17549,-17.8,-5.4329,1.6929,19.494,-25.021,7.1604,186.29,-14.784
-0.0052408,0.25194,2.7178,0.93059,1.2324,44.724,-4.4956,24.826,-19.898,0.47465,-0.44411,-14.784,959.02
