0.61836,0.54038,0.24672,0.030476,0.4465,0.4465,0.4465,0.19332
0.22597,0.054599,0.11033,-0.13819,0.34364,0.34364,0.34364,1.6157e-05
1.6202,1.5907,0.33475,0.12446,0.55848,0.55848,0.55848,1.6601
2219.3,-1864.8,-713.49,109.1,12.244,12.244,12.244,-190.26
-1864.8,1600.3,648.66,-42.729,-39.212,-39.212,-39.212,126.94
-713.49,648.66,3696.2,-1112.9,-773.95,-773.95,-773.95,42.861
109.1,-42.729,-1112.9,1069.2,11.701,11.701,11.701,-69.274
12.244,-39.212,-773.95,11.701,6966.5,-3033.5,-3033.5,17.448
12.244,-39.212,-773.95,11.701,-3033.5,6966.5,-3033.5,17.448
12.244,-39.212,-773.95,11.701,-3033.5,-3033.5,6966.5,17.448
-190.26,126.94,42.861,-69.274,17.448,17.448,17.448,56.855
