0.5159,0.51436,0.033969,-0.36407,0.43274,0.43274,0.43274,0.040532
0.39053,0.38711,0.011322,-0.39602,0.41751,0.41751,0.41751,0.0043422
0.72377,0.72271,0.051559,-0.34443,0.44158,0.44158,0.44158,0.1126
5293.6,-4735.2,116.36,23.942,-2.6163,-2.6163,-2.6163,-1550.4
-4735.2,5221.9,299,262.65,109.29,109.29,109.29,-1495.7
116.36,299,7629.1,-3105.6,-1456.7,-1456.7,-1456.7,-796.52
23.942,262.65,-3105.6,5928.4,-1910.2,-1910.2,-1910.2,-1086.8
-2.6163,109.29,-1456.7,-1910.2,9103.8,-896.19,-896.19,-514.46
-2.6163,109.29,-1456.7,-1910.2,-896.19,9103.8,-896.19,-514.46
-2.6163,109.29,-1456.7,-1910.2,-896.19,-896.19,9103.8,-514.46
-1550.4,-1495.7,-796.52,-1086.8,-514.46,-514.46,-514.46,9194.9
