121.72,0.6572,0.77812,0.8559,0.014456,0.41374,0.63058,0.79282,0.37909,0.032066,0.4016,0.17629,0.081073
8.7273,0.131,0.49804,0.65364,5.5859e-05,0.039195,0.38484,0.64596,-0.023684,0.0010381,0.15733,0.017579,0.003797
358.03,0.98222,0.96078,1.157,0.042673,0.75205,0.93738,1.0305,0.70271,0.093036,1.1601,0.34078,0.76617
0.00042987,-0.072324,-0.00016533,0.095702,-0.090338,0.080822,0.16331,0.041868,-0.038921,-0.33899,0.075051,-0.20204,-0.058447
-0.072324,47.191,-23.252,-27.025,-22.65,-28.28,-52.573,-1.847,26.436,244.03,-33.228,93.045,15.689
-0.00016533,-23.252,99.991,-3.4931,-14.761,-7.9962,191.77,-93.87,-85.884,-212.25,12.392,52.66,4.2773
0.095702,-27.025,-3.4931,94.807,-0.83398,35.048,59.908,0.27668,-34.761,-377.11,44.23,-80.372,2.1092
-0.090338,-22.65,-14.761,-0.83398,9360.4,-436.54,32.411,-228.1,208.45,232.08,79.011,-170.6,-161.16
0.080822,-28.28,-7.9962,35.048,-436.54,3480.1,-19.489,-3224.9,3295.1,-272.71,14.201,-289.73,16.557
0.16331,-52.573,191.77,59.908,32.411,-19.489,1259.6,-616.77,-597.23,-150.06,-34.846,14.037,18.074
0.041868,-1.847,-93.87,0.27668,-228.1,-3224.9,-616.77,3732.1,-3043,-62.57,34.085,-196.47,-15.459
-0.038921,26.436,-85.884,-34.761,208.45,3295.1,-597.23,-3043,3661.9,210.19,19.879,93.22,-32.032
-0.33899,244.03,-212.25,-377.11,232.08,-272.71,-150.06,-62.57,210.19,6279,-455.14,-139.35,-177.27
0.075051,-33.228,12.392,44.23,79.011,14.201,-34.846,34.085,19.879,-455.14,77.38,-48.614,-10.439
-0.20204,93.045,52.66,-80.372,-170.6,-289.73,14.037,-196.47,93.22,-139.35,-48.614,1140.5,66.536
-0.058447,15.689,4.2773,2.1092,-161.16,16.557,18.074,-15.459,-32.032,-177.27,-10.439,66.536,74.003
