0.93402,0.86365,-0.25152,-0.92909,0.72722,0.72722,0.72722,0.28027
0.38475,0.30246,-0.68165,-1.5933,-0.17102,-0.17102,-0.17102,1.6312e-05
2.6498,2.6474,0.36114,-0.069276,1.26,1.26,1.26,3.6178
580.15,-545.42,33.553,39.92,13.142,13.142,13.142,-3.175
-545.42,528.65,-45.792,-32.297,-11.267,-11.267,-11.267,-4.3528
33.553,-45.792,103.05,-36.337,-9.4279,-9.4279,-9.4279,2.4562
39.92,-32.297,-36.337,26.516,4.3587,4.3587,4.3587,-0.50625
13.142,-11.267,-9.4279,4.3587,6668.9,-3331.1,-3331.1,-0.11075
13.142,-11.267,-9.4279,4.3587,-3331.1,6668.9,-3331.1,-0.11075
13.142,-11.267,-9.4279,4.3587,-3331.1,-3331.1,6668.9,-0.11075
-3.175,-4.3528,2.4562,-0.50625,-0.11075,-0.11075,-0.11075,5.1082
