0.94927,0.84362,0.15241,-0.86949,0.90854,0.90854,0.90854,0.025157
0.85445,0.66431,-0.36577,-1.3009,0.27829,0.27829,0.27829,0.024073
1.1261,1.0943,0.55756,-0.24151,1.2432,1.2432,1.2432,0.026955
910.96,-137.2,22.424,192.1,-90.388,-90.388,-90.388,0.11403
-137.2,785.03,60.493,326.42,-113.71,-113.71,-113.71,0.095468
22.424,60.493,806.08,-269.25,-162.7,-162.7,-162.7,0.5535
192.1,326.42,-269.25,326.44,-22.589,-22.589,-22.589,0.43706
-90.388,-113.71,-162.7,-22.589,725.54,-274.46,-274.46,0.6893
-90.388,-113.71,-162.7,-22.589,-274.46,725.54,-274.46,0.6893
-90.388,-113.71,-162.7,-22.589,-274.46,-274.46,725.54,0.6893
0.11403,0.095468,0.5535,0.43706,0.6893,0.6893,0.6893,1000
