0,3.9841,172.55,29.112,7.8362,435.61,370.73,580.3,-138.91,19.915,275.54,75.778,0.47029
1386.7,279.72,984.31,2702.9,237.16,1747.3,1301.1,1679.5,953.36,801.01,1844,890.87,312.51
2.6061e-05,-2.0951e-05,4.3461e-06,8.3166e-06,0.00022974,-1.9588e-05,9.5124e-06,-1.2162e-05,7.2262e-06,-1.345e-05,2.4598e-06,1.255e-05,-5.96e-07
-2.0951e-05,0.0004387,5.3357e-05,-2.054e-05,-0.00024891,7.6005e-07,4.9035e-05,-3.3847e-05,-3.4291e-05,1.2435e-05,-2.9106e-06,3.1831e-05,5.8559e-05
4.3461e-06,5.3357e-05,5.3844e-05,-4.4716e-06,5.9497e-05,-8.6131e-06,-6.266e-07,-4.4163e-06,4.0379e-06,1.7311e-05,-5.0866e-06,1.4102e-05,-2.0777e-05
8.3166e-06,-2.054e-05,-4.4716e-06,2.0541e-05,7.2483e-05,-4.0588e-06,2.2612e-05,-8.8518e-06,-4.6762e-06,7.8519e-06,-3.353e-06,-1.0945e-05,-2.5063e-05
0.00022974,-0.00024891,5.9497e-05,7.2483e-05,0.0041437,-0.00038951,0.00037678,-0.00033613,4.7339e-05,-5.6246e-05,-4.4029e-07,0.00011885,9.2442e-05
-1.9588e-05,7.6005e-07,-8.6131e-06,-4.0588e-06,-0.00038951,0.33338,-5.6552e-05,-0.33328,0.33333,1.7971e-05,-1.5403e-06,-4.5431e-05,-3.6833e-05
9.5124e-06,4.9035e-05,-6.266e-07,2.2612e-05,0.00037678,-5.6552e-05,0.00022477,-0.00012706,-7.7596e-05,1.6056e-05,-1.8286e-05,1.2088e-05,2.5315e-05
-1.2162e-05,-3.3847e-05,-4.4163e-06,-8.8518e-06,-0.00033613,-0.33328,-0.00012706,0.33342,-0.33329,6.8167e-06,4.7098e-06,-2.8638e-05,-4.7317e-05
7.2262e-06,-3.4291e-05,4.0379e-06,-4.6762e-06,4.7339e-05,0.33333,-7.7596e-05,-0.33329,0.33338,-1.4716e-05,6.5376e-06,1.8319e-05,-1.2189e-05
-1.345e-05,1.2435e-05,1.7311e-05,7.8519e-06,-5.6246e-05,1.7971e-05,1.6056e-05,6.8167e-06,-1.4716e-05,0.00031488,-8.5704e-05,-9.9092e-05,-0.00030806
2.4598e-06,-2.9106e-06,-5.0866e-06,-3.353e-06,-4.4029e-07,-1.5403e-06,-1.8286e-05,4.7098e-06,6.5376e-06,-8.5704e-05,3.6198e-05,9.0977e-06,8.7666e-05
1.255e-05,3.1831e-05,1.4102e-05,-1.0945e-05,0.00011885,-4.5431e-05,1.2088e-05,-2.8638e-05,1.8319e-05,-9.9092e-05,9.0977e-06,0.00017349,0.00010362
-5.96e-07,5.8559e-05,-2.0777e-05,-2.5063e-05,9.2442e-05,-3.6833e-05,2.5315e-05,-4.7317e-05,-1.2189e-05,-0.00030806,8.7666e-05,0.00010362,0.00072996
114.21,114.21,114.21,114.21,114.21,114.21,114.21,114.21,114.21,114.21,114.21,114.21,114.21
1092.9,53.541,753.24,135.72,94.493,1145.4,1012.7,1442.2,296.75,214.4,982.75,490.09,46.446
0.49994,0.49994,0.49994,0.49994,0.49994,0.49994,0.49994,0.49994,0.49994,0.49994,0.49994,0.49994,0.49994
68.968,122.71,740.42,121.77,65.652,1016.5,924.06,1306.4,289.85,191.16,884.46,402.16,63.76
0.50006,0.50006,0.50006,0.50006,0.50006,0.50006,0.50006,0.50006,0.50006,0.50006,0.50006,0.50006,0.50006
