159.36,333.45,147.21,279.79,6.1029,324.05,261.84,421.76,97.71,39.185,318.98,125.65,69.766
0,200,66.667,87.054,2.1075,220.41,48.439,134.87,-102.32,4.7692,131.06,67.133,0.43189
1382.8,470.59,196.08,490.99,11.269,441.99,561.62,679.88,427.31,82.913,686.69,188.74,222
4.6681e-05,-6.052e-05,-0.00026391,0.00014563,0.00082987,-0.00012552,-3.1745e-05,-0.00010637,1.9961e-05,0.001193,-0.00010296,8.5762e-05,-0.00032759
-6.052e-05,0.001838,-0.0012774,-0.00034937,0.01516,-0.00031915,0.0089124,-0.0043093,-0.0039877,0.0018191,0.00064809,-0.0030959,-0.00099666
-0.00026391,-0.0012774,0.0046198,-0.00079925,-0.025334,0.0013606,-0.011032,0.0064095,0.0050364,-0.0095597,-0.00028138,0.0022489,0.0042707
0.00014563,-0.00034937,-0.00079925,0.00092829,-0.0042811,-0.0010333,-0.0014676,-6.6678e-05,0.00096348,0.0060497,-0.0007128,0.0019389,-0.0015181
0.00082987,0.01516,-0.025334,-0.0042811,0.77712,-0.010016,0.10749,-0.056559,-0.046503,0.064319,0.0067652,-0.065669,-0.014691
-0.00012552,-0.00031915,0.0013606,-0.0010333,-0.010016,0.33568,-0.0016761,-0.33112,0.33321,-0.011879,0.0010712,-0.0016974,0.0023856
-3.1745e-05,0.0089124,-0.011032,-0.0014676,0.10749,-0.0016761,0.056742,-0.028142,-0.026433,0.014915,0.0040933,-0.019675,-0.0097308
-0.00010637,-0.0043093,0.0064095,-6.6678e-05,-0.056559,-0.33112,-0.028142,0.34822,-0.32067,-0.014447,-0.0013366,0.008166,0.0064571
1.9961e-05,-0.0039877,0.0050364,0.00096348,-0.046503,0.33321,-0.026433,-0.32067,0.3461,-0.0026017,-0.0023988,0.0098496,0.0040706
0.001193,0.0018191,-0.0095597,0.0060497,0.064319,-0.011879,0.014915,-0.014447,-0.0026017,0.11216,-0.010613,-0.0060925,-0.018932
-0.00010296,0.00064809,-0.00028138,-0.0007128,0.0067652,0.0010712,0.0040933,-0.0013366,-0.0023988,-0.010613,0.0016547,-0.0013605,0.00091552
8.5762e-05,-0.0030959,0.0022489,0.0019389,-0.065669,-0.0016974,-0.019675,0.008166,0.0098496,-0.0060925,-0.0013605,0.015426,0.0013858
-0.00032759,-0.00099666,0.0042707,-0.0015181,-0.014691,0.0023856,-0.0097308,0.0064571,0.0040706,-0.018932,0.00091552,0.0013858,0.006067
82.734,82.734,82.734,82.734,82.734,82.734,82.734,82.734,82.734,82.734,82.734,82.734,82.734
