170.01,0.62694,0.75794,0.81248,0.00042117,0.095692,0.71239,0.7636,0.66791,0.62722,0.61041,0.28238,0.99568
0.65934,0.062241,0.31765,0.37682,5.8686e-06,0.016277,0.54896,0.61695,0.47973,0.040051,0.17637,0.06085,0.94861
341.82,0.98802,0.99216,3.816,0.0044931,0.24052,1.0217,1.03,1.0138,1.8536,1.2445,0.57375,0.99994
0.00011286,0.0025049,-0.0048627,-0.00049174,-0.00084917,0.011235,0.0092125,-0.00098888,-0.012225,0.0037074,-0.0092448,-0.017868,0.0021703
0.0025049,16.115,3.9757,0.01205,-0.30689,5.0434,7.4415,-3.1424,-8.1864,-1.5134,0.74059,6.8014,-2.6038
-0.0048627,3.9757,36.1,0.78068,0.0048223,-4.5151,-1.1962,-9.3973,-4.8825,-1.9692,6.7264,-10.315,-1.4828
-0.00049174,0.01205,0.78068,2.9762,0.013434,2.1509,0.71851,1.8239,-0.32706,0.56518,-2.5901,3.1318,-0.4611
-0.00084917,-0.30689,0.0048223,0.013434,999.79,-5.8837,0.58938,-3.3654,2.5183,0.67171,-0.97311,0.30129,0.85592
0.011235,5.0434,-4.5151,2.1509,-5.8837,527.22,36.825,-245.61,227.18,-5.1672,-26.294,17.811,47.316
0.0092125,7.4415,-1.1962,0.71851,0.58938,36.825,606.62,-271.24,-308.06,-10.744,7.3931,24.694,-0.071233
-0.00098888,-3.1424,-9.3973,1.8239,-3.3654,-245.61,-271.24,539.94,-214.45,2.8383,-18.088,7.7043,23.569
-0.012225,-8.1864,-4.8825,-0.32706,2.5183,227.18,-308.06,-214.45,558.37,8.0046,8.2074,-10.105,-23.747
0.0037074,-1.5134,-1.9692,0.56518,0.67171,-5.1672,-10.744,2.8383,8.0046,49.632,-50.968,-88.962,-9.2546
-0.0092448,0.74059,6.7264,-2.5901,-0.97311,-26.294,7.3931,-18.088,8.2074,-50.968,82.779,50.296,8.5401
-0.017868,6.8014,-10.315,3.1318,0.30129,17.811,24.694,7.7043,-10.105,-88.962,50.296,308.12,-8.9069
0.0021703,-2.6038,-1.4828,-0.4611,0.85592,47.316,-0.071233,23.569,-23.747,-9.2546,8.5401,-8.9069,965.08
