197.01,0.59154,0.56716,0.6288,0.012477,0.42879,0.92148,1.1361,0.7073,0.052835
10.909,0.37391,0.31765,0.44849,0.0097409,0.40674,0.88306,1.0827,0.66661,0.045192
330,0.89071,0.74118,0.84092,0.014157,0.46014,0.9933,1.224,0.7905,0.064104
0.00023155,-0.043818,-0.055323,-0.069386,-0.07663,-0.71141,-0.0079843,-0.14259,0.56858,0.11248
-0.043818,83.04,-76.753,144.91,-1.3991,311.55,49.67,17.002,-294.59,-276
-0.055323,-76.753,212.59,-236.99,56.352,-20.651,-20.488,63.325,84.21,482.92
-0.069386,144.91,-236.99,449.34,-49.223,447.08,-60.207,-55.743,-503,-900.72
-0.07663,-1.3991,56.352,-49.223,9985.6,-87.88,-21.423,-5.3347,82.595,-83.074
-0.71141,311.55,-20.651,447.08,-87.88,6990.1,102.12,-2340.4,669.94,-1213.6
-0.0079843,49.67,-20.488,-60.207,-21.423,102.12,6336.2,-2826.1,-2928.1,600.11
-0.14259,17.002,63.325,-55.743,-5.3347,-2340.4,-2826.1,5178.6,-2480.9,-241.3
0.56858,-294.59,84.21,-503,82.595,669.94,-2928.1,-2480.9,6848.8,972.54
0.11248,-276,482.92,-900.72,-83.074,-1213.6,600.11,-241.3,972.54,9104.9
