131.41,68.427,38.675,47.26,4.391,62.415,63.198,1.7056,0.52688,0.44469,5.8819,64.217,1.2919,1.4661,9.7552,10.148,24.831,6.3498,-281.5,227.32,227.32,227.32,0.0035434,-284.72,-49524,-147.45,31.372
997.22,922.7,378.26,368.5,397.97,855.32,292.26,841.57,766.14,101.33,997.81,999.93,999.85,954.87,980.08,999.67,996.71,996.7,16.693,804.11,804.11,804.11,4.2396,207.28,3.4e+05,-6.5269,549.02
0.21928,-0.19929,-0.048545,-0.066802,-0.01154,-0.014679,0.016166,0.017742,0.015928,-0.035067,-0.024889,-0.013447,-0.040484,0.024762,0.030426,-0.03813,0.020283,0.033197,-0.0035172,0.00031951,0.00031951,0.00031951,-0.011737,0.001314,-1.9676e-08,0.011644,-0.0059855
-0.19929,0.18925,0.0488,0.05995,0.0092213,0.011155,-0.018437,-0.019823,-0.019914,0.035658,0.031796,0.020834,0.047092,-0.028251,-0.034104,0.041985,-0.026781,-0.038823,0.0022279,-8.23e-05,-8.23e-05,-8.23e-05,0.009449,-0.0023999,8.528e-09,-0.010214,0.0054282
-0.048545,0.0488,0.033497,-0.0054558,-0.00046433,1.6795e-05,-0.0028401,-0.0045357,-0.0041572,0.010018,0.012137,0.0090335,0.015926,-0.0043386,-0.0070343,0.0077139,-0.010499,-0.013563,-0.0042155,-0.00043799,-0.00043799,-0.00043799,-0.0015068,-0.00011911,-5.5871e-07,0.0041988,0.0017788
-0.066802,0.05995,-0.0054558,0.051302,0.011191,0.014791,-0.014363,-0.013596,-0.016285,0.012013,0.013558,0.013291,0.021557,-0.018851,-0.01794,0.023015,-0.015797,-0.016291,0.005559,0.00038323,0.00038323,0.00038323,-0.0030406,-0.0028223,2.4187e-08,-0.011645,0.0015831
-0.01154,0.0092213,-0.00046433,0.011191,0.0051175,0.0069391,-0.0058505,-0.005303,-0.0065106,0.0021518,0.0021167,0.002966,0.0044358,-0.004683,-0.0038736,0.005287,-0.0037711,-0.0029722,0.00065239,0.00015346,0.00015346,0.00015346,-0.0055475,-0.00081624,-2.577e-07,-0.0021506,0.00014551
-0.014679,0.011155,1.6795e-05,0.014791,0.0069391,0.010843,-0.007915,-0.0078973,-0.0097884,0.0024451,0.0050081,0.00561,0.0084624,-0.0063683,-0.0058913,0.0077424,-0.0067068,-0.0060224,0.00070943,0.00024732,0.00024732,0.00024732,-0.0069958,-0.0011982,-4.4179e-07,-0.0024902,0.00013687
0.016166,-0.018437,-0.0028401,-0.014363,-0.0058505,-0.007915,0.011258,0.0096401,0.012458,-0.0045613,-0.0080436,-0.0078805,-0.01151,0.0095948,0.0094747,-0.011841,0.008825,0.0089429,-0.0001418,-0.00036457,-0.00036457,-0.00036457,0.0072701,0.0022053,3.6185e-07,0.0024915,-4.86e-05
0.017742,-0.019823,-0.0045357,-0.013596,-0.005303,-0.0078973,0.0096401,0.0097336,0.012272,-0.0051575,-0.01039,-0.010381,-0.014543,0.0095063,0.0095735,-0.011856,0.011417,0.011289,4.1149e-05,-0.00032314,-0.00032314,-0.00032314,0.0064772,0.0017849,3.7411e-07,0.0020247,-0.00021164
0.015928,-0.019914,-0.0041572,-0.016285,-0.0065106,-0.0097884,0.012458,0.012272,0.016119,-0.0063258,-0.014347,-0.014639,-0.019256,0.012636,0.01269,-0.015538,0.015627,0.014965,4.0065e-05,-0.00045242,-0.00045242,-0.00045242,0.0092604,0.002546,5.0408e-07,0.0025659,-0.00014104
-0.035067,0.035658,0.010018,0.012013,0.0021518,0.0024451,-0.0045613,-0.0051575,-0.0063258,0.012718,0.013923,0.014176,0.017653,-0.01152,-0.011364,0.01386,-0.014416,-0.014098,0.00049202,8.6331e-05,8.6331e-05,8.6331e-05,0.0043474,-0.0011431,-7.9011e-08,-0.0028568,0.0012778
-0.024889,0.031796,0.012137,0.013558,0.0021167,0.0050081,-0.0080436,-0.01039,-0.014347,0.013923,0.042913,0.037657,0.048564,-0.021747,-0.027366,0.030246,-0.037528,-0.041179,-0.00063737,0.0001743,0.0001743,0.0001743,0.019107,-0.0028724,-6.7991e-07,-0.0013986,0.00083032
-0.013447,0.020834,0.0090335,0.013291,0.002966,0.00561,-0.0078805,-0.010381,-0.014639,0.014176,0.037657,0.04168,0.04468,-0.022976,-0.022082,0.025583,-0.040916,-0.035852,-0.00090713,0.00018685,0.00018685,0.00018685,0.022545,-0.0029556,-6.8972e-07,-0.001615,0.0015639
-0.040484,0.047092,0.015926,0.021557,0.0044358,0.0084624,-0.01151,-0.014543,-0.019256,0.017653,0.048564,0.04468,0.057453,-0.02654,-0.031326,0.035508,-0.045338,-0.047714,-0.00055172,0.00024598,0.00024598,0.00024598,0.02564,-0.0033745,-8.5702e-07,-0.0024807,0.001516
0.024762,-0.028251,-0.0043386,-0.018851,-0.004683,-0.0063683,0.0095948,0.0095063,0.012636,-0.01152,-0.021747,-0.022976,-0.02654,0.018935,0.018211,-0.022043,0.022742,0.021187,-0.00039345,-0.0002887,-0.0002887,-0.0002887,-0.0038988,0.0028114,2.1014e-07,0.0041385,-0.001043
0.030426,-0.034104,-0.0070343,-0.01794,-0.0038736,-0.0058913,0.0094747,0.0095735,0.01269,-0.011364,-0.027366,-0.022082,-0.031326,0.018211,0.022406,-0.025634,0.022268,0.026649,-0.00042134,-0.00027109,-0.00027109,-0.00027109,-0.0043543,0.0027515,2.6159e-07,0.0034923,-0.00054766
-0.03813,0.041985,0.0077139,0.023015,0.005287,0.0077424,-0.011841,-0.011856,-0.015538,0.01386,0.030246,0.025583,0.035508,-0.022043,-0.025634,0.029953,-0.025837,-0.029674,0.00060378,0.00036625,0.00036625,0.00036625,0.0056849,-0.003258,-2.7387e-07,-0.0047475,0.00082316
0.020283,-0.026781,-0.010499,-0.015797,-0.0037711,-0.0067068,0.008825,0.011417,0.015627,-0.014416,-0.037528,-0.040916,-0.045338,0.022742,0.022268,-0.025837,0.040796,0.03639,0.00076945,-0.00018459,-0.00018459,-0.00018459,-0.02153,0.0028998,7.3775e-07,0.0017634,-0.0016664
0.033197,-0.038823,-0.013563,-0.016291,-0.0029722,-0.0060224,0.0089429,0.011289,0.014965,-0.014098,-0.041179,-0.035852,-0.047714,0.021187,0.026649,-0.029674,0.03639,0.040346,0.00050145,-0.00016892,-0.00016892,-0.00016892,-0.018705,0.0027347,6.9648e-07,0.0016317,-0.0010103
-0.0035172,0.0022279,-0.0042155,0.005559,0.00065239,0.00070943,-0.0001418,4.1149e-05,4.0065e-05,0.00049202,-0.00063737,-0.00090713,-0.00055172,-0.00039345,-0.00042134,0.00060378,0.00076945,0.00050145,0.0016923,7.3957e-05,7.3957e-05,7.3957e-05,0.00038477,-5.2465e-05,1.0969e-07,-0.0017992,-4.2683e-05
0.00031951,-8.23e-05,-0.00043799,0.00038323,0.00015346,0.00024732,-0.00036457,-0.00032314,-0.00045242,8.6331e-05,0.0001743,0.00018685,0.00024598,-0.0002887,-0.00027109,0.00036625,-0.00018459,-0.00016892,7.3957e-05,0.66672,-0.33328,-0.33328,6.9083e-05,-7.8294e-05,1.0696e-08,-0.00013631,-3.6495e-05
0.00031951,-8.23e-05,-0.00043799,0.00038323,0.00015346,0.00024732,-0.00036457,-0.00032314,-0.00045242,8.6331e-05,0.0001743,0.00018685,0.00024598,-0.0002887,-0.00027109,0.00036625,-0.00018459,-0.00016892,7.3957e-05,-0.33328,0.66672,-0.33328,6.9083e-05,-7.8294e-05,1.0696e-08,-0.00013631,-3.6495e-05
0.00031951,-8.23e-05,-0.00043799,0.00038323,0.00015346,0.00024732,-0.00036457,-0.00032314,-0.00045242,8.6331e-05,0.0001743,0.00018685,0.00024598,-0.0002887,-0.00027109,0.00036625,-0.00018459,-0.00016892,7.3957e-05,-0.33328,-0.33328,0.66672,6.9083e-05,-7.8294e-05,1.0696e-08,-0.00013631,-3.6495e-05
-0.011737,0.009449,-0.0015068,-0.0030406,-0.0055475,-0.0069958,0.0072701,0.0064772,0.0092604,0.0043474,0.019107,0.022545,0.02564,-0.0038988,-0.0043543,0.0056849,-0.02153,-0.018705,0.00038477,6.9083e-05,6.9083e-05,6.9083e-05,0.99474,0.00073735,3.2529e-07,-0.0019126,-0.00013774
0.001314,-0.0023999,-0.00011911,-0.0028223,-0.00081624,-0.0011982,0.0022053,0.0017849,0.002546,-0.0011431,-0.0028724,-0.0029556,-0.0033745,0.0028114,0.0027515,-0.003258,0.0028998,0.0027347,-5.2465e-05,-7.8294e-05,-7.8294e-05,-7.8294e-05,0.00073735,0.00078139,3.27e-08,0.00063082,-6.3141e-05
-1.9676e-08,8.528e-09,-5.5871e-07,2.4187e-08,-2.577e-07,-4.4179e-07,3.6185e-07,3.7411e-07,5.0408e-07,-7.9011e-08,-6.7991e-07,-6.8972e-07,-8.5702e-07,2.1014e-07,2.6159e-07,-2.7387e-07,7.3775e-07,6.9648e-07,1.0969e-07,1.0696e-08,1.0696e-08,1.0696e-08,3.2529e-07,3.27e-08,1.0932e-10,-1.1549e-07,3.981e-08
0.011644,-0.010214,0.0041988,-0.011645,-0.0021506,-0.0024902,0.0024915,0.0020247,0.0025659,-0.0028568,-0.0013986,-0.001615,-0.0024807,0.0041385,0.0034923,-0.0047475,0.0017634,0.0016317,-0.0017992,-0.00013631,-0.00013631,-0.00013631,-0.0019126,0.00063082,-1.1549e-07,0.0046461,-6.4357e-05
-0.0059855,0.0054282,0.0017788,0.0015831,0.00014551,0.00013687,-4.86e-05,-0.00021164,-0.00014104,0.0012778,0.00083032,0.0015639,0.001516,-0.001043,-0.00054766,0.00082316,-0.0016664,-0.0010103,-4.2683e-05,-3.6495e-05,-3.6495e-05,-3.6495e-05,-0.00013774,-6.3141e-05,3.981e-08,-6.4357e-05,0.00056912
193.45,193.45,193.45,193.45,193.45,193.45,193.45,193.45,193.45,193.45,193.45,193.45,193.45,193.45,193.45,193.45,193.45,193.45,193.45,193.45,193.45,193.45,193.45,193.45,193.45,193.45,193.45
380.43,345.12,144.7,151.46,148.54,293.37,170.92,115.24,273.06,21.598,835.75,366.48,887.32,127.46,195.15,257.6,312.96,754.42,-52.962,462.28,462.28,462.28,0.16729,-62.966,1.356e+05,-62.664,289.44
1,1,1,1,1,1,1,1,1,1,1,1,1,1,1,1,1,1,1,1,1,1,1,1,1,1,1
