231.65,223.7,-43.408,169.26,131.64,55.46,132.9,146.76,63.999,65.122,830.11,284.18,983.9,94.925,124.6,143.57,277.96,820.23,-601.75,526.3,526.3,526.3,0.016867,89.284,-25176,-60.989,-152.29,309.17,168.02,253.78,261.74,77.48,125.05,134.98,90.844,225.31,56.765,349.02,801.27,621.87,481.58,196.9,530.52,470.38,212.67,-74.958,594.96,594.96,594.96,0.63964,59.622,-78512,-148.7,-105.23
184.09,168.42,-85.287,152.69,23.574,19.805,39.507,40.16,4.3277,45.2,110.42,12.854,960.72,46.206,19.773,21.976,23.644,103.69,-938.96,329.06,329.06,329.06,0.003265,60.047,-1.6345e+05,-304.98,-525.49,178.39,51.432,169.78,171.84,23.166,41.919,44.463,14.151,23.465,7.1662,34.26,83.665,5.1953,49.855,21.84,48.033,20.405,12.328,-215.92,416.99,416.99,416.99,0.0036114,-17.183,-2.2932e+05,-580.06,-533.33
298.88,298.78,7.715,194.36,226.19,93.802,235.12,194.84,175.26,96.674,997.79,992.67,998.74,150.87,255.32,265.24,986.97,998.62,-413.19,887.7,887.7,887.7,0.054419,108.13,1.186e+05,321.03,231.37,577.31,285.37,501.85,501.5,196.55,272.63,265.77,183.83,512.06,112.5,990.12,998.05,997.49,988.58,646.59,999.34,998.17,985.25,0.54264,1005.8,1005.8,1005.8,3.6834,134.22,27099,464.65,266.67
0.99751,-0.0027238,-0.0015605,-0.00053612,-0.0036316,0.00050779,-0.003833,-0.0013334,0.0016244,0.00071645,-0.0075255,0.0064436,2.9287e-05,0.0008992,0.0004022,0.00070382,0.0067912,-0.007431,0.0096502,-0.0099565,-0.0099565,-0.0099565,-2.3101e-07,0.00030991,0.00021202,-0.0074995,-0.011321,-0.0072984,-0.003681,-0.0063613,-0.0058561,-0.0020955,-0.0035993,-0.0046324,0.0025859,-0.0074157,0.0016871,0.0071141,-0.0075847,0.016791,-0.010785,-1.553e-05,-0.010834,0.0087775,0.0093869,-0.00075344,-0.010986,-0.010986,-0.010986,-7.0253e-05,0.0023772,-0.0001008,-0.016208,-0.00030068
-0.0027238,0.997,-0.0018812,-0.00059541,-0.0039933,0.00072777,-0.0042082,-0.0013769,0.0019009,0.00076192,-0.0073082,0.0067408,2.9531e-05,0.0010515,0.00051584,0.00085996,0.0071225,-0.007195,0.010362,-0.011151,-0.011151,-0.011151,-1.5839e-07,0.00028209,0.00014344,-0.0077004,-0.013169,-0.0082112,-0.0040009,-0.0072789,-0.0066435,-0.0024646,-0.0038369,-0.0051873,0.0030739,-0.0083931,0.0017472,0.0078471,-0.0076586,0.016749,-0.011376,0.0013127,-0.010887,0.0092468,0.008885,-0.0012233,-0.012409,-0.012409,-0.012409,-7.9417e-05,0.0029353,-1.2786e-06,-0.020565,-0.0016984
-0.0015605,-0.0018812,0.99762,-0.00041449,-0.0024625,0.0017018,-0.0024933,-0.00044592,0.0022762,0.00021986,0.0013324,0.0031305,1.9531e-05,0.0012242,0.00062248,0.0010553,0.0033498,0.0014899,0.0043605,-0.0083673,-0.0083673,-0.0083673,5.3633e-07,-0.00030403,-0.00023318,-0.000357,-0.013901,-0.0063859,-0.0020725,-0.006576,-0.0055702,-0.0028758,-0.00127,-0.0038011,0.0039224,-0.0072074,0.00030992,0.0069131,-0.0011691,-0.0038567,-0.0024102,0.011427,0.0021911,-4.8601e-05,-0.0039379,-0.0037976,-0.010059,-0.010059,-0.010059,-6.2461e-05,0.0041781,0.00036141,-0.032183,-0.0099013
-0.00053612,-0.00059541,-0.00041449,0.99988,-0.00079453,0.00018566,-0.00082359,-0.0003111,0.00046421,0.00013211,-0.0015202,0.0016051,1.0018e-05,0.00025001,6.583e-05,0.0001666,0.0016783,-0.001491,0.0019603,-0.0022666,-0.0022666,-0.0022666,-2.5257e-08,3.1946e-05,0.00015228,-0.0013205,-0.0028974,-0.0016671,-0.00077362,-0.0015142,-0.0013632,-0.00056783,-0.00068837,-0.0010344,0.00074091,-0.0017885,0.00032881,0.0019992,-0.0016986,0.002577,-0.0019111,0.00076045,-0.0016188,0.0011142,0.0016976,-0.0003667,-0.0025441,-0.0025441,-0.0025441,-1.5749e-05,0.00065977,-0.00026938,-0.0045761,-0.00037959
-0.0036316,-0.0039933,-0.0024625,-0.00079453,0.99467,0.00092175,-0.0055847,-0.0020136,0.0026528,0.00098932,-0.010802,0.0099875,5.2628e-05,0.0014498,0.00052559,0.0010564,0.01049,-0.010643,0.013788,-0.014812,-0.014812,-0.014812,-2.8186e-07,0.00036781,-9.2278e-05,-0.010225,-0.017619,-0.010869,-0.0053227,-0.0096193,-0.0087817,-0.0033407,-0.0050359,-0.0068406,0.0042222,-0.011282,0.0023805,0.011572,-0.011289,0.021964,-0.014715,0.0018211,-0.014056,0.010837,0.012983,-0.0015884,-0.016445,-0.016445,-0.016445,-0.00010382,0.0038168,0.00042749,-0.026175,-0.0011281
0.00050779,0.00072777,0.0017018,0.00018566,0.00092175,0.99853,0.00087829,-0.00015862,-0.0015236,6.9565e-05,-0.0046619,-0.00014391,-3.328e-06,-0.00081357,-0.00048944,-0.00076796,-0.00021808,-0.0047745,-0.00033226,0.0041201,0.0041201,0.0041201,-6.3685e-07,0.00041994,0.00031501,-0.0026902,0.0089249,0.0032772,0.00052587,0.0038455,0.0030681,0.0019346,-0.00020338,0.0018418,-0.0027352,0.0039812,0.00039878,-0.0035259,-0.0022538,0.010482,-0.0019077,-0.011121,-0.0064101,0.0031903,0.0079806,0.0034065,0.0053623,0.0053623,0.0053623,3.2888e-05,-0.0031324,-0.00027319,0.025126,0.0098518
-0.003833,-0.0042082,-0.0024933,-0.00082359,-0.0055847,0.00087829,0.99405,-0.0017103,0.0022765,0.0011526,-0.0095409,0.008,1.9801e-05,0.0012931,0.00093028,0.001257,0.0085475,-0.0094117,0.014901,-0.015434,-0.015434,-0.015434,-2.1781e-07,0.000492,1.2198e-06,-0.011613,-0.01732,-0.011388,-0.0056886,-0.0099601,-0.009163,-0.003124,-0.0056915,-0.0072778,0.0037471,-0.011243,0.002497,0.0088273,-0.0096003,0.026518,-0.017466,-0.00013591,-0.017542,0.01636,0.012246,-0.0012485,-0.017106,-0.017106,-0.017106,-0.00011213,0.0038501,0.00031731,-0.027381,-0.0026679
-0.0013334,-0.0013769,-0.00044592,-0.0003111,-0.0020136,-0.00015862,-0.0017103,0.99695,0.0026741,-1.0448e-05,-0.017325,0.016801,0.0001943,0.0012396,-0.001912,-0.00073785,0.016899,-0.017142,0.0045208,-0.0049421,-0.0049421,-0.0049421,-9.694e-07,-2.928e-05,5.2085e-05,-0.0027326,-0.0080142,-0.0031412,-0.0017685,-0.0026792,-0.0024227,-0.0021175,-0.00068218,-0.0016016,0.0034391,-0.0056347,0.0014702,0.019201,-0.018024,0.001646,0.0010962,0.0028419,0.0019123,-0.01638,0.018762,-0.0003769,-0.0050669,-0.0050669,-0.0050669,-1.2705e-05,0.00040926,-0.00011108,0.0044964,0.01361
0.0016244,0.0019009,0.0022762,0.00046421,0.0026528,-0.0015236,0.0022765,0.0026741,0.99574,0.00017925,0.010715,-0.016036,-0.0001929,-0.0020863,0.0013606,-9.6969e-05,-0.01618,0.010411,-0.0037113,0.0085928,0.0085928,0.0085928,1.7555e-07,0.00056527,0.00035624,-0.0013926,0.017181,0.0061273,0.0019337,0.0064577,0.0053407,0.004144,9.6888e-07,0.0032176,-0.0063453,0.0094194,-0.00077927,-0.022352,0.014262,0.012846,-0.0046499,-0.016032,-0.010814,0.021071,-0.007971,0.0043305,0.010069,0.010069,0.010069,4.321e-05,-0.0038415,-0.00036488,0.023453,-0.0018095
0.00071645,0.00076192,0.00021986,0.00013211,0.00098932,6.9565e-05,0.0011526,-1.0448e-05,0.00017925,0.99966,0.00076569,0.00068592,2.8494e-05,4.1862e-05,-0.00047079,-0.00029629,0.00056831,0.00078733,-0.003279,0.0024765,0.0024765,0.0024765,4.2666e-08,-0.00023857,-0.00028081,0.0033742,0.0013617,0.0018587,0.0011517,0.0014103,0.0014135,5.5377e-05,0.0015071,0.0013154,0.000183,0.0012296,-0.00053321,0.0016498,0.0001046,-0.0094939,0.0054655,0.0031005,0.0066697,-0.0080672,-0.0020393,-0.00050809,0.0026306,0.0026306,0.0026306,2.127e-05,-0.00027059,0.00031066,0.0025274,0.00077738
-0.0075255,-0.0073082,0.0013324,-0.0015202,-0.010802,-0.0046619,-0.0095409,-0.017325,0.010715,0.00076569,0.8907,0.091629,0.0010161,0.0047782,-0.010928,-0.0054375,0.09222,-0.10861,0.030614,-0.021979,-0.021979,-0.021979,-7.0498e-06,0.0013437,-0.00021583,-0.028389,-0.024924,-0.012881,-0.01074,-0.0080343,-0.0085503,-0.0070532,-0.0072077,-0.0068547,0.011939,-0.023762,0.010187,0.094679,-0.10592,0.053572,-0.0092317,-0.017884,-0.01823,-0.067446,0.128,0.0073656,-0.019878,-0.019878,-0.019878,-2.9805e-05,-0.0049997,0.00051383,0.082614,0.098593
0.0064436,0.0067408,0.0031305,0.0016051,0.0099875,-0.00014391,0.008,0.016801,-0.016036,0.00068592,0.091629,0.9058,-0.0011262,-0.0074277,0.011091,0.0041234,-0.094586,0.090508,-0.01952,0.025568,0.025568,0.025568,4.8958e-06,0.00083336,0.0013497,0.0076095,0.047439,0.016162,0.0081077,0.014733,0.012832,0.012803,0.0010351,0.0077084,-0.021017,0.031476,-0.0069612,-0.11122,0.098121,0.013795,-0.016706,-0.027923,-0.026072,0.10654,-0.095332,0.0050572,0.026754,0.026754,0.026754,5.3573e-05,-0.0037174,-0.0010175,-0.013822,-0.070567
2.9287e-05,2.9531e-05,1.9531e-05,1.0018e-05,5.2628e-05,-3.328e-06,1.9801e-05,0.0001943,-0.0001929,2.8494e-05,0.0010161,-0.0011262,0.99999,-8.6591e-05,0.0001575,6.7083e-05,-0.0011233,0.001002,-2.2758e-05,0.00013492,0.00013492,0.00013492,5.4849e-08,2.3481e-05,-1.2375e-05,-0.00011485,0.00044661,6.6089e-05,2.1723e-05,7.6129e-05,5.5436e-05,0.00014056,-8.0235e-05,4.7347e-06,-0.00024828,0.0002797,-4.8098e-05,-0.0013752,0.0011271,0.00072294,-0.00052428,-0.00049191,-0.00069799,0.0017159,-0.00098638,8.3314e-05,0.00013688,0.00013688,0.00013688,-7.4805e-07,-2.0614e-05,-0.00012361,-0.00035895,-0.00087741
0.0008992,0.0010515,0.0012242,0.00025001,0.0014498,-0.00081357,0.0012931,0.0012396,-0.0020863,4.1862e-05,0.0047782,-0.0074277,-8.6591e-05,0.99897,0.0005349,-0.0001445,-0.0075172,0.0046303,-0.0022222,0.0046802,0.0046802,0.0046802,4.0851e-08,0.000263,-0.0001151,-0.00038198,0.0089085,0.0033756,0.0011059,0.0035105,0.0029294,0.0020939,0.00019557,0.0018288,-0.0031522,0.0048829,-0.00040988,-0.010506,0.0065278,0.0054767,-0.0015602,-0.0079104,-0.0046168,0.008984,-0.0034227,0.0022128,0.0054863,0.0054863,0.0054863,2.5678e-05,-0.002072,0.0003664,0.01322,-4.2159e-06
0.0004022,0.00051584,0.00062248,6.583e-05,0.00052559,-0.00048944,0.00093028,-0.001912,0.0013606,-0.00047079,-0.010928,0.011091,0.0001575,0.0005349,0.998,-0.0011334,0.010955,-0.010824,-0.0021248,0.0019866,0.0019866,0.0019866,-7.3851e-07,-0.00022117,0.00010074,0.0023237,0.00013787,0.0018964,0.00077502,0.0017185,0.0016159,-0.00054669,0.0016995,0.0015563,0.0014197,-0.00028213,0.00025111,0.012795,-0.011495,-0.0092046,0.007925,0.0024515,0.0086416,-0.020487,0.011073,0.00018609,0.002553,0.002553,0.002553,3.4184e-05,-0.0012003,0.00060868,0.014843,0.012666
0.00070382,0.00085996,0.0010553,0.0001666,0.0010564,-0.00076796,0.001257,-0.00073785,-9.6969e-05,-0.00029629,-0.0054375,0.0041234,6.7083e-05,-0.0001445,-0.0011334,0.99913,0.0039877,-0.0054394,-0.0024621,0.0036589,0.0036589,0.0036589,-5.1036e-07,-1.0916e-05,0.00019006,0.0012753,0.0045487,0.0029667,0.0010508,0.0029336,0.0025646,0.00066989,0.0012294,0.0019681,-0.00059665,0.0022096,2.0352e-06,0.0037231,-0.0049157,-0.0032593,0.0045661,-0.0024445,0.003456,-0.0096342,0.0063035,0.0012873,0.0044652,0.0044652,0.0044652,3.63e-05,-0.0018969,0.00060306,0.0172,0.0090202
0.0067912,0.0071225,0.0033498,0.0016783,0.01049,-0.00021808,0.0085475,0.016899,-0.01618,0.00056831,0.09222,-0.094586,-0.0011233,-0.0075172,0.010955,0.0039877,0.90497,0.091092,-0.020909,0.026952,0.026952,0.026952,4.9017e-06,0.00077761,0.0012609,0.0087487,0.048877,0.017193,0.0086317,0.015624,0.013658,0.013041,0.0015958,0.0083806,-0.021275,0.032421,-0.0071819,-0.11159,0.09867,0.011025,-0.01489,-0.027698,-0.024172,0.10444,-0.096202,0.0051309,0.028288,0.028288,0.028288,6.417e-05,-0.0040567,-0.0010664,-0.011261,-0.070083
-0.007431,-0.007195,0.0014899,-0.001491,-0.010643,-0.0047745,-0.0094117,-0.017142,0.010411,0.00078733,-0.10861,0.090508,0.001002,0.0046303,-0.010824,-0.0054394,0.091092,0.89207,0.030446,-0.021438,-0.021438,-0.021438,-7.0414e-06,0.0013907,-0.00025612,-0.028586,-0.023743,-0.012497,-0.010636,-0.0076125,-0.0082085,-0.0067619,-0.0072489,-0.0066612,0.011487,-0.023131,0.010149,0.093084,-0.10495,0.054752,-0.0097058,-0.019114,-0.019178,-0.065768,0.12754,0.0076909,-0.019235,-0.019235,-0.019235,-2.7271e-05,-0.0052694,0.00044391,0.084261,0.098488
0.0096502,0.010362,0.0043605,0.0019603,0.013788,-0.00033226,0.014901,0.0045208,-0.0037113,-0.003279,0.030614,-0.01952,-2.2758e-05,-0.0022222,-0.0021248,-0.0024621,-0.020909,0.030446,0.96003,0.035928,0.035928,0.035928,1.3838e-06,-0.0019646,-0.00072346,0.035508,0.033788,0.026239,0.014678,0.021549,0.020506,0.0055329,0.015886,0.017187,-0.0059162,0.02448,-0.007254,-0.016602,0.027215,-0.087958,0.051036,0.016777,0.057841,-0.051952,-0.042651,-0.0015144,0.038733,0.038733,0.038733,0.00025999,-0.0060468,0.00093618,0.039922,-0.004951
-0.0099565,-0.011151,-0.0083673,-0.0022666,-0.014812,0.0041201,-0.015434,-0.0049421,0.0085928,0.0024765,-0.021979,0.025568,0.00013492,0.0046802,0.0019866,0.0036589,0.026952,-0.021438,0.035928,0.95695,-0.043046,-0.043046,4.7945e-08,0.00045478,0.00017465,-0.023187,-0.055911,-0.031899,-0.014338,-0.029352,-0.026273,-0.010872,-0.012762,-0.019823,0.014066,-0.033738,0.0056465,0.033607,-0.026068,0.044346,-0.035808,0.017791,-0.028801,0.024656,0.023657,-0.0081265,-0.048734,-0.048734,-0.048734,-0.000307,0.013563,-0.00035751,-0.097503,-0.014904
-0.0099565,-0.011151,-0.0083673,-0.0022666,-0.014812,0.0041201,-0.015434,-0.0049421,0.0085928,0.0024765,-0.021979,0.025568,0.00013492,0.0046802,0.0019866,0.0036589,0.026952,-0.021438,0.035928,-0.043046,0.95695,-0.043046,4.7945e-08,0.00045478,0.00017465,-0.023187,-0.055911,-0.031899,-0.014338,-0.029352,-0.026273,-0.010872,-0.012762,-0.019823,0.014066,-0.033738,0.0056465,0.033607,-0.026068,0.044346,-0.035808,0.017791,-0.028801,0.024656,0.023657,-0.0081265,-0.048734,-0.048734,-0.048734,-0.000307,0.013563,-0.00035751,-0.097503,-0.014904
-0.0099565,-0.011151,-0.0083673,-0.0022666,-0.014812,0.0041201,-0.015434,-0.0049421,0.0085928,0.0024765,-0.021979,0.025568,0.00013492,0.0046802,0.0019866,0.0036589,0.026952,-0.021438,0.035928,-0.043046,-0.043046,0.95695,4.7945e-08,0.00045478,0.00017465,-0.023187,-0.055911,-0.031899,-0.014338,-0.029352,-0.026273,-0.010872,-0.012762,-0.019823,0.014066,-0.033738,0.0056465,0.033607,-0.026068,0.044346,-0.035808,0.017791,-0.028801,0.024656,0.023657,-0.0081265,-0.048734,-0.048734,-0.048734,-0.000307,0.013563,-0.00035751,-0.097503,-0.014904
-2.3101e-07,-1.5839e-07,5.3633e-07,-2.5257e-08,-2.8186e-07,-6.3685e-07,-2.1781e-07,-9.694e-07,1.7555e-07,4.2666e-08,-7.0498e-06,4.8958e-06,5.4849e-08,4.0851e-08,-7.3851e-07,-5.1036e-07,4.9017e-06,-7.0414e-06,1.3838e-06,4.7945e-08,4.7945e-08,4.7945e-08,1,1.7178e-07,3.1062e-07,-2.0659e-06,1.1147e-06,2.7863e-07,-3.759e-07,6.6666e-07,4.3199e-07,1.4152e-07,-3.6365e-07,1.9099e-07,-8.1516e-08,-1.4728e-07,6.2436e-07,4.2063e-06,-6.2598e-06,5.1819e-06,-7.254e-07,-3.7658e-06,-2.3466e-06,-3.1624e-06,8.8709e-06,1.2767e-06,4.9916e-07,4.9916e-07,4.9916e-07,8.246e-09,-1.1162e-06,-3.677e-07,1.1246e-05,7.9402e-06
0.00030991,0.00028209,-0.00030403,3.1946e-05,0.00036781,0.00041994,0.000492,-2.928e-05,0.00056527,-0.00023857,0.0013437,0.00083336,2.3481e-05,0.000263,-0.00022117,-1.0916e-05,0.00077761,0.0013907,-0.0019646,0.00045478,0.00045478,0.00045478,1.7178e-07,0.99974,-3.5659e-07,0.0028432,-0.0015776,0.00030546,0.00058117,-0.00012483,8.3e-05,-0.00050638,0.001024,0.00035237,0.00089628,-0.00033919,-0.00042094,0.0023862,0.00027602,-0.0088771,0.0040906,0.0049539,0.0060557,-0.0064376,-0.003002,-0.0012183,0.00023254,0.00023254,0.00023254,5.1658e-06,0.00063917,-9.3707e-05,-0.0047314,-0.0017479
0.00021202,0.00014344,-0.00023318,0.00015228,-9.2278e-05,0.00031501,1.2198e-06,5.2085e-05,0.00035624,-0.00028081,-0.00021583,0.0013497,-1.2375e-05,-0.0001151,0.00010074,0.00019006,0.0012609,-0.00025612,-0.00072346,0.00017465,0.00017465,0.00017465,3.1062e-07,-3.5659e-07,2.7225e-05,0.0001147,0.0024377,7.8089e-05,-0.00021698,0.00018821,7.8626e-05,0.00016559,-0.00014772,-2.5131e-06,-0.00018057,-1.8804e-05,-0.00018593,0.00028892,-0.00039,-0.00083484,-0.0024034,0.00051902,-0.0020099,-0.00075141,-0.00051938,-0.00027827,0.0003342,0.0003342,0.0003342,1.0916e-06,-0.00025859,-2.4578e-05,-0.00031534,-0.0019918
-0.0074995,-0.0077004,-0.000357,-0.0013205,-0.010225,-0.0026902,-0.011613,-0.0027326,-0.0013926,0.0033742,-0.028389,0.0076095,-0.00011485,-0.00038198,0.0023237,0.0012753,0.0087487,-0.028586,0.035508,-0.023187,-0.023187,-0.023187,-2.0659e-06,0.0028432,0.0001147,0.96124,-0.0087884,-0.016676,-0.012107,-0.011169,-0.011973,0.00010757,-0.015574,-0.011878,-0.0023223,-0.011779,0.0069869,-0.0040705,-0.019452,0.10759,-0.05491,-0.04207,-0.07173,0.068772,0.046314,0.0089968,-0.023209,-0.023209,-0.023209,-0.00017668,-0.0010115,-0.0011902,0.011326,0.016734
-0.011321,-0.013169,-0.013901,-0.0028974,-0.017619,0.0089249,-0.01732,-0.0080142,0.017181,0.0013617,-0.024924,0.047439,0.00044661,0.0089085,0.00013787,0.0045487,0.048877,-0.023743,0.033788,-0.055911,-0.055911,-0.055911,1.1147e-06,-0.0015776,0.0024377,-0.0087884,0.90896,-0.041498,-0.015137,-0.041442,-0.035504,-0.019551,-0.0089762,-0.024322,0.027537,-0.050194,0.0046712,0.071893,-0.03945,-0.01279,-0.014056,0.065665,0.011807,-0.025895,0.014086,-0.021066,-0.065424,-0.065424,-0.065424,-0.00037456,0.02362,-0.00087056,-0.16815,-0.029311
-0.0072984,-0.0082112,-0.0063859,-0.0016671,-0.010869,0.0032772,-0.011388,-0.0031412,0.0061273,0.0018587,-0.012881,0.016162,6.6089e-05,0.0033756,0.0018964,0.0029667,0.017193,-0.012497,0.026239,-0.031899,-0.031899,-0.031899,2.7863e-07,0.00030546,7.8089e-05,-0.016676,-0.041498,0.97624,-0.010517,-0.021982,-0.019634,-0.0079861,-0.0094581,-0.014808,0.010227,-0.024752,0.0039386,0.022109,-0.016071,0.032017,-0.026958,0.013983,-0.021383,0.021252,0.013546,-0.0063886,-0.036282,-0.036282,-0.036282,-0.000232,0.010446,-0.00020007,-0.076731,-0.014713
-0.003681,-0.0040009,-0.0020725,-0.00077362,-0.0053227,0.00052587,-0.0056886,-0.0017685,0.0019337,0.0011517,-0.01074,0.0081077,2.1723e-05,0.0011059,0.00077502,0.0010508,0.0086317,-0.010636,0.014678,-0.014338,-0.014338,-0.014338,-3.759e-07,0.00058117,-0.00021698,-0.012107,-0.015137,-0.010517,0.99449,-0.0089718,-0.0083613,-0.0026658,-0.0056667,-0.0067733,0.0031157,-0.01025,0.0025751,0.0081805,-0.010255,0.028574,-0.017637,-0.0026511,-0.018737,0.016609,0.014192,-0.00045201,-0.015702,-0.015702,-0.015702,-0.00010314,0.0030796,0.00041558,-0.021133,-0.00015515
-0.0063613,-0.0072789,-0.006576,-0.0015142,-0.0096193,0.0038455,-0.0099601,-0.0026792,0.0064577,0.0014103,-0.0080343,0.014733,7.6129e-05,0.0035105,0.0017185,0.0029336,0.015624,-0.0076125,0.021549,-0.029352,-0.029352,-0.029352,6.6666e-07,-0.00012483,0.00018821,-0.011169,-0.041442,-0.021982,-0.0089718,0.97898,-0.01846,-0.0082249,-0.0073849,-0.01349,0.010835,-0.023649,0.0029318,0.022628,-0.012719,0.016452,-0.019569,0.021001,-0.011172,0.012294,0.0058445,-0.0080461,-0.03391,-0.03391,-0.03391,-0.0002135,0.011025,-0.00047777,-0.082001,-0.018701
-0.0058561,-0.0066435,-0.0055702,-0.0013632,-0.0087817,0.0030681,-0.009163,-0.0024227,0.0053407,0.0014135,-0.0085503,0.012832,5.5436e-05,0.0029294,0.0016159,0.0025646,0.013658,-0.0082085,0.020506,-0.026273,-0.026273,-0.026273,4.3199e-07,8.3e-05,7.8626e-05,-0.011973,-0.035504,-0.019634,-0.0083613,-0.01846,0.98364,-0.0069205,-0.0072583,-0.01216,0.008968,-0.020701,0.0029272,0.018706,-0.011908,0.020993,-0.020155,0.014921,-0.014187,0.015028,0.0078795,-0.0061923,-0.03012,-0.03012,-0.03012,-0.00019178,0.0092341,-0.00041313,-0.068478,-0.014759
-0.0020955,-0.0024646,-0.0028758,-0.00056783,-0.0033407,0.0019346,-0.003124,-0.0021175,0.004144,5.5377e-05,-0.0070532,0.012803,0.00014056,0.0020939,-0.00054669,0.00066989,0.013041,-0.0067619,0.0055329,-0.010872,-0.010872,-0.010872,1.4152e-07,-0.00050638,0.00016559,0.00010757,-0.019551,-0.0079861,-0.0026658,-0.0082249,-0.0069205,0.99559,-0.00096111,-0.0044928,0.0064587,-0.010606,0.00081967,0.019009,-0.010707,-0.0091058,0.00093092,0.016552,0.0073987,-0.013266,0.004041,-0.0049026,-0.012813,-0.012813,-0.012813,-6.6923e-05,0.0049122,0.00031906,-0.033587,-0.0039492
-0.0035993,-0.0038369,-0.00127,-0.00068837,-0.0050359,-0.00020338,-0.0056915,-0.00068218,9.6888e-07,0.0015071,-0.0072077,0.0010351,-8.0235e-05,0.00019557,0.0016995,0.0012294,0.0015958,-0.0072489,0.015886,-0.012762,-0.012762,-0.012762,-3.6365e-07,0.001024,-0.00014772,-0.015574,-0.0089762,-0.0094581,-0.0056667,-0.0073849,-0.0072583,-0.00096111,0.99307,-0.0064946,0.00029131,-0.0073078,0.0027171,-0.0023776,-0.004647,0.042055,-0.024135,-0.012135,-0.028899,0.031968,0.012952,0.0018508,-0.01361,-0.01361,-0.01361,-0.00010209,0.001632,7.0125e-05,-0.012801,-0.0011708
-0.0046324,-0.0051873,-0.0038011,-0.0010344,-0.0068406,0.0018418,-0.0072778,-0.0016016,0.0032176,0.0013154,-0.0068547,0.0077084,4.7347e-06,0.0018288,0.0015563,0.0019681,0.0083806,-0.0066612,0.017187,-0.019823,-0.019823,-0.019823,1.9099e-07,0.00035237,-2.5131e-06,-0.011878,-0.024322,-0.014808,-0.0067733,-0.01349,-0.01216,-0.0044928,-0.0064946,0.99063,0.0055202,-0.014759,0.0025593,0.010263,-0.0081576,0.025248,-0.019566,0.0055766,-0.017299,0.019169,0.0080782,-0.0032729,-0.022445,-0.022445,-0.022445,-0.00014805,0.0061726,0.00034023,-0.046215,-0.0098928
0.0025859,0.0030739,0.0039224,0.00074091,0.0042222,-0.0027352,0.0037471,0.0034391,-0.0063453,0.000183,0.011939,-0.021017,-0.00024828,-0.0031522,0.0014197,-0.00059665,-0.021275,0.011487,-0.0059162,0.014066,0.014066,0.014066,-8.1516e-08,0.00089628,-0.00018057,-0.0023223,0.027537,0.010227,0.0031157,0.010835,0.008968,0.0064587,0.00029131,0.0055202,0.9903,0.014758,-0.000963,-0.030809,0.017666,0.01978,-0.0056725,-0.025974,-0.015771,0.027272,-0.0069682,0.0073069,0.016683,0.016683,0.016683,7.9236e-05,-0.0067269,0.00017857,0.044354,0.0028348
-0.0074157,-0.0083931,-0.0072074,-0.0017885,-0.011282,0.0039812,-0.011243,-0.0056347,0.0094194,0.0012296,-0.023762,0.031476,0.0002797,0.0048829,-0.00028213,0.0022096,0.032421,-0.023131,0.02448,-0.033738,-0.033738,-0.033738,-1.4728e-07,-0.00033919,-1.8804e-05,-0.011779,-0.050194,-0.024752,-0.01025,-0.023649,-0.020701,-0.010606,-0.0073078,-0.014759,0.014758,0.97073,0.0040462,0.042761,-0.029863,0.011761,-0.0156,0.027185,-0.005049,-0.0080372,0.021794,-0.0092515,-0.038564,-0.038564,-0.038564,-0.0002217,0.011848,-0.00034353,-0.080847,-0.0067876
0.0016871,0.0017472,0.00030992,0.00032881,0.0023805,0.00039878,0.002497,0.0014702,-0.00077927,-0.00053321,0.010187,-0.0069612,-4.8098e-05,-0.00040988,0.00025111,2.0352e-06,-0.0071819,0.010149,-0.007254,0.0056465,0.0056465,0.0056465,6.2436e-07,-0.00042094,-0.00018593,0.0069869,0.0046712,0.0039386,0.0025751,0.0029318,0.0029272,0.00081967,0.0027171,0.0025593,-0.000963,0.0040462,0.9984,-0.0061083,0.0091355,-0.017188,0.0083143,0.0051166,0.010466,-0.0052455,-0.013355,-0.0011123,0.0057662,0.0057662,0.0057662,3.4599e-05,-0.00016265,0.00018996,-0.0018653,-0.0067449
0.0071141,0.0078471,0.0069131,0.0019992,0.011572,-0.0035259,0.0088273,0.019201,-0.022352,0.0016498,0.094679,-0.11122,-0.0013752,-0.010506,0.012795,0.0037231,-0.11159,0.093084,-0.016602,0.033607,0.033607,0.033607,4.2063e-06,0.0023862,0.00028892,-0.0040705,0.071893,0.022109,0.0081805,0.022628,0.018706,0.019009,-0.0023776,0.010263,-0.030809,0.042761,-0.0061083,0.85956,0.10888,0.058768,-0.03498,-0.063297,-0.058246,0.1476,-0.089058,0.014407,0.037391,0.037391,0.037391,9.0196e-05,-0.01063,2.4492e-05,0.033794,-0.062036
-0.0075847,-0.0076586,-0.0011691,-0.0016986,-0.011289,-0.0022538,-0.0096003,-0.018024,0.014262,0.0001046,-0.10592,0.098121,0.0011271,0.0065278,-0.011495,-0.0049157,0.09867,-0.10495,0.027215,-0.026068,-0.026068,-0.026068,-6.2598e-06,0.00027602,-0.00039,-0.019452,-0.03945,-0.016071,-0.010255,-0.012719,-0.011908,-0.010707,-0.004647,-0.0081576,0.017666,-0.029863,0.0091355,0.10888,0.89233,0.021913,0.0030247,0.0058037,0.0034305,-0.090654,0.11768,0.00097777,-0.025742,-0.025742,-0.025742,-5.1808e-05,-0.00030302,0.0005256,0.047906,0.088274
0.016791,0.016749,-0.0038567,0.002577,0.021964,0.010482,0.026518,0.001646,0.012846,-0.0094939,0.053572,0.013795,0.00072294,0.0054767,-0.0092046,-0.0032593,0.011025,0.054752,-0.087958,0.044346,0.044346,0.044346,5.1819e-06,-0.0088771,-0.00083484,0.10759,-0.01279,0.032017,0.028574,0.016452,0.020993,-0.0091058,0.042055,0.025248,0.01978,0.011761,-0.017188,0.058768,0.021913,0.68224,0.15821,0.14762,0.21671,-0.23078,-0.10776,-0.033468,0.041284,0.041284,0.041284,0.00038566,0.010862,0.00062604,-0.080032,-0.040997
-0.010785,-0.011376,-0.0024102,-0.0019111,-0.014715,-0.0019077,-0.017466,0.0010962,-0.0046499,0.0054655,-0.0092317,-0.016706,-0.00052428,-0.0015602,0.007925,0.0045661,-0.01489,-0.0097058,0.051036,-0.035808,-0.035808,-0.035808,-7.254e-07,0.0040906,-0.0024034,-0.05491,-0.014056,-0.026958,-0.017637,-0.019569,-0.020155,0.00093092,-0.024135,-0.019566,-0.0056725,-0.0156,0.0083143,-0.03498,0.0030247,0.15821,0.91058,-0.057239,-0.11166,0.13707,0.031144,0.010264,-0.037524,-0.037524,-0.037524,-0.00031889,0.0024068,0.0024477,-0.027665,-0.011394
-1.553e-05,0.0013127,0.011427,0.00076045,0.0018211,-0.011121,-0.00013591,0.0028419,-0.016032,0.0031005,-0.017884,-0.027923,-0.00049191,-0.0079104,0.0024515,-0.0024445,-0.027698,-0.019114,0.016777,0.017791,0.017791,0.017791,-3.7658e-06,0.0049539,0.00051902,-0.04207,0.065665,0.013983,-0.0026511,0.021001,0.014921,0.016552,-0.012135,0.0055766,-0.025974,0.027185,0.0051166,-0.063297,0.0058037,0.14762,-0.057239,0.89074,-0.10065,0.10621,0.050201,0.029457,0.025926,0.025926,0.025926,9.612e-05,-0.021532,1.2452e-05,0.15996,0.049083
-0.010834,-0.010887,0.0021911,-0.0016188,-0.014056,-0.0064101,-0.017542,0.0019123,-0.010814,0.0066697,-0.01823,-0.026072,-0.00069799,-0.0046168,0.0086416,0.003456,-0.024172,-0.019178,0.057841,-0.028801,-0.028801,-0.028801,-2.3466e-06,0.0060557,-0.0020099,-0.07173,0.011807,-0.021383,-0.018737,-0.011172,-0.014187,0.0073987,-0.028899,-0.017299,-0.015771,-0.005049,0.010466,-0.058246,0.0034305,0.21671,-0.11166,-0.10065,0.84882,0.17707,0.053179,0.022056,-0.027221,-0.027221,-0.027221,-0.00027839,-0.0062899,0.0023684,0.037834,0.010031
0.0087775,0.0092468,-4.8601e-05,0.0011142,0.010837,0.0031903,0.01636,-0.01638,0.021071,-0.0080672,-0.067446,0.10654,0.0017159,0.008984,-0.020487,-0.0096342,0.10444,-0.065768,-0.051952,0.024656,0.024656,0.024656,-3.1624e-06,-0.0064376,-0.00075141,0.068772,-0.025895,0.021252,0.016609,0.012294,0.015028,-0.013266,0.031968,0.019169,0.027272,-0.0080372,-0.0052455,0.1476,-0.090654,-0.23078,0.13707,0.10621,0.17707,0.71783,0.039877,-0.01954,0.025542,0.025542,0.025542,0.00037563,0.0010274,0.0010565,0.041927,0.075103
0.0093869,0.008885,-0.0039379,0.0016976,0.012983,0.0079806,0.012246,0.018762,-0.007971,-0.0020393,0.128,-0.095332,-0.00098638,-0.0034227,0.011073,0.0063035,-0.096202,0.12754,-0.042651,0.023657,0.023657,0.023657,8.8709e-06,-0.003002,-0.00051938,0.046314,0.014086,0.013546,0.014192,0.0058445,0.0078795,0.004041,0.012952,0.0080782,-0.0069682,0.021794,-0.013355,-0.089058,0.11768,-0.10776,0.031144,0.050201,0.053179,0.039877,0.84163,-0.015964,0.019557,0.019557,0.019557,3.8214e-05,0.010402,0.00017778,-0.12766,-0.12142
-0.00075344,-0.0012233,-0.0037976,-0.0003667,-0.0015884,0.0034065,-0.0012485,-0.0003769,0.0043305,-0.00050809,0.0073656,0.0050572,8.3314e-05,0.0022128,0.00018609,0.0012873,0.0051309,0.0076909,-0.0015144,-0.0081265,-0.0081265,-0.0081265,1.2767e-06,-0.0012183,-0.00027827,0.0089968,-0.021066,-0.0063886,-0.00045201,-0.0080461,-0.0061923,-0.0049026,0.0018508,-0.0032729,0.0073069,-0.0092515,-0.0011123,0.014407,0.00097777,-0.033468,0.010264,0.029457,0.022056,-0.01954,-0.015964,0.99155,-0.010858,-0.010858,-0.010858,-5.6924e-05,0.0070299,-0.00010852,-0.054158,-0.018613
-0.010986,-0.012409,-0.010059,-0.0025441,-0.016445,0.0053623,-0.017106,-0.0050669,0.010069,0.0026306,-0.019878,0.026754,0.00013688,0.0054863,0.002553,0.0044652,0.028288,-0.019235,0.038733,-0.048734,-0.048734,-0.048734,4.9916e-07,0.00023254,0.0003342,-0.023209,-0.065424,-0.036282,-0.015702,-0.03391,-0.03012,-0.012813,-0.01361,-0.022445,0.016683,-0.038564,0.0057662,0.037391,-0.025742,0.041284,-0.037524,0.025926,-0.027221,0.025542,0.019557,-0.010858,0.94436,-0.055636,-0.055636,-0.00035098,0.016554,-0.00068585,-0.12103,-0.022933
-0.010986,-0.012409,-0.010059,-0.0025441,-0.016445,0.0053623,-0.017106,-0.0050669,0.010069,0.0026306,-0.019878,0.026754,0.00013688,0.0054863,0.002553,0.0044652,0.028288,-0.019235,0.038733,-0.048734,-0.048734,-0.048734,4.9916e-07,0.00023254,0.0003342,-0.023209,-0.065424,-0.036282,-0.015702,-0.03391,-0.03012,-0.012813,-0.01361,-0.022445,0.016683,-0.038564,0.0057662,0.037391,-0.025742,0.041284,-0.037524,0.025926,-0.027221,0.025542,0.019557,-0.010858,-0.055636,0.94436,-0.055636,-0.00035098,0.016554,-0.00068585,-0.12103,-0.022933
-0.010986,-0.012409,-0.010059,-0.0025441,-0.016445,0.0053623,-0.017106,-0.0050669,0.010069,0.0026306,-0.019878,0.026754,0.00013688,0.0054863,0.002553,0.0044652,0.028288,-0.019235,0.038733,-0.048734,-0.048734,-0.048734,4.9916e-07,0.00023254,0.0003342,-0.023209,-0.065424,-0.036282,-0.015702,-0.03391,-0.03012,-0.012813,-0.01361,-0.022445,0.016683,-0.038564,0.0057662,0.037391,-0.025742,0.041284,-0.037524,0.025926,-0.027221,0.025542,0.019557,-0.010858,-0.055636,-0.055636,0.94436,-0.00035098,0.016554,-0.00068585,-0.12103,-0.022933
-7.0253e-05,-7.9417e-05,-6.2461e-05,-1.5749e-05,-0.00010382,3.2888e-05,-0.00011213,-1.2705e-05,4.321e-05,2.127e-05,-2.9805e-05,5.3573e-05,-7.4805e-07,2.5678e-05,3.4184e-05,3.63e-05,6.417e-05,-2.7271e-05,0.00025999,-0.000307,-0.000307,-0.000307,8.246e-09,5.1658e-06,1.0916e-06,-0.00017668,-0.00037456,-0.000232,-0.00010314,-0.0002135,-0.00019178,-6.6923e-05,-0.00010209,-0.00014805,7.9236e-05,-0.0002217,3.4599e-05,9.0196e-05,-5.1808e-05,0.00038566,-0.00031889,9.612e-05,-0.00027839,0.00037563,3.8214e-05,-5.6924e-05,-0.00035098,-0.00035098,-0.00035098,1,0.00010337,-5.8189e-06,-0.00080887,-0.00023421
0.0023772,0.0029353,0.0041781,0.00065977,0.0038168,-0.0031324,0.0038501,0.00040926,-0.0038415,-0.00027059,-0.0049997,-0.0037174,-2.0614e-05,-0.002072,-0.0012003,-0.0018969,-0.0040567,-0.0052694,-0.0060468,0.013563,0.013563,0.013563,-1.1162e-06,0.00063917,-0.00025859,-0.0010115,0.02362,0.010446,0.0030796,0.011025,0.0092341,0.0049122,0.001632,0.0061726,-0.0067269,0.011848,-0.00016265,-0.01063,-0.00030302,0.010862,0.0024068,-0.021532,-0.0062899,0.0010274,0.010402,0.0070299,0.016554,0.016554,0.016554,0.00010337,0.99258,-4.1088e-06,0.057963,0.019445
-0.0001008,-1.2786e-06,0.00036141,-0.00026938,0.00042749,-0.00027319,0.00031731,-0.00011108,-0.00036488,0.00031066,0.00051383,-0.0010175,-0.00012361,0.0003664,0.00060868,0.00060306,-0.0010664,0.00044391,0.00093618,-0.00035751,-0.00035751,-0.00035751,-3.677e-07,-9.3707e-05,-2.4578e-05,-0.0011902,-0.00087056,-0.00020007,0.00041558,-0.00047777,-0.00041313,0.00031906,7.0125e-05,0.00034023,0.00017857,-0.00034353,0.00018996,2.4492e-05,0.0005256,0.00062604,0.0024477,1.2452e-05,0.0023684,0.0010565,0.00017778,-0.00010852,-0.00068585,-0.00068585,-0.00068585,-5.8189e-06,-4.1088e-06,2.982e-05,0.00055203,0.0024247
-0.016208,-0.020565,-0.032183,-0.0045761,-0.026175,0.025126,-0.027381,0.0044964,0.023453,0.0025274,0.082614,-0.013822,-0.00035895,0.01322,0.014843,0.0172,-0.011261,0.084261,0.039922,-0.097503,-0.097503,-0.097503,1.1246e-05,-0.0047314,-0.00031534,0.011326,-0.16815,-0.076731,-0.021133,-0.082001,-0.068478,-0.033587,-0.012801,-0.046215,0.044354,-0.080847,-0.0018653,0.033794,0.047906,-0.080032,-0.027665,0.15996,0.037834,0.041927,-0.12766,-0.054158,-0.12103,-0.12103,-0.12103,-0.00080887,0.057963,0.00055203,0.52705,-0.18922
-0.00030068,-0.0016984,-0.0099013,-0.00037959,-0.0011281,0.0098518,-0.0026679,0.01361,-0.0018095,0.00077738,0.098593,-0.070567,-0.00087741,-4.2159e-06,0.012666,0.0090202,-0.070083,0.098488,-0.004951,-0.014904,-0.014904,-0.014904,7.9402e-06,-0.0017479,-0.0019918,0.016734,-0.029311,-0.014713,-0.00015515,-0.018701,-0.014759,-0.0039492,-0.0011708,-0.0098928,0.0028348,-0.0067876,-0.0067449,-0.062036,0.088274,-0.040997,-0.011394,0.049083,0.010031,0.075103,-0.12142,-0.018613,-0.022933,-0.022933,-0.022933,-0.00023421,0.019445,0.0024247,-0.18922,0.87783
85.048,85.048,85.048,85.048,85.048,85.048,85.048,85.048,85.048,85.048,85.048,85.048,85.048,85.048,85.048,85.048,85.048,85.048,85.048,85.048,85.048,85.048,85.048,85.048,85.048,85.048,85.048,85.048,85.048,85.048,85.048,85.048,85.048,85.048,85.048,85.048,85.048,85.048,85.048,85.048,85.048,85.048,85.048,85.048,85.048,85.048,85.048,85.048,85.048,85.048,85.048,85.048,85.048,85.048
