0.74787,0.73209,0.098613,-0.30522,0.5861,0.5861,0.5861,0.052487
0.50795,0.45691,-0.031788,-0.87901,0.3235,0.3235,0.3235,0.00069666
0.9132,0.89874,0.29688,0.15647,0.74363,0.74363,0.74363,0.2449
519.62,-436.8,-89.718,29.229,-23.601,-23.601,-23.601,-95.392
-436.8,461.37,101.33,34.059,-25.845,-25.845,-25.845,-102.7
-89.718,101.33,282.7,-67.561,-8.1911,-8.1911,-8.1911,-77.264
29.229,34.059,-67.561,93.311,-46.545,-46.545,-46.545,-146.3
-23.601,-25.845,-8.1911,-46.545,704.21,-295.79,-295.79,129.35
-23.601,-25.845,-8.1911,-46.545,-295.79,704.21,-295.79,129.35
-23.601,-25.845,-8.1911,-46.545,-295.79,-295.79,704.21,129.35
-95.392,-102.7,-77.264,-146.3,129.35,129.35,129.35,604.18
