694.36,667.01,841.57,577.27,25.369,548.52,887.54,1155.6,607.09,17.817,310.37,205.95,24.119
68.005,463.92,713.73,79.435,6.349,306.44,497.89,970.86,36.108,12.171,199.01,159.25,3.5741
1239.3,939.91,929.41,1133.8,65.111,934.75,1192.2,1332.1,1025.7,28.811,511.08,238.03,39.12
0.097281,0.07248,0.19946,0.043747,0.0067468,-0.084989,-0.10774,-0.11624,-0.031263,0.015256,0.0054151,-0.060252,0.059907
0.07248,0.1469,-0.056662,-0.023329,0.010141,-0.1605,-0.16255,-0.16472,-0.0042464,0.035645,0.0053016,-0.13642,0.12996
0.19946,-0.056662,0.87172,0.22236,0.00084656,0.07814,-0.049896,-0.017029,-0.095166,-0.0013647,0.0057681,0.030817,-0.021328
0.043747,-0.023329,0.22236,0.076788,0.017319,0.048775,0.019118,0.04406,-0.0047184,-0.0067015,0.10782,-0.037761,0.029424
0.0067468,0.010141,0.00084656,0.017319,0.99782,-0.019466,0.018915,0.0085693,0.028036,-5.1855e-05,-0.011241,-0.0010234,-0.00078103
-0.084989,-0.1605,0.07814,0.048775,-0.019466,0.68393,0.16354,0.033169,0.34922,0.014171,-0.12034,-0.08228,0.055248
-0.10774,-0.16255,-0.049896,0.019118,0.018915,0.16354,0.79274,-0.11163,-0.27517,0.0055067,0.088671,0.0037664,0.015047
-0.11624,-0.16472,-0.017029,0.04406,0.0085693,0.033169,-0.11163,0.9234,-0.10978,0.0083444,0.031348,-0.020035,0.026785
-0.031263,-0.0042464,-0.095166,-0.0047184,0.028036,0.34922,-0.27517,-0.10978,0.54101,-0.0058249,0.15169,0.062238,-0.028457
0.015256,0.035645,-0.0013647,-0.0067015,-5.1855e-05,0.014171,0.0055067,0.0083444,-0.0058249,0.99799,0.002633,0.0078357,-0.0071195
0.0054151,0.0053016,0.0057681,0.10782,-0.011241,-0.12034,0.088671,0.031348,0.15169,0.002633,0.93764,-0.015931,0.0057774
-0.060252,-0.13642,0.030817,-0.037761,-0.0010234,-0.08228,0.0037664,-0.020035,0.062238,0.0078357,-0.015931,0.96148,0.032216
0.059907,0.12996,-0.021328,0.029424,-0.00078103,0.055248,0.015047,0.026785,-0.028457,-0.0071195,0.0057774,0.032216,0.97145
45.182,45.182,45.182,45.182,45.182,45.182,45.182,45.182,45.182,45.182,45.182,45.182,45.182
