589.47,528.78,237.66,-4.44,460.37,460.37,460.37,92.379,237.03
303.04,209.79,218.67,-32.086,423.34,423.34,423.34,0.52666,-78.33
871.65,830.68,264.11,38.153,490.26,490.26,490.26,267.27,457.2
0.54327,-0.49592,-0.021057,-0.010383,-0.010314,-0.010314,-0.010314,-0.031613,0.017559
-0.49592,0.45427,-0.017478,0.0074252,0.016216,0.016216,0.016216,0.02508,-0.013171
-0.021057,-0.017478,0.99372,-0.017545,-0.02167,-0.02167,-0.02167,-0.060916,-0.0078025
-0.010383,0.0074252,-0.017545,0.94382,-0.072946,-0.072946,-0.072946,-0.19122,0.0042729
-0.010314,0.016216,-0.02167,-0.072946,0.89563,-0.10437,-0.10437,-0.2351,0.10118
-0.010314,0.016216,-0.02167,-0.072946,-0.10437,0.89563,-0.10437,-0.2351,0.10118
-0.010314,0.016216,-0.02167,-0.072946,-0.10437,-0.10437,0.89563,-0.2351,0.10118
-0.031613,0.02508,-0.060916,-0.19122,-0.2351,-0.2351,-0.2351,0.33111,-0.11674
0.017559,-0.013171,-0.0078025,0.0042729,0.10118,0.10118,0.10118,-0.11674,0.047186
30.405,30.405,30.405,30.405,30.405,30.405,30.405,30.405,30.405
