626.54,692.58,679.9,754.58,25.565,610.47,406.57,694.41,83.932,26.769,364.17,186.82,41.557
18.434,63.291,160.78,252.63,3.3105,244.7,258.58,570.74,-71.775,6.0855,216.53,69.722,0.27398
1391.6,989.13,949.02,1832.1,60.19,897.11,568.12,867.27,429.31,114.13,502.4,337.55,94.898
1.0032e-05,6.6719e-06,-8.6168e-07,-3.0436e-06,0.00025096,3.5856e-06,-1.4609e-05,1.1829e-05,7.9915e-06,2.4186e-05,-7.4779e-05,3.2576e-06,4.7068e-05
6.6719e-06,2.3577e-05,-6.3102e-07,-5.4578e-06,0.00049484,-9.1874e-06,-4.2731e-05,2.0467e-05,2.9083e-05,5.4733e-05,-8.0166e-05,6.6539e-06,7.9413e-07
-8.6168e-07,-6.3102e-07,3.2503e-05,-6.0929e-06,0.00024979,-4.8874e-05,-2.7242e-05,-2.0768e-05,2.842e-05,-0.00021097,0.00011066,7.2609e-05,4.7541e-05
-3.0436e-06,-5.4578e-06,-6.0929e-06,2.1224e-05,-0.00042801,7.2925e-05,-6.0521e-06,4.7782e-05,-2.4248e-05,0.0001914,-0.00011275,-9.7359e-05,-0.0001346
0.00025096,0.00049484,0.00024979,-0.00042801,0.048967,-0.0026944,-0.00066271,-0.0016021,0.0010853,-0.0048526,-0.0024133,0.0023413,0.0046277
3.5856e-06,-9.1874e-06,-4.8874e-05,7.2925e-05,-0.0026944,0.33379,2.355e-05,-0.33302,0.33319,0.0010573,-0.00079149,-0.00044017,-0.0005636
-1.4609e-05,-4.2731e-05,-2.7242e-05,-6.0521e-06,-0.00066271,2.355e-05,0.00075844,-0.00036005,-0.00038302,-6.652e-05,4.9505e-05,-3.0487e-05,0.00019995
1.1829e-05,2.0467e-05,-2.0768e-05,4.7782e-05,-0.0016021,-0.33302,-0.00036005,0.33378,-0.3332,0.00087537,-0.00056573,-0.00029357,-0.00053731
7.9915e-06,2.9083e-05,2.842e-05,-2.4248e-05,0.0010853,0.33319,-0.00038302,-0.3332,0.33361,-0.00017882,0.00021923,0.00014343,2.1543e-05
2.4186e-05,5.4733e-05,-0.00021097,0.0001914,-0.0048526,0.0010573,-6.652e-05,0.00087537,-0.00017882,0.0068234,-0.0023419,-0.0019804,-0.0027965
-7.4779e-05,-8.0166e-05,0.00011066,-0.00011275,-0.0024133,-0.00079149,4.9505e-05,-0.00056573,0.00021923,-0.0023419,0.0031727,0.00073748,0.00073703
3.2576e-06,6.6539e-06,7.2609e-05,-9.7359e-05,0.0023413,-0.00044017,-3.0487e-05,-0.00029357,0.00014343,-0.0019804,0.00073748,0.00093389,0.00074848
4.7068e-05,7.9413e-07,4.7541e-05,-0.0001346,0.0046277,-0.0005636,0.00019995,-0.00053731,2.1543e-05,-0.0027965,0.00073703,0.00074848,0.0030511
101.89,101.89,101.89,101.89,101.89,101.89,101.89,101.89,101.89,101.89,101.89,101.89,101.89
