87.891,100.92,113.72,214.36,0.020078,25.654,479.89,632.49,242.16,2.7936,2.3764e-06,6.3712e-07,3.4231e-06,6.6119e-07,90.02,31.273,38.654
1381.4,714.29,662.75,4254.4,16.272,583.72,1137.8,1151.5,1086.3,365.02,0.00024416,0.00024931,0.00023422,0.00021827,586.12,278.62,991.91
2.5782e-05,-1.719e-05,-1.3739e-05,-1.212e-06,0.00098082,-9.2281e-06,0.00010307,-5.6895e-05,-4.6897e-05,5.7784e-05,5.787e-08,5.8167e-08,5.2811e-08,5.5008e-08,-1.5496e-05,-6.9136e-06,8.9122e-06
-1.719e-05,7.1489e-05,5.8431e-07,-4.5137e-06,0.001218,-5.4777e-05,0.00015553,-0.00010119,-4.5977e-05,1.581e-05,1.3306e-09,2.9072e-08,3.019e-09,2.3527e-08,-2.9098e-05,4.5265e-05,-1.3795e-05
-1.3739e-05,5.8431e-07,0.00010137,7.7669e-06,-0.00042934,4.0147e-05,-0.00013322,8.1015e-05,3.9806e-05,2.6903e-05,-1.6844e-08,-3.165e-08,-6.4073e-09,-2.4963e-08,-3.0204e-05,-2.6972e-05,-1.1927e-06
-1.212e-06,-4.5137e-06,7.7669e-06,4.2542e-06,-0.00012387,8.5528e-06,-5.5604e-05,2.8362e-05,1.9041e-05,1.2087e-06,-6.1633e-09,-6.8613e-09,-6.344e-09,-4.8735e-09,-8.8726e-06,-2.7666e-06,2.5798e-06
0.00098082,0.001218,-0.00042934,-0.00012387,0.57399,-0.01342,0.033739,-0.02371,-0.010106,0.018477,4.0461e-07,2.6538e-06,1.2145e-06,3.5774e-06,-0.01272,0.00049321,-0.0011032
-9.2281e-06,-5.4777e-05,4.0147e-05,8.5528e-06,-0.01342,0.33403,-0.0014058,-0.33227,0.3337,-0.00022113,-2.1921e-08,-8.5119e-08,-3.2702e-08,-1.1368e-07,9.5275e-05,-0.00067415,0.00014342
0.00010307,0.00015553,-0.00013322,-5.5604e-05,0.033739,-0.0014058,0.0058474,-0.0035894,-0.0021865,0.0014297,1.3479e-06,1.5055e-06,1.334e-06,1.4925e-06,-0.00068378,0.00096038,-0.00022571
-5.6895e-05,-0.00010119,8.1015e-05,2.8362e-05,-0.02371,-0.33227,-0.0035894,0.33567,-0.33205,-0.0007415,-6.0446e-07,-7.2266e-07,-6.0413e-07,-7.3782e-07,0.00037205,-0.00087645,0.00017407
-4.6897e-05,-4.5977e-05,3.9806e-05,1.9041e-05,-0.010106,0.3337,-0.0021865,-0.33205,0.33425,-0.00049968,-5.9008e-07,-6.431e-07,-5.7642e-07,-6.2713e-07,0.00026969,-0.0002228,3.1262e-05
5.7784e-05,1.581e-05,2.6903e-05,1.2087e-06,0.018477,-0.00022113,0.0014297,-0.0007415,-0.00049968,0.0041143,1.8349e-07,4.6589e-07,2.0157e-07,4.1951e-07,-0.0024595,-0.0012863,-0.00025817
5.787e-08,1.3306e-09,-1.6844e-08,-6.1633e-09,4.0461e-07,-2.1921e-08,1.3479e-06,-6.0446e-07,-5.9008e-07,1.8349e-07,1,-1.385e-09,-1.3241e-09,-1.2806e-09,9.047e-08,3.5763e-07,7.9973e-09
5.8167e-08,2.9072e-08,-3.165e-08,-6.8613e-09,2.6538e-06,-8.5119e-08,1.5055e-06,-7.2266e-07,-6.431e-07,4.6589e-07,-1.385e-09,1,-1.3504e-09,-1.3819e-09,-1.7736e-07,4.0413e-07,-3.7374e-09
5.2811e-08,3.019e-09,-6.4073e-09,-6.344e-09,1.2145e-06,-3.2702e-08,1.334e-06,-6.0413e-07,-5.7642e-07,2.0157e-07,-1.3241e-09,-1.3504e-09,1,-1.2893e-09,4.3124e-08,3.7061e-07,1.3236e-08
5.5008e-08,2.3527e-08,-2.4963e-08,-4.8735e-09,3.5774e-06,-1.1368e-07,1.4925e-06,-7.3782e-07,-6.2713e-07,4.1951e-07,-1.2806e-09,-1.3819e-09,-1.2893e-09,1,-1.8678e-07,4.7036e-07,9.9517e-09
-1.5496e-05,-2.9098e-05,-3.0204e-05,-8.8726e-06,-0.01272,9.5275e-05,-0.00068378,0.00037205,0.00026969,-0.0024595,9.047e-08,-1.7736e-07,4.3124e-08,-1.8678e-07,0.0018307,0.0006726,0.00011752
-6.9136e-06,4.5265e-05,-2.6972e-05,-2.7666e-06,0.00049321,-0.00067415,0.00096038,-0.00087645,-0.0002228,-0.0012863,3.5763e-07,4.0413e-07,3.7061e-07,4.7036e-07,0.0006726,0.0018863,-6.4511e-05
8.9122e-06,-1.3795e-05,-1.1927e-06,2.5798e-06,-0.0011032,0.00014342,-0.00022571,0.00017407,3.1262e-05,-0.00025817,7.9973e-09,-3.7374e-09,1.3236e-08,9.9517e-09,0.00011752,-6.4511e-05,8.8055e-05
100.18,100.18,100.18,100.18,100.18,100.18,100.18,100.18,100.18,100.18,100.18,100.18,100.18,100.18,100.18,100.18,100.18
928.29,339.42,300.53,1272.9,7.2817,314.93,733.36,857.12,542.19,51.851,4.6309e-05,4.5711e-05,4.4624e-05,4.3923e-05,228.92,132.63,461.01
1,1,1,1,1,1,1,1,1,1,1,1,1,1,1,1,1
