290.35,267.64,92.908,109.98,117.66,209.3,78.272,166.34,204.12,970.05,181.02,65.771,185.49,915.08,247.67,93.96,237.78,931.79,20.692,184.65,184.65,184.65,6.3227,-64.296,-63329,75.952,-141.96,435.44,426.06,-38.953,34.977,104.9,416.09,74.805,139,331.32,216.92,791.78,271.54,920.36,287.9,176.72,250.05,265.99,816.48,-313.43,169.66,169.66,169.66,4.605,75.653,-94470,57.192,-75.294
159.24,125.1,52.11,91.776,14.646,43.467,45.715,121.02,51.588,936.08,33.631,1.6874,45.07,781.91,65.121,1.6639,57.675,758.68,-101.88,140.55,140.55,140.55,3.7744,-247.99,-2.5367e+05,-699.63,-235.29,213.71,209.29,-190.86,16.427,64.269,195.49,31.557,30.586,44.92,49.313,109.3,3.3866,813.84,77.02,105.16,93.635,75.522,204.68,-612.68,117.6,117.6,117.6,2.8611,6.5903,-2.298e+05,-783.63,-368.63
476.67,473.81,126.46,131.19,185.19,439.54,107.59,216.46,444.47,998.98,348.31,219.37,298.04,996.22,613.42,192.16,622.48,997.7,90.367,299.8,299.8,299.8,8.9883,-5.763,2.9041e+05,833.84,-15.686,579.77,575.47,43.23,61.631,138.46,570.55,175.56,500.55,577.44,347.14,983.61,973.16,984.61,571.49,357.29,544.66,813.29,987.11,-140.15,262.2,262.2,262.2,9.5684,123.24,2.6846e+05,718,231.37
0.99959,-0.00081367,0.00040797,0.00061713,-0.00064889,-0.0010065,0.0003683,-0.00070271,-0.00078238,-0.00027082,0.002398,0.00037644,0.0024349,4.374e-05,-0.0012276,0.00030029,-0.0012958,0.00034347,0.00052864,0.0010983,0.0010983,0.0010983,6.2271e-05,1.781e-06,-0.001036,0.01258,-0.0032432,-0.0034019,-0.0034223,0.00053272,0.00061068,0.0011275,-0.0039727,0.00024979,-0.00073956,-0.0031767,0.0023845,0.00038394,-0.0029802,-0.00094527,0.0015809,0.0029007,0.0024065,-0.0016935,-0.00014502,-0.00068116,0.00088471,0.00088471,0.00088471,9.7874e-05,-4.6002e-05,0.0013702,0.0079205,-0.0079009
-0.00081367,0.99831,0.00096074,0.0013603,-0.0019726,-0.0018757,0.00063957,-0.0013567,-0.0016261,-0.0006099,0.0047639,0.0016128,0.0051683,-0.00062788,-0.00073627,0.0012586,-0.00082123,-0.00013288,0.0013296,0.0022851,0.0022851,0.0022851,0.00012483,-0.00087997,-0.0011294,0.024103,-0.0074677,-0.0073668,-0.0075403,0.00050877,0.0014303,0.0026781,-0.0086544,0.0010676,9.0455e-05,-0.0087329,0.0053786,-0.0024852,-0.0032654,-0.0026544,0.0050174,0.0061307,0.0067838,-0.0011209,-0.0032944,-0.0028791,0.0018879,0.0018879,0.0018879,0.00021774,-0.00025867,0.0014912,0.013262,-0.017875
0.00040797,0.00096074,0.9993,-0.00087402,0.0019794,0.0007591,-0.0001846,0.00061912,0.00091948,0.00040882,-0.0023755,-0.0020647,-0.0030593,0.0013545,-0.0021136,-0.0015926,-0.0021448,0.001254,-0.001072,-0.0012886,-0.0012886,-0.0012886,-6.3879e-05,0.001726,0.00021805,-0.010731,0.005218,0.0045638,0.0048438,0.00054572,-0.0010301,-0.0019741,0.0054301,-0.001365,-0.0023174,0.0078868,-0.0036167,0.0059709,-0.0022386,0.0024555,-0.005236,-0.0035958,-0.0063034,-0.0027089,0.0060229,0.0036575,-0.0011303,-0.0011303,-0.0011303,-0.0001426,0.00037153,-0.00022548,-0.0030144,0.012092
0.00061713,0.0013603,-0.00087402,0.99884,0.002155,0.0013052,-0.00039726,0.00099263,0.0013036,0.00053232,-0.0036183,-0.0020562,-0.0042435,0.0011638,-0.0010768,-0.0015921,-0.0010609,0.00088432,-0.0012781,-0.0018348,-0.0018348,-0.0018348,-9.5883e-05,0.0015174,-0.00014912,-0.017453,0.0066566,0.0061797,0.0064391,0.00014181,-0.001295,-0.002455,0.0073052,-0.00136,-0.0015675,0.0089598,-0.0047016,0.0050088,-7.1502e-05,0.0027623,-0.0056143,-0.0050099,-0.0070771,-0.0013047,0.005391,0.0036532,-0.0015593,-0.0015593,-0.0015593,-0.00018777,0.00035735,0.00019661,-0.0076959,0.015669
-0.00064889,-0.0019726,0.0019794,0.002155,0.99289,-0.00047661,-0.00025505,-0.00073414,-0.0018784,-0.0010612,0.0037072,0.0083179,0.0067234,-0.0063237,0.013328,0.006387,0.013674,-0.0067589,0.0033284,0.0026125,0.0026125,0.0026125,0.00010629,-0.0078977,0.00019715,0.011546,-0.014185,-0.010725,-0.011945,-0.0040822,0.0028888,0.0056632,-0.012984,0.0054965,0.012803,-0.026591,0.0094228,-0.028446,0.019125,-0.0084086,0.019224,0.0077918,0.021647,0.017438,-0.027107,-0.014689,0.0025268,0.0025268,0.0025268,0.00036014,-0.0015591,-0.00021406,-0.0098403,-0.03173
-0.0010065,-0.0018757,0.0007591,0.0013052,-0.00047661,0.99732,0.0010638,-0.0018039,-0.0018059,-0.00055146,0.0059334,-0.00049795,0.0054784,0.0012889,-0.0058507,-0.00035172,-0.0061027,0.0021966,0.00084104,0.0025505,0.0025505,0.0025505,0.00015222,0.0014639,-0.0013476,0.032577,-0.0063286,-0.0074018,-0.0072331,0.0022224,0.001151,0.0020651,-0.0085593,-0.00032622,-0.004406,-0.0038497,0.0048403,0.0063139,-0.011756,-0.0010547,0.00081218,0.0065625,0.0026392,-0.0078939,0.0046076,0.00083165,0.0019764,0.0019764,0.0019764,0.00020349,0.00015922,0.0017701,0.023671,-0.015936
0.0003683,0.00063957,-0.0001846,-0.00039726,-0.00025505,0.0010638,0.99955,0.00069097,0.00061661,0.00015833,-0.0021909,0.00072964,-0.0018143,-0.0009267,0.0032345,0.0005479,0.0033593,-0.0013253,-0.00013197,-0.00087809,-0.00087809,-0.00087809,-5.5497e-05,-0.0010978,-0.00010535,-0.012582,0.0016891,0.0023448,0.0021988,-0.0011657,-0.00028751,-0.00048577,0.0026749,0.00048101,0.0026105,-0.00011028,-0.0013826,-0.0043792,0.0060135,-0.00010094,0.00088349,-0.0021881,0.00029161,0.0043287,-0.0035976,-0.0012679,-0.00064874,-0.00064874,-0.00064874,-6.0359e-05,-0.00016287,0.00015769,-0.010295,0.0045039
-0.00070271,-0.0013567,0.00061912,0.00099263,-0.00073414,-0.0018039,0.00069097,0.99876,-0.0013042,-0.00042828,0.0041547,0.00015795,0.0040301,0.00048373,-0.0030994,0.00014138,-0.0032463,0.0010605,0.00075144,0.0018469,0.0018469,0.0018469,0.00010724,0.00050746,0.00027211,0.022287,-0.005031,-0.0055373,-0.005497,0.0012335,0.00093291,0.0017025,-0.0064376,0.00010623,-0.0021714,-0.0041125,0.0037651,0.002518,-0.0066751,-0.0011931,0.0016683,0.0048094,0.0030201,-0.0042126,0.0014653,-0.00031225,0.0014608,0.0014608,0.0014608,0.0001561,1.281e-05,-0.00014108,0.015123,-0.012432
-0.00078238,-0.0016261,0.00091948,0.0013036,-0.0018784,-0.0018059,0.00061661,-0.0013042,0.99844,-0.00058415,0.0045764,0.0015285,0.0049569,-0.00058584,-0.00074852,0.0011931,-0.00083137,-0.0001079,0.001271,0.0021924,0.0021924,0.0021924,0.00011989,-0.00082396,-0.0014188,0.023178,-0.0071494,-0.0070631,-0.0072265,0.00050236,0.0013689,0.0025622,-0.0082964,0.0010118,4.91e-05,-0.0083315,0.0051514,-0.0023086,-0.0032016,-0.0025313,0.0047745,0.0058812,0.006469,-0.0011314,-0.003092,-0.0027286,0.0018103,0.0018103,0.0018103,0.00020863,-0.00024416,0.0017071,0.012801,-0.01712
-0.00027082,-0.0006099,0.00040882,0.00053232,-0.0010612,-0.00055146,0.00015833,-0.00042828,-0.00058415,0.99975,0.0015857,0.001049,0.0019163,-0.00063218,0.00076296,0.00081096,0.0007646,-0.00052689,0.00060815,0.00082153,0.00082153,0.00082153,4.2211e-05,-0.00081598,0.00014102,0.0074976,-0.0030925,-0.0028127,-0.0029491,-0.00015588,0.00060469,0.0011508,-0.0033323,0.00069367,0.00095349,-0.004341,0.0021701,-0.0027501,0.00048491,-0.0013433,0.0027812,0.0022588,0.0034441,0.0009551,-0.0028764,-0.0018615,0.00070545,0.00070545,0.00070545,8.628e-05,-0.00018502,-4.5175e-05,0.0029505,-0.0072398
0.002398,0.0047639,-0.0023755,-0.0036183,0.0037072,0.0059334,-0.0021909,0.0041547,0.0045764,0.0015857,0.98585,-0.0020652,-0.014312,-0.00038605,0.007552,-0.0016509,0.007963,-0.0021733,-0.0030562,-0.0064713,-0.0064713,-0.0064713,-0.00036727,-0.00016898,-0.0008634,-0.074361,0.018948,0.019943,0.02004,-0.0032338,-0.0035619,-0.0065732,0.023281,-0.0013707,0.0046436,0.01829,-0.013958,-0.0028449,0.018054,0.0054359,-0.0089952,-0.017036,-0.013827,0.010391,0.00031567,0.003755,-0.0052044,-0.0052044,-0.0052044,-0.00057298,0.00024961,0.00038477,-0.047158,0.046201
0.00037644,0.0016128,-0.0020647,-0.0020562,0.0083179,-0.00049795,0.00072964,0.00015795,0.0015285,0.001049,-0.0020652,0.98985,-0.0058537,0.0080767,-0.018274,-0.0077786,-0.018788,0.0089594,-0.0036461,-0.0021055,-0.0021055,-0.0021055,-6.6367e-05,0.010029,-2.4443e-05,-0.00080983,0.014439,0.0098747,0.0114,0.0057678,-0.0029956,-0.0059485,0.012114,-0.0067034,-0.017069,0.030266,-0.0093366,0.036538,-0.027561,0.0096349,-0.022665,-0.0067006,-0.024835,-0.024003,0.034256,0.017897,-0.0022323,-0.0022323,-0.0022323,-0.00034952,0.0019272,8.0008e-05,0.021212,0.031588
0.0024349,0.0051683,-0.0030593,-0.0042435,0.0067234,0.0054784,-0.0018143,0.0040301,0.0049569,0.0019163,-0.014312,-0.0058537,0.98409,0.0027202,0.00022663,-0.0045524,0.00042263,0.0013501,-0.0043145,-0.0069885,-0.0069885,-0.0069885,-0.0003763,0.0036742,-0.00085658,-0.071358,0.023627,0.022831,0.023507,-0.00088374,-0.0045489,-0.0085554,0.026877,-0.0038735,-0.0020914,0.02905,-0.016907,0.011256,0.0067082,0.0088787,-0.017263,-0.01884,-0.02271,0.00074764,0.013403,0.010433,-0.0058264,-0.0058264,-0.0058264,-0.00068113,0.00097567,0.00053297,-0.036944,0.056224
4.374e-05,-0.00062788,0.0013545,0.0011638,-0.0063237,0.0012889,-0.0009267,0.00048373,-0.00058584,-0.00063218,-0.00038605,0.0080767,0.0027202,0.99327,0.016213,0.0061822,0.016699,-0.0077231,0.0025602,0.00078282,0.00078282,0.00078282,5.2861e-07,-0.0083102,0.00012199,-0.010325,-0.009127,-0.0052093,-0.0064551,-0.0052432,0.0019481,0.0039425,-0.0065657,0.0053353,0.014788,-0.0223,0.0056499,-0.030606,0.025439,-0.0071562,0.017395,0.0030167,0.018473,0.021366,-0.028253,-0.014231,0.0010748,0.0010748,0.0010748,0.00020404,-0.0015554,2.5024e-05,-0.024496,-0.019265
-0.0012276,-0.00073627,-0.0021136,-0.0010768,0.013328,-0.0058507,0.0032345,-0.0030994,-0.00074852,0.00076296,0.007552,-0.018274,0.00022663,0.016213,0.95784,-0.013954,-0.043514,0.019418,-0.0046673,0.0011679,0.0011679,0.0011679,0.00017086,0.019877,8.9032e-05,0.059446,0.012864,0.003065,0.0059874,0.014006,-0.002972,-0.0063119,0.0047319,-0.012068,-0.037405,0.044555,-0.006919,0.074247,-0.069064,0.014501,-0.037226,0.00079684,-0.037529,-0.055771,0.067161,0.032142,-0.00012143,-0.00012143,-0.00012143,-0.00021757,0.0035883,-0.00052877,0.080458,0.024246
0.00030029,0.0012586,-0.0015926,-0.0015921,0.006387,-0.00035172,0.0005479,0.00014138,0.0011931,0.00081096,-0.0016509,-0.0077786,-0.0045524,0.0061822,-0.013954,0.99404,-0.014346,0.0068492,-0.0028069,-0.0016439,-0.0016439,-0.0016439,-5.262e-05,0.0076778,-8.342e-05,-0.00098603,0.011148,0.0076591,0.0088274,0.0044002,-0.0023112,-0.0045869,0.0093901,-0.0051393,-0.013046,0.023264,-0.0072174,0.027961,-0.021014,0.0074039,-0.017398,-0.0052143,-0.019084,-0.018327,0.02623,0.013722,-0.0017347,-0.0017347,-0.0017347,-0.00027043,0.0014767,-0.00016632,0.016009,0.024413
-0.0012958,-0.00082123,-0.0021448,-0.0010609,0.013674,-0.0061027,0.0033593,-0.0032463,-0.00083137,0.0007646,0.007963,-0.018788,0.00042263,0.016699,-0.043514,-0.014346,0.95509,0.020022,-0.0047651,0.0012881,0.0012881,0.0012881,0.00018078,0.020468,0.00011199,0.062192,0.012994,0.002892,0.0058997,0.014464,-0.0030129,-0.006412,0.0045641,-0.012408,-0.038576,0.045633,-0.0069395,0.076485,-0.07135,0.014859,-0.03821,0.0010458,-0.038459,-0.057561,0.069148,0.033045,-5.6231e-05,-5.6231e-05,-5.6231e-05,-0.00021644,0.0036914,-0.0004643,0.083466,0.024353
0.00034347,-0.00013288,0.001254,0.00088432,-0.0067589,0.0021966,-0.0013253,0.0010605,-0.0001079,-0.00052689,-0.0021733,0.0089594,0.0013501,-0.0077231,0.019418,0.0068492,0.020022,0.99092,0.002546,0.00010043,0.00010043,0.00010043,-4.4371e-05,-0.0094993,-2.1509e-05,-0.020883,-0.00809,-0.0034998,-0.0049089,-0.0063764,0.0017859,0.0036919,-0.0046381,0.0059177,0.017436,-0.023196,0.0047352,-0.035258,0.031226,-0.0074967,0.018739,0.0013548,0.019377,0.025643,-0.032187,-0.015772,0.00058861,0.00058861,0.00058861,0.00016256,-0.0017435,7.5648e-05,-0.033715,-0.016317
0.00052864,0.0013296,-0.001072,-0.0012781,0.0033284,0.00084104,-0.00013197,0.00075144,0.001271,0.00060815,-0.0030562,-0.0036461,-0.0043145,0.0025602,-0.0046673,-0.0028069,-0.0047651,0.002546,0.9983,-0.0017741,-0.0017741,-0.0017741,-8.3469e-05,0.0032314,0.00066536,-0.012799,0.0078873,0.0065731,0.0070852,0.0013289,-0.0015743,-0.0030415,0.0078639,-0.00241,-0.0047655,0.012923,-0.005387,0.011397,-0.0059152,0.0040483,-0.0088831,-0.0050507,-0.010405,-0.0060504,0.011188,0.0064494,-0.001602,-0.001602,-0.001602,-0.00021022,0.00066766,-0.00074677,-0.0010555,0.018057
0.0010983,0.0022851,-0.0012886,-0.0018348,0.0026125,0.0025505,-0.00087809,0.0018469,0.0021924,0.00082153,-0.0064713,-0.0021055,-0.0069885,0.00078282,0.0011679,-0.0016439,0.0012881,0.00010043,-0.0017741,0.9969,-0.0030966,-0.0030966,-0.00016945,0.0011086,-0.00071416,-0.032816,0.010041,0.009939,0.010162,-0.00074216,-0.0019206,-0.0035941,0.011672,-0.0013938,2.9979e-05,0.011617,-0.0072433,0.0030582,0.0046928,0.0035284,-0.006632,-0.0082863,-0.0090132,0.0017408,0.0041796,0.0037641,-0.0025539,-0.0025539,-0.0025539,-0.00029334,0.00033768,0.00082074,-0.018248,0.024055
0.0010983,0.0022851,-0.0012886,-0.0018348,0.0026125,0.0025505,-0.00087809,0.0018469,0.0021924,0.00082153,-0.0064713,-0.0021055,-0.0069885,0.00078282,0.0011679,-0.0016439,0.0012881,0.00010043,-0.0017741,-0.0030966,0.9969,-0.0030966,-0.00016945,0.0011086,-0.00071416,-0.032816,0.010041,0.009939,0.010162,-0.00074216,-0.0019206,-0.0035941,0.011672,-0.0013938,2.9979e-05,0.011617,-0.0072433,0.0030582,0.0046928,0.0035284,-0.006632,-0.0082863,-0.0090132,0.0017408,0.0041796,0.0037641,-0.0025539,-0.0025539,-0.0025539,-0.00029334,0.00033768,0.00082074,-0.018248,0.024055
0.0010983,0.0022851,-0.0012886,-0.0018348,0.0026125,0.0025505,-0.00087809,0.0018469,0.0021924,0.00082153,-0.0064713,-0.0021055,-0.0069885,0.00078282,0.0011679,-0.0016439,0.0012881,0.00010043,-0.0017741,-0.0030966,-0.0030966,0.9969,-0.00016945,0.0011086,-0.00071416,-0.032816,0.010041,0.009939,0.010162,-0.00074216,-0.0019206,-0.0035941,0.011672,-0.0013938,2.9979e-05,0.011617,-0.0072433,0.0030582,0.0046928,0.0035284,-0.006632,-0.0082863,-0.0090132,0.0017408,0.0041796,0.0037641,-0.0025539,-0.0025539,-0.0025539,-0.00029334,0.00033768,0.00082074,-0.018248,0.024055
6.2271e-05,0.00012483,-6.3879e-05,-9.5883e-05,0.00010629,0.00015222,-5.5497e-05,0.00010724,0.00011989,4.2211e-05,-0.00036727,-6.6367e-05,-0.0003763,5.2861e-07,0.00017086,-5.262e-05,0.00018078,-4.4371e-05,-8.3469e-05,-0.00016945,-0.00016945,-0.00016945,0.99999,8.6559e-06,-1.0776e-05,-0.0019168,0.00050689,0.00052658,0.00053106,-7.5832e-05,-9.565e-05,-0.00017706,0.0006155,-4.4008e-05,9.749e-05,0.00051045,-0.00037169,-2.5898e-05,0.00042936,0.00015254,-0.00026114,-0.0004476,-0.00038844,0.00023656,5.2568e-05,0.00011995,-0.00013697,-0.00013697,-0.00013697,-1.5215e-05,8.928e-06,1.584e-05,-0.0011874,0.0012312
1.781e-06,-0.00087997,0.001726,0.0015174,-0.0078977,0.0014639,-0.0010978,0.00050746,-0.00082396,-0.00081598,-0.00016898,0.010029,0.0036742,-0.0083102,0.019877,0.0076778,0.020468,-0.0094993,0.0032314,0.0011086,0.0011086,0.0011086,8.6559e-06,0.98973,-5.3733e-05,-0.011143,-0.011695,-0.0068738,-0.0084159,-0.0064108,0.0024858,0.0050166,-0.0086233,0.006625,0.018178,-0.027964,0.007288,-0.037771,0.031052,-0.0089643,0.021698,0.0041003,0.023136,0.026185,-0.034932,-0.017673,0.001442,0.001442,0.001442,0.0002647,-0.001928,-0.00011948,-0.029253,-0.024821
-0.001036,-0.0011294,0.00021805,-0.00014912,0.00019715,-0.0013476,-0.00010535,0.00027211,-0.0014188,0.00014102,-0.0008634,-2.4443e-05,-0.00085658,0.00012199,8.9032e-05,-8.342e-05,0.00011199,-2.1509e-05,0.00066536,-0.00071416,-0.00071416,-0.00071416,-1.0776e-05,-5.3733e-05,1.4223e-05,-0.00019198,0.00033425,-0.00038624,-0.00037166,0.0003197,4.7951e-05,-0.00010333,-0.00040614,-1.0242e-05,0.00023091,-0.00044084,-0.00081727,5.4642e-05,0.00019789,2.3093e-05,-0.00065147,0.00038141,0.00058119,9.7454e-05,-0.00016029,0.00051996,-0.00056083,-0.00056083,-0.00056083,6.5766e-06,0.00049312,-1.5735e-05,0.0005081,-1.4014e-05
0.01258,0.024103,-0.010731,-0.017453,0.011546,0.032577,-0.012582,0.022287,0.023178,0.0074976,-0.074361,-0.00080983,-0.071358,-0.010325,0.059446,-0.00098603,0.062192,-0.020883,-0.012799,-0.032816,-0.032816,-0.032816,-0.0019168,-0.011143,-0.00019198,0.59902,0.087657,0.09769,0.096658,-0.02336,-0.016191,-0.02945,0.11345,-0.00056872,0.042502,0.067959,-0.065891,-0.052643,0.12567,0.019544,-0.025482,-0.085223,-0.049384,0.080631,-0.033237,0.0020301,-0.025842,-0.025842,-0.025842,-0.0027396,-0.00062,0.00079788,-0.27646,0.21743
-0.0032432,-0.0074677,0.005218,0.0066566,-0.014185,-0.0063286,0.0016891,-0.005031,-0.0071494,-0.0030925,0.018948,0.014439,0.023627,-0.009127,0.012864,0.011148,0.012994,-0.00809,0.0078873,0.010041,0.010041,0.010041,0.00050689,-0.011695,0.00033425,0.087657,0.96079,-0.034961,-0.036882,-0.0030687,0.007705,0.014717,-0.041508,0.0095469,0.014826,-0.057213,0.027343,-0.040008,0.011633,-0.017763,0.037363,0.027808,0.04557,0.016348,-0.040988,-0.025599,0.0087142,0.0087142,0.0087142,0.0010825,-0.0025758,-0.00035669,0.029829,-0.091322
-0.0034019,-0.0073668,0.0045638,0.0061797,-0.010725,-0.0074018,0.0023448,-0.0055373,-0.0070631,-0.0028127,0.019943,0.0098747,0.022831,-0.0052093,0.003065,0.0076591,0.002892,-0.0034998,0.0065731,0.009939,0.009939,0.009939,0.00052658,-0.0068738,-0.00038624,0.09769,-0.034961,0.96697,-0.034239,0.00014456,0.0067713,0.012792,-0.038978,0.0065323,0.0060103,-0.0453,0.024832,-0.022131,-0.0040814,-0.013915,0.02778,0.026991,0.035629,0.0034093,-0.024645,-0.017563,0.0083744,0.0083744,0.0083744,0.00099561,-0.0016878,0.00097415,0.046584,-0.082687
-0.0034223,-0.0075403,0.0048438,0.0064391,-0.011945,-0.0072331,0.0021988,-0.005497,-0.0072265,-0.0029491,0.02004,0.0114,0.023507,-0.0064551,0.0059874,0.0088274,0.0058997,-0.0049089,0.0070852,0.010162,0.010162,0.010162,0.00053106,-0.0084159,-0.00037166,0.096658,-0.036882,-0.034239,0.96432,-0.00079108,0.0071758,0.013603,-0.040476,0.00754,0.0087026,-0.049661,0.026048,-0.027784,0.00042989,-0.01531,0.03112,0.027755,0.039226,0.0072553,-0.029899,-0.020252,0.0086362,0.0086362,0.0086362,0.0010404,-0.0019797,0.00094463,0.042595,-0.086818
0.00053272,0.00050877,0.00054572,0.00014181,-0.0040822,0.0022224,-0.0011657,0.0012335,0.00050236,-0.00015588,-0.0032338,0.0057678,-0.00088374,-0.0052432,0.014006,0.0044002,0.014464,-0.0063764,0.0013289,-0.00074216,-0.00074216,-0.00074216,-7.5832e-05,-0.0064108,0.0003197,-0.02336,-0.0030687,0.00014456,-0.00079108,0.99531,0.00075508,0.0016601,-0.00020292,0.0038087,0.012309,-0.013311,0.0014375,-0.024072,0.023265,-0.0043617,0.011479,-0.0012229,0.011302,0.01855,-0.021611,-0.010139,-0.00025526,-0.00025526,-0.00025526,3.7573e-05,-0.001142,-0.00054369,-0.028584,-0.0051881
0.00061068,0.0014303,-0.0010301,-0.001295,0.0028888,0.001151,-0.00028751,0.00093291,0.0013689,0.00060469,-0.0035619,-0.0029956,-0.0045489,0.0019481,-0.002972,-0.0023112,-0.0030129,0.0017859,-0.0015743,-0.0019206,-0.0019206,-0.0019206,-9.565e-05,0.0024858,4.7951e-05,-0.016191,0.007705,0.0067713,0.0071758,0.00075508,0.99848,-0.0029092,0.0080523,-0.0019805,-0.0032942,0.011544,-0.0053487,0.0085769,-0.0030497,0.0035918,-0.0076338,-0.0053481,-0.0092187,-0.0038023,0.0086827,0.005308,-0.0016801,-0.0016801,-0.0016801,-0.00021109,0.00053814,-3.6324e-05,-0.0048047,0.017877
0.0011275,0.0026781,-0.0019741,-0.002455,0.0056632,0.0020651,-0.00048577,0.0017025,0.0025622,0.0011508,-0.0065732,-0.0059485,-0.0085554,0.0039425,-0.0063119,-0.0045869,-0.006412,0.0036919,-0.0030415,-0.0035941,-0.0035941,-0.0035941,-0.00017706,0.0050166,-0.00010333,-0.02945,0.014717,0.012792,0.013603,0.0016601,-0.0029092,0.99442,0.015231,-0.0039326,-0.006837,0.022481,-0.010182,0.017406,-0.0069177,0.0070058,-0.014999,-0.010049,-0.017986,-0.0081068,0.017484,0.010536,-0.0031636,-0.0031636,-0.0031636,-0.0004009,0.0010741,0.00017658,-0.007666,0.034051
-0.0039727,-0.0086544,0.0054301,0.0073052,-0.012984,-0.0085593,0.0026749,-0.0064376,-0.0082964,-0.0033323,0.023281,0.012114,0.026877,-0.0065657,0.0047319,0.0093901,0.0045641,-0.0046381,0.0078639,0.011672,0.011672,0.011672,0.0006155,-0.0086233,-0.00040614,0.11345,-0.041508,-0.038978,-0.040476,-0.00020292,0.0080523,0.015231,0.95398,0.0080132,0.0080733,-0.054527,0.029424,-0.028037,-0.0029664,-0.016771,0.033703,0.031761,0.042952,0.0054998,-0.030808,-0.021536,0.0098642,0.0098642,0.0098642,0.0011781,-0.002083,0.0009876,0.05271,-0.098009
0.00024979,0.0010676,-0.001365,-0.00136,0.0054965,-0.00032622,0.00048101,0.00010623,0.0010118,0.00069367,-0.0013707,-0.0067034,-0.0038735,0.0053353,-0.012068,-0.0051393,-0.012408,0.0059177,-0.00241,-0.0013938,-0.0013938,-0.0013938,-4.4008e-05,0.006625,-1.0242e-05,-0.00056872,0.0095469,0.0065323,0.00754,0.0038087,-0.0019805,-0.0039326,0.0080132,0.99557,-0.011274,0.020002,-0.0061741,0.024136,-0.018199,0.0063673,-0.014977,-0.0044342,-0.016413,-0.015852,0.02263,0.011825,-0.001477,-0.001477,-0.001477,-0.00023115,0.0012732,3.7872e-05,0.013991,0.020888
-0.00073956,9.0455e-05,-0.0023174,-0.0015675,0.012803,-0.004406,0.0026105,-0.0021714,4.91e-05,0.00095349,0.0046436,-0.017069,-0.0020914,0.014788,-0.037405,-0.013046,-0.038576,0.017436,-0.0047655,2.9979e-05,2.9979e-05,2.9979e-05,9.749e-05,0.018178,0.00023091,0.042502,0.014826,0.0060103,0.0087026,0.012309,-0.0032942,-0.006837,0.0080733,-0.011274,0.96649,0.043745,-0.0085792,0.067546,-0.060356,0.014155,-0.03554,-0.0020068,-0.036594,-0.049412,0.061564,0.030043,-0.0009474,-0.0009474,-0.0009474,-0.00029131,0.0033268,8.5005e-05,0.066116,0.029628
-0.0031767,-0.0087329,0.0078868,0.0089598,-0.026591,-0.0038497,-0.00011028,-0.0041125,-0.0083315,-0.004341,0.01829,0.030266,0.02905,-0.0223,0.044555,0.023264,0.045633,-0.023196,0.012923,0.011617,0.011617,0.011617,0.00051045,-0.027964,-0.00044084,0.067959,-0.057213,-0.0453,-0.049661,-0.013311,0.011544,0.022481,-0.054527,0.020002,0.043745,0.899,0.038501,-0.099909,0.061312,-0.031811,0.071481,0.033834,0.081834,0.058106,-0.096305,-0.053485,0.010853,0.010853,0.010853,0.001486,-0.0056216,0.00075649,-0.017802,-0.12936
0.0023845,0.0053786,-0.0036167,-0.0047016,0.0094228,0.0048403,-0.0013826,0.0037651,0.0051514,0.0021701,-0.013958,-0.0093366,-0.016907,0.0056499,-0.006919,-0.0072174,-0.0069395,0.0047352,-0.005387,-0.0072433,-0.0072433,-0.0072433,-0.00037169,0.007288,-0.00081727,-0.065891,0.027343,0.024832,0.026048,0.0014375,-0.0053487,-0.010182,0.029424,-0.0061741,-0.0085792,0.038501,0.98082,0.024595,-0.004585,0.011917,-0.024705,-0.019927,-0.030556,-0.0086748,0.025678,0.016568,-0.0062249,-0.0062249,-0.0062249,-0.00076226,0.0016483,0.0004496,-0.025677,0.063988
0.00038394,-0.0024852,0.0059709,0.0050088,-0.028446,0.0063139,-0.0043792,0.002518,-0.0023086,-0.0027501,-0.0028449,0.036538,0.011256,-0.030606,0.074247,0.027961,0.076485,-0.035258,0.011397,0.0030582,0.0030582,0.0030582,-2.5898e-05,-0.037771,5.4642e-05,-0.052643,-0.040008,-0.022131,-0.027784,-0.024072,0.0085769,0.017406,-0.028037,0.024136,0.067546,-0.099909,0.024595,0.86072,0.11697,-0.032095,0.078342,0.012393,0.082867,0.097878,-0.12835,-0.064368,0.0044825,0.0044825,0.0044825,0.00088288,-0.0070477,-0.00047703,-0.11493,-0.083972
-0.0029802,-0.0032654,-0.0022386,-7.1502e-05,0.019125,-0.011756,0.0060135,-0.0066751,-0.0032016,0.00048491,0.018054,-0.027561,0.0067082,0.025439,-0.069064,-0.021014,-0.07135,0.031226,-0.0059152,0.0046928,0.0046928,0.0046928,0.00042936,0.031052,0.00019789,0.12567,0.011633,-0.0040814,0.00042989,0.023265,-0.0030497,-0.0069177,-0.0029664,-0.018199,-0.060356,0.061312,-0.004585,0.11697,0.88435,0.020185,-0.05402,0.0088083,-0.052346,-0.09153,0.10453,0.048425,0.002121,0.002121,0.002121,-8.4593e-05,0.0054821,0.00028754,0.14633,0.017267
-0.00094527,-0.0026544,0.0024555,0.0027623,-0.0084086,-0.0010547,-0.00010094,-0.0011931,-0.0025313,-0.0013433,0.0054359,0.0096349,0.0088787,-0.0071562,0.014501,0.0074039,0.014859,-0.0074967,0.0040483,0.0035284,0.0035284,0.0035284,0.00015254,-0.0089643,2.3093e-05,0.019544,-0.017763,-0.013915,-0.01531,-0.0043617,0.0035918,0.0070058,-0.016771,0.0063673,0.014155,-0.031811,0.011917,-0.032095,0.020185,0.98997,0.022632,0.010329,0.025804,0.018928,-0.030846,-0.017024,0.0033216,0.0033216,0.0033216,0.0004589,-0.0017939,-6.8233e-05,-0.0071173,-0.040061
0.0015809,0.0050174,-0.005236,-0.0056143,0.019224,0.00081218,0.00088349,0.0016683,0.0047745,0.0027812,-0.0089952,-0.022665,-0.017263,0.017395,-0.037226,-0.017398,-0.03821,0.018739,-0.0088831,-0.006632,-0.006632,-0.006632,-0.00026114,0.021698,-0.00065147,-0.025482,0.037363,0.02778,0.03112,0.011479,-0.0076338,-0.014999,0.033703,-0.014977,-0.03554,0.071481,-0.024705,0.078342,-0.05402,0.022632,0.94797,-0.019969,-0.058279,-0.048747,0.074401,0.040017,-0.0065026,-0.0065026,-0.0065026,-0.00094091,0.0042601,0.00053991,0.030962,0.083255
0.0029007,0.0061307,-0.0035958,-0.0050099,0.0077918,0.0065625,-0.0021881,0.0048094,0.0058812,0.0022588,-0.017036,-0.0067006,-0.01884,0.0030167,0.00079684,-0.0052143,0.0010458,0.0013548,-0.0050507,-0.0082863,-0.0082863,-0.0082863,-0.0004476,0.0041003,0.00038141,-0.085223,0.027808,0.026991,0.027755,-0.0012229,-0.0053481,-0.010049,0.031761,-0.0044342,-0.0020068,0.033834,-0.019927,0.012393,0.0088083,0.010329,-0.019969,0.97769,-0.026415,0.0015851,0.015025,0.011946,-0.0068947,-0.0068947,-0.0068947,-0.00080365,0.0011088,-0.00026127,-0.044747,0.066258
0.0024065,0.0067838,-0.0063034,-0.0070771,0.021647,0.0026392,0.00029161,0.0030201,0.006469,0.0034441,-0.013827,-0.024835,-0.02271,0.018473,-0.037529,-0.019084,-0.038459,0.019377,-0.010405,-0.0090132,-0.0090132,-0.0090132,-0.00038844,0.023136,0.00058119,-0.049384,0.04557,0.035629,0.039226,0.011302,-0.0092187,-0.017986,0.042952,-0.016413,-0.036594,0.081834,-0.030556,0.082867,-0.052346,0.025804,-0.058279,-0.026415,0.9336,-0.048994,0.079598,0.043879,-0.0084978,-0.0084978,-0.0084978,-0.0011762,0.0046254,-0.0001113,0.019035,0.10273
-0.0016935,-0.0011209,-0.0027089,-0.0013047,0.017438,-0.0078939,0.0043287,-0.0042126,-0.0011314,0.0009551,0.010391,-0.024003,0.00074764,0.021366,-0.055771,-0.018327,-0.057561,0.025643,-0.0060504,0.0017408,0.0017408,0.0017408,0.00023656,0.026185,9.7454e-05,0.080631,0.016348,0.0034093,0.0072553,0.01855,-0.0038023,-0.0081068,0.0054998,-0.015852,-0.049412,0.058106,-0.0086748,0.097878,-0.09153,0.018928,-0.048747,0.0015851,-0.048994,0.92622,0.088447,0.042217,2.9151e-06,2.9151e-06,2.9151e-06,-0.00026854,0.0047187,0.00025321,0.10745,0.030481
-0.00014502,-0.0032944,0.0060229,0.005391,-0.027107,0.0046076,-0.0035976,0.0014653,-0.003092,-0.0028764,0.00031567,0.034256,0.013403,-0.028253,0.067161,0.02623,0.069148,-0.032187,0.011188,0.0041796,0.0041796,0.0041796,5.2568e-05,-0.034932,-0.00016029,-0.033237,-0.040988,-0.024645,-0.029899,-0.021611,0.0086827,0.017484,-0.030808,0.02263,0.061564,-0.096305,0.025678,-0.12835,0.10453,-0.030846,0.074401,0.015025,0.079598,0.088447,0.88112,-0.060372,0.0052341,0.0052341,0.0052341,0.00093677,-0.0065763,-0.00034258,-0.096572,-0.087368
-0.00068116,-0.0028791,0.0036575,0.0036532,-0.014689,0.00083165,-0.0012679,-0.00031225,-0.0027286,-0.0018615,0.003755,0.017897,0.010433,-0.014231,0.032142,0.013722,0.033045,-0.015772,0.0064494,0.0037641,0.0037641,0.0037641,0.00011995,-0.017673,0.00051996,0.0020301,-0.025599,-0.017563,-0.020252,-0.010139,0.005308,0.010536,-0.021536,0.011825,0.030043,-0.053485,0.016568,-0.064368,0.048425,-0.017024,0.040017,0.011946,0.043879,0.042217,-0.060372,0.96843,0.003977,0.003977,0.003977,0.0006206,-0.0033991,-0.0010037,-0.037,-0.056042
0.00088471,0.0018879,-0.0011303,-0.0015593,0.0025268,0.0019764,-0.00064874,0.0014608,0.0018103,0.00070545,-0.0052044,-0.0022323,-0.0058264,0.0010748,-0.00012143,-0.0017347,-5.6231e-05,0.00058861,-0.001602,-0.0025539,-0.0025539,-0.0025539,-0.00013697,0.001442,-0.00056083,-0.025842,0.0087142,0.0083744,0.0086362,-0.00025526,-0.0016801,-0.0031636,0.0098642,-0.001477,-0.0009474,0.010853,-0.0062249,0.0044825,0.002121,0.0033216,-0.0065026,-0.0068947,-0.0084978,2.9151e-06,0.0052341,0.003977,0.99787,-0.0021346,-0.0021346,-0.00025047,0.00037509,0.00069317,-0.013138,0.020706
0.00088471,0.0018879,-0.0011303,-0.0015593,0.0025268,0.0019764,-0.00064874,0.0014608,0.0018103,0.00070545,-0.0052044,-0.0022323,-0.0058264,0.0010748,-0.00012143,-0.0017347,-5.6231e-05,0.00058861,-0.001602,-0.0025539,-0.0025539,-0.0025539,-0.00013697,0.001442,-0.00056083,-0.025842,0.0087142,0.0083744,0.0086362,-0.00025526,-0.0016801,-0.0031636,0.0098642,-0.001477,-0.0009474,0.010853,-0.0062249,0.0044825,0.002121,0.0033216,-0.0065026,-0.0068947,-0.0084978,2.9151e-06,0.0052341,0.003977,-0.0021346,0.99787,-0.0021346,-0.00025047,0.00037509,0.00069317,-0.013138,0.020706
0.00088471,0.0018879,-0.0011303,-0.0015593,0.0025268,0.0019764,-0.00064874,0.0014608,0.0018103,0.00070545,-0.0052044,-0.0022323,-0.0058264,0.0010748,-0.00012143,-0.0017347,-5.6231e-05,0.00058861,-0.001602,-0.0025539,-0.0025539,-0.0025539,-0.00013697,0.001442,-0.00056083,-0.025842,0.0087142,0.0083744,0.0086362,-0.00025526,-0.0016801,-0.0031636,0.0098642,-0.001477,-0.0009474,0.010853,-0.0062249,0.0044825,0.002121,0.0033216,-0.0065026,-0.0068947,-0.0084978,2.9151e-06,0.0052341,0.003977,-0.0021346,-0.0021346,0.99787,-0.00025047,0.00037509,0.00069317,-0.013138,0.020706
9.7874e-05,0.00021774,-0.0001426,-0.00018777,0.00036014,0.00020349,-6.0359e-05,0.0001561,0.00020863,8.628e-05,-0.00057298,-0.00034952,-0.00068113,0.00020404,-0.00021757,-0.00027043,-0.00021644,0.00016256,-0.00021022,-0.00029334,-0.00029334,-0.00029334,-1.5215e-05,0.0002647,6.5766e-06,-0.0027396,0.0010825,0.00099561,0.0010404,3.7573e-05,-0.00021109,-0.0004009,0.0011781,-0.00023115,-0.00029131,0.001486,-0.00076226,0.00088288,-8.4593e-05,0.0004589,-0.00094091,-0.00080365,-0.0011762,-0.00026854,0.00093677,0.0006206,-0.00025047,-0.00025047,-0.00025047,0.99997,6.1147e-05,-1.7172e-06,-0.0011506,0.0025418
-4.6002e-05,-0.00025867,0.00037153,0.00035735,-0.0015591,0.00015922,-0.00016287,1.281e-05,-0.00024416,-0.00018502,0.00024961,0.0019272,0.00097567,-0.0015554,0.0035883,0.0014767,0.0036914,-0.0017435,0.00066766,0.00033768,0.00033768,0.00033768,8.928e-06,-0.001928,0.00049312,-0.00062,-0.0025758,-0.0016878,-0.0019797,-0.001142,0.00053814,0.0010741,-0.002083,0.0012732,0.0033268,-0.0056216,0.0016483,-0.0070477,0.0054821,-0.0017939,0.0042601,0.0011088,0.0046254,0.0047187,-0.0065763,-0.0033991,0.00037509,0.00037509,0.00037509,6.1147e-05,0.99963,-0.00056448,-0.0045664,-0.0055846
0.0013702,0.0014912,-0.00022548,0.00019661,-0.00021406,0.0017701,0.00015769,-0.00014108,0.0017071,-4.5175e-05,0.00038477,8.0008e-05,0.00053297,2.5024e-05,-0.00052877,-0.00016632,-0.0004643,7.5648e-05,-0.00074677,0.00082074,0.00082074,0.00082074,1.584e-05,-0.00011948,-1.5735e-05,0.00079788,-0.00035669,0.00097415,0.00094463,-0.00054369,-3.6324e-05,0.00017658,0.0009876,3.7872e-05,8.5005e-05,0.00075649,0.0004496,-0.00047703,0.00028754,-6.8233e-05,0.00053991,-0.00026127,-0.0001113,0.00025321,-0.00034258,-0.0010037,0.00069317,0.00069317,0.00069317,-1.7172e-06,-0.00056448,2.2515e-05,0.00027422,0.00046863
0.0079205,0.013262,-0.0030144,-0.0076959,-0.0098403,0.023671,-0.010295,0.015123,0.012801,0.0029505,-0.047158,0.021212,-0.036944,-0.024496,0.080458,0.016009,0.083466,-0.033715,-0.0010555,-0.018248,-0.018248,-0.018248,-0.0011874,-0.029253,0.0005081,-0.27646,0.029829,0.046584,0.042595,-0.028584,-0.0048047,-0.007666,0.05271,0.013991,0.066116,-0.017802,-0.025677,-0.11493,0.14633,-0.0071173,0.030962,-0.044747,0.019035,0.10745,-0.096572,-0.037,-0.013138,-0.013138,-0.013138,-0.0011506,-0.0045664,0.00027422,0.76268,0.083058
-0.0079009,-0.017875,0.012092,0.015669,-0.03173,-0.015936,0.0045039,-0.012432,-0.01712,-0.0072398,0.046201,0.031588,0.056224,-0.019265,0.024246,0.024413,0.024353,-0.016317,0.018057,0.024055,0.024055,0.024055,0.0012312,-0.024821,-1.4014e-05,0.21743,-0.091322,-0.082687,-0.086818,-0.0051881,0.017877,0.034051,-0.098009,0.020888,0.029628,-0.12936,0.063988,-0.083972,0.017267,-0.040061,0.083255,0.066258,0.10273,0.030481,-0.087368,-0.056042,0.020706,0.020706,0.020706,0.0025418,-0.0055846,0.00046863,0.083058,0.78646
73.388,73.388,73.388,73.388,73.388,73.388,73.388,73.388,73.388,73.388,73.388,73.388,73.388,73.388,73.388,73.388,73.388,73.388,73.388,73.388,73.388,73.388,73.388,73.388,73.388,73.388,73.388,73.388,73.388,73.388,73.388,73.388,73.388,73.388,73.388,73.388,73.388,73.388,73.388,73.388,73.388,73.388,73.388,73.388,73.388,73.388,73.388,73.388,73.388,73.388,73.388,73.388,73.388,73.388
