0,54.945,219.61,448.5,9.7409,403.03,883.06,1082.7,666.61,38.007,3.2589e-13,3.2022e-13,3.0072e-13,2.8603e-13
1299.7,192.98,368.63,840.92,14.157,460.14,993.3,1224,790.5,64.104,3.5593e-12,2.2306e-12,3.4699e-12,2.2979e-12
9.2539e-06,-8.5184e-05,-4.5535e-05,-2.6625e-05,0.00014343,4.6189e-05,0.00058734,-0.00024662,-0.0002864,0.00028975,6.9649e-17,1.3936e-16,1.1192e-16,6.4244e-17
-8.5184e-05,0.0086109,0.0066113,-0.00052665,0.01916,-0.0033076,-0.011868,0.0058042,0.0091201,-0.0020134,1.4155e-14,-1.9387e-14,1.5832e-14,-2.0205e-14
-4.5535e-05,0.0066113,0.0066309,6.0358e-05,0.020934,-0.0046651,-0.018321,0.0074661,0.012187,-0.0033588,2.1414e-14,-1.7733e-14,2.3372e-14,-1.7555e-14
-2.6625e-05,-0.00052665,6.0358e-05,0.00046583,-0.001178,-0.00057926,-0.006226,0.0022096,0.0027793,-0.0025705,7.3781e-15,4.9243e-15,6.601e-15,5.7336e-15
0.00014343,0.01916,0.020934,-0.001178,0.94932,-0.039691,-0.13383,0.05321,0.092978,-0.059582,-8.2356e-15,1.8492e-14,-5.1843e-15,1.4542e-14
4.6189e-05,-0.0033076,-0.0046651,-0.00057926,-0.039691,0.33986,0.021304,-0.34056,0.31953,0.0031251,2.4895e-15,2.0954e-14,9.873e-16,2.0705e-14
0.00058734,-0.011868,-0.018321,-0.006226,-0.13383,0.021304,0.1923,-0.077979,-0.099022,0.073024,-2.4757e-14,4.6292e-14,-1.5666e-14,3.4517e-14
-0.00024662,0.0058042,0.0074661,0.0022096,0.05321,-0.34056,-0.077979,0.36611,-0.29347,-0.031511,6.7891e-15,-2.1027e-14,2.6924e-15,-1.6251e-14
-0.0002864,0.0091201,0.012187,0.0027793,0.092978,0.31953,-0.099022,-0.29347,0.38692,-0.034553,4.3117e-15,-4.2006e-14,1.7116e-15,-3.6974e-14
0.00028975,-0.0020134,-0.0033588,-0.0025705,-0.059582,0.0031251,0.073024,-0.031511,-0.034553,0.0532,-1.6364e-14,4.0208e-15,-7.6273e-15,-2.8569e-15
6.9649e-17,1.4155e-14,2.1414e-14,7.3781e-15,-8.2356e-15,2.4895e-15,-2.4757e-14,6.7891e-15,4.3117e-15,-1.6364e-14,1,3.0143e-27,-1.5827e-27,2.3499e-27
1.3936e-16,-1.9387e-14,-1.7733e-14,4.9243e-15,1.8492e-14,2.0954e-14,4.6292e-14,-2.1027e-14,-4.2006e-14,4.0208e-15,3.0143e-27,1,2.1205e-27,-6.1617e-27
1.1192e-16,1.5832e-14,2.3372e-14,6.601e-15,-5.1843e-15,9.873e-16,-1.5666e-14,2.6924e-15,1.7116e-15,-7.6273e-15,-1.5827e-27,2.1205e-27,1,1.7382e-27
6.4244e-17,-2.0205e-14,-1.7555e-14,5.7336e-15,1.4542e-14,2.0705e-14,3.4517e-14,-1.6251e-14,-3.6974e-14,-2.8569e-15,2.3499e-27,-6.1617e-27,1.7382e-27,1
53.71,53.71,53.71,53.71,53.71,53.71,53.71,53.71,53.71,53.71,53.71,53.71,53.71,53.71
438.11,128.18,285.84,635.08,12.462,425.93,918.84,1130.6,704.7,51.188,1.1564e-12,1.139e-12,1.136e-12,1.141e-12
1,1,1,1,1,1,1,1,1,1,1,1,1,1
