169.05,0.60304,0.75233,0.00043866,0.10621,0.72249
32.308,0.06639,0.36471,2.3609e-05,0.027319,0.041596
341.82,0.93684,0.99216,0.0021183,0.20111,1.8536
0.00015893,0.0068861,0.006511,1.2605,-0.075182,-0.0084339
0.0068861,22.363,0.61138,-6394.2,112.37,-2.4047
0.006511,0.61138,42.603,9336.6,-158.59,1.3614
1.2605,-6394.2,9336.6,2.1715e+07,-2.4963e+05,5446.7
-0.075182,112.37,-158.59,-2.4963e+05,3782.5,-85.06
-0.0084339,-2.4047,1.3614,5446.7,-85.06,7.3855
