749.71,653.34,773.42,254.01,6.5426,338.96,188.04,360.65,21.69,46.997,350.12,130.65,75.749
1.5944,137.93,454.9,87.054,2.1075,237.19,48.439,134.87,-102.32,5.2335,149.53,67.133,0.43189
1362.3,994.9,1000,490.99,11.269,441.99,311.12,499.85,179.05,82.913,686.69,181.08,222
0.0010177,0.0016242,0.0039704,-0.0093706,-0.0061097,0.00071531,0.021116,-0.0060507,-0.0067656,0.010012,-0.0030774,-0.013785,0.0028592
0.0016242,0.0047679,0.00068966,-0.0090371,-0.0038961,-0.019177,0.058703,-0.023592,-0.0044146,0.0070454,-0.0098873,0.0033261,0.0074504
0.0039704,0.00068966,0.031986,-0.057199,-0.021999,0.06482,0.025168,0.011792,-0.053028,0.039863,0.0058812,-0.13172,0.0048218
-0.0093706,-0.0090371,-0.057199,0.11922,0.029809,-0.092992,-0.15142,0.0202,0.11319,-0.025718,-0.0037192,0.2317,-0.023493
-0.0061097,-0.0038961,-0.021999,0.029809,0.99757,-0.010671,0.00039442,-0.012629,-0.0019575,0.00047849,0.013261,-0.02277,-0.0045158
0.00071531,-0.019177,0.06482,-0.092992,-0.010671,0.58443,-0.1731,-0.21106,0.20451,-0.10114,0.082158,-0.30949,-0.014765
0.021116,0.058703,0.025168,-0.15142,0.00039442,-0.1731,0.76746,-0.2916,-0.11851,-0.034222,-0.092947,-0.047069,0.099431
-0.0060507,-0.023592,0.011792,0.0202,-0.012629,-0.21106,-0.2916,0.46028,-0.32866,0.0082548,0.047777,-0.075171,-0.035619
-0.0067656,-0.0044146,-0.053028,0.11319,-0.0019575,0.20451,-0.11851,-0.32866,0.46683,0.10939,-0.034382,0.23431,-0.020844
0.010012,0.0070454,0.039863,-0.025718,0.00047849,-0.10114,-0.034222,0.0082548,0.10939,0.93486,-0.15115,-0.10665,-0.027536
-0.0030774,-0.0098873,0.0058812,-0.0037192,0.013261,0.082158,-0.092947,0.047777,-0.034382,-0.15115,0.046919,-0.048286,-0.0077134
-0.013785,0.0033261,-0.13172,0.2317,-0.02277,-0.30949,-0.047069,-0.075171,0.23431,-0.10665,-0.048286,0.5745,-0.012611
0.0028592,0.0074504,0.0048218,-0.023493,-0.0045158,-0.014765,0.099431,-0.035619,-0.020844,-0.027536,-0.0077134,-0.012611,0.015177
74.537,74.537,74.537,74.537,74.537,74.537,74.537,74.537,74.537,74.537,74.537,74.537,74.537
