469.47,468.99,-17.634,-55.413,27.094,27.094,27.094,65.464,-231.11
146.43,146.4,-45.435,-84.924,14.113,14.113,14.113,0.0058734,-613.99
1004.4,1003.4,8.4882,-21.653,57.094,57.094,57.094,298.46,72.267
0.50172,-0.49782,-0.021015,0.039065,0.0052512,0.0052512,0.0052512,-0.0061993,0.00046718
-0.49782,0.50259,-0.026397,0.034672,0.0061941,0.0061941,0.0061941,-0.0076731,-0.00013843
-0.021015,-0.026397,0.301,-0.42504,-0.065508,-0.065508,-0.065508,0.077707,-0.0017622
0.039065,0.034672,-0.42504,0.64099,0.098554,0.098554,0.098554,-0.11866,0.0027056
0.0052512,0.0061941,-0.065508,0.098554,0.68261,-0.31739,-0.31739,-0.018465,0.000364
0.0052512,0.0061941,-0.065508,0.098554,-0.31739,0.68261,-0.31739,-0.018465,0.000364
0.0052512,0.0061941,-0.065508,0.098554,-0.31739,-0.31739,0.68261,-0.018465,0.000364
-0.0061993,-0.0076731,0.077707,-0.11866,-0.018465,-0.018465,-0.018465,0.022446,-0.00047707
0.00046718,-0.00013843,-0.0017622,0.0027056,0.000364,0.000364,0.000364,-0.00047707,5.3963e-05
40.865,40.865,40.865,40.865,40.865,40.865,40.865,40.865,40.865
