0,55.046,286.27,599.25,13.837,429.18,549.98,1027.9,31.897,39.089,1.1181e-13,1.1428e-13,1.1202e-13,1.1287e-13
1093.8,164.38,713.73,734.43,75.594,1010,926.59,1194.9,629.55,217.57,3.2812e-13,3.0301e-13,3.301e-13,3.0798e-13
0.048921,-0.065288,0.02719,-0.031379,-0.0049342,-0.091725,-0.099498,-0.13708,-0.045359,-0.036749,5.0928e-17,5.3627e-17,5.3521e-17,5.83e-17
-0.065288,0.92322,0.22023,0.054868,-0.0096198,-0.06029,0.061776,0.0033245,0.063611,0.059224,9.2823e-19,5.418e-18,-2.578e-19,5.8458e-18
0.02719,0.22023,0.19785,-0.14939,0.0039784,-0.064883,-0.10261,-0.039696,0.025198,-0.26486,-5.8059e-17,-5.8489e-17,-5.3674e-17,-5.9405e-17
-0.031379,0.054868,-0.14939,0.9506,0.010897,0.075206,-0.073122,-0.01377,-0.088973,-0.037632,1.3656e-17,8.3944e-18,1.4765e-17,8.5351e-18
-0.0049342,-0.0096198,0.0039784,0.010897,0.99466,-0.04673,0.025644,4.4638e-05,0.046774,-0.0058088,-1.1041e-17,-8.3176e-18,-1.1145e-17,-8.3579e-18
-0.091725,-0.06029,-0.064883,0.075206,-0.04673,0.57606,0.20702,-0.012087,0.41185,-0.086518,-1.0161e-16,-7.7578e-17,-1.0183e-16,-7.7794e-17
-0.099498,0.061776,-0.10261,-0.073122,0.025644,0.20702,0.85151,-0.022729,-0.22975,-0.00547,5.3927e-17,4.1052e-17,5.5249e-17,4.1769e-17
-0.13708,0.0033245,-0.039696,-0.01377,4.4638e-05,-0.012087,-0.022729,0.97781,-0.010101,-0.019058,5.4548e-18,5.5451e-18,6.0812e-18,6.1831e-18
-0.045359,0.063611,0.025198,-0.088973,0.046774,0.41185,-0.22975,-0.010101,0.57805,0.067464,1.0707e-16,8.3125e-17,1.0791e-16,8.3978e-17
-0.036749,0.059224,-0.26486,-0.037632,-0.0058088,-0.086518,-0.00547,-0.019058,0.067464,0.90139,-3.1869e-17,-2.836e-17,-3.0414e-17,-2.8528e-17
5.0928e-17,9.2823e-19,-5.8059e-17,1.3656e-17,-1.1041e-17,-1.0161e-16,5.3927e-17,5.4548e-18,1.0707e-16,-3.1869e-17,1,-2.6269e-32,-3.2049e-32,-2.6724e-32
5.3627e-17,5.418e-18,-5.8489e-17,8.3944e-18,-8.3176e-18,-7.7578e-17,4.1052e-17,5.5451e-18,8.3125e-17,-2.836e-17,-2.6269e-32,1,-2.6259e-32,-2.2348e-32
5.3521e-17,-2.578e-19,-5.3674e-17,1.4765e-17,-1.1145e-17,-1.0183e-16,5.5249e-17,6.0812e-18,1.0791e-16,-3.0414e-17,-3.2049e-32,-2.6259e-32,1,-2.6723e-32
5.83e-17,5.8458e-18,-5.9405e-17,8.5351e-18,-8.3579e-18,-7.7794e-17,4.1769e-17,6.1831e-18,8.3978e-17,-2.8528e-17,-2.6724e-32,-2.2348e-32,-2.6723e-32,1
34.683,34.683,34.683,34.683,34.683,34.683,34.683,34.683,34.683,34.683,34.683,34.683,34.683,34.683
550.36,92.722,514.71,669.51,34.189,649.07,797.53,1111,461.95,117.92,1.8919e-13,1.8552e-13,1.8997e-13,1.8718e-13
1,1,1,1,1,1,1,1,1,1,1,1,1,1
