462.59,408.56,213.55,281.92,311.07,120.59,180.57,354.07,164.2,457.09,779.72,221.62,767.44,442.03,217.55,219.43,217.99,817.29,-73.647,515,515,515,0.22004,-226.96,17033,0.074044,-189.54
348.49,303.6,158.53,225.79,24.584,1.1182,131.13,144.99,1.6212,316.28,165.58,7.6238,237.03,246.2,4.6116,6.6361,1.4389,150.24,-152.02,334.35,334.35,334.35,0.0080121,-394.49,-2.6398e+05,-476.19,-482.35
684.84,626.19,336.04,411.16,500.88,352.28,304.51,500.58,543.47,584.39,943.66,842.19,948.54,915.72,853.12,824.94,728.36,999.96,-33.828,757.59,757.59,757.59,0.49697,-161.72,2.0839e+05,751.09,90.196
0.83159,-0.20488,0.037845,-0.11507,-0.12241,0.026438,-0.057739,-0.19767,0.020116,0.0071777,0.019644,-0.044068,0.011157,0.017944,-0.043758,-0.0577,-0.052341,-0.036481,0.070571,-0.044974,-0.044974,-0.044974,0.00090875,-0.037575,6.1105e-05,0.0086429,-0.013391
-0.20488,0.7324,0.084343,-0.16399,-0.11851,0.055997,-0.054602,-0.24908,0.033673,0.046116,0.042423,-0.09209,0.020665,0.0198,-0.0049783,-0.061132,-0.057734,-0.046046,0.098168,-0.0038344,-0.0038344,-0.0038344,0.001384,-0.054917,0.00010952,0.024257,-0.028689
0.037845,0.084343,0.91083,0.07713,-0.034808,-0.059493,-0.023096,0.061067,-0.016659,-0.077107,-0.042291,0.094977,-0.016271,0.0013449,-0.097531,-0.018288,0.004501,0.0098958,-0.044338,-0.091769,-0.091769,-0.091769,-0.00078208,0.025778,-8.7785e-05,-0.021937,0.044858
-0.11507,-0.16399,0.07713,0.8722,-0.046259,0.067121,-0.001506,-0.14146,-0.002815,0.080264,-0.0038122,-0.087279,-0.0086486,0.086462,0.0090268,0.0046766,-0.080679,0.0061082,0.063178,0.041248,0.041248,0.041248,0.0010166,-0.01496,7.2476e-05,-0.0047539,-0.031813
-0.12241,-0.11851,-0.034808,-0.046259,0.83549,0.0073163,-0.06169,-0.14698,0.011274,-0.062242,-0.067691,0.083235,-0.054123,0.035679,-0.069608,0.029827,-0.026493,-0.073784,0.03913,-0.12284,-0.12284,-0.12284,0.0001816,-0.015141,6.8285e-05,0.028067,-0.013697
0.026438,0.055997,-0.059493,0.067121,0.0073163,0.90984,-0.031666,0.056376,-0.017213,-0.067844,0.057754,-0.0036268,0.056964,-0.08219,-0.093519,-0.11905,0.00083701,0.024881,-0.045345,-0.052182,-0.052182,-0.052182,-0.00055803,0.0053155,-1.8294e-05,0.03706,0.11159
-0.057739,-0.054602,-0.023096,-0.001506,-0.06169,-0.031666,0.93512,-0.074609,0.071112,-0.030259,0.019801,0.061647,0.016684,-0.038715,-0.057366,-0.10583,0.05952,-0.050761,0.0070018,-0.042991,-0.042991,-0.042991,0.00011623,-0.034645,-0.00015678,-0.022466,0.05975
-0.19767,-0.24908,0.061067,-0.14146,-0.14698,0.056376,-0.074609,0.73658,0.082255,0.031305,-0.0053825,-0.0019705,-0.028478,0.022873,0.0051372,-0.028075,-0.00053712,-0.12189,0.086562,-0.019778,-0.019778,-0.019778,0.001233,-0.067086,-5.1053e-06,0.0089435,0.026803
0.020116,0.033673,-0.016659,-0.002815,0.011274,-0.017213,0.071112,0.082255,0.75797,-0.053434,0.014131,-0.21221,0.008253,-0.0029027,-0.016985,0.14689,-0.256,0.097477,-0.017797,-0.073183,-0.073183,-0.073183,-0.00045109,0.077798,6.9875e-05,0.042059,-0.0055035
0.0071777,0.046116,-0.077107,0.080264,-0.062242,-0.067844,-0.030259,0.031305,-0.053434,0.83898,0.040747,0.023795,0.02527,-0.16784,-0.0033435,0.034796,0.01527,-0.049977,-0.013083,-0.14909,-0.14909,-0.14909,-0.00077493,-0.0028717,0.00021323,0.064694,-0.03514
0.019644,0.042423,-0.042291,-0.0038122,-0.067691,0.057754,0.019801,-0.0053825,0.014131,0.040747,0.76867,0.19306,-0.17075,0.24872,-0.05754,0.1648,-0.024275,-0.02594,-0.019138,-0.012992,-0.012992,-0.012992,-0.00027555,0.046551,-2.0306e-05,0.012369,0.020135
-0.044068,-0.09209,0.094977,-0.087279,0.083235,-0.0036268,0.061647,-0.0019705,-0.21221,0.023795,0.19306,0.56622,0.11331,-0.1388,0.088043,0.029601,-0.25852,0.066501,0.022097,0.038137,0.038137,0.038137,0.00062222,0.016981,-0.00021636,-0.039013,0.078018
0.011157,0.020665,-0.016271,-0.0086486,-0.054123,0.056964,0.016684,-0.028478,0.008253,0.02527,-0.17075,0.11331,0.83953,0.13449,0.035683,0.20448,-0.017939,-0.11257,-0.014572,-0.0040405,-0.0040405,-0.0040405,-0.0001166,0.018748,-0.00015549,-0.0081501,0.094958
0.017944,0.0198,0.0013449,0.086462,0.035679,-0.08219,-0.038715,0.022873,-0.0029027,-0.16784,0.24872,-0.1388,0.13449,0.54594,0.19708,-0.021737,0.12457,-0.15809,0.004893,-0.070194,-0.070194,-0.070194,-0.00031907,-0.081745,4.7701e-05,0.026051,0.015872
-0.043758,-0.0049783,-0.097531,0.0090268,-0.069608,-0.093519,-0.057366,0.0051372,-0.016985,-0.0033435,-0.05754,0.088043,0.035683,0.19708,0.64335,-0.26297,-0.10232,0.19073,-0.044112,-0.076994,-0.076994,-0.076994,-0.00038674,0.056025,-8.139e-05,0.026314,0.099381
-0.0577,-0.061132,-0.018288,0.0046766,0.029827,-0.11905,-0.10583,-0.028075,0.14689,0.034796,0.1648,0.029601,0.20448,-0.021737,-0.26297,0.47009,0.10875,0.17498,-0.0099117,0.037954,0.037954,0.037954,0.00034261,-0.042041,-0.00015445,-0.021262,0.055778
-0.052341,-0.057734,0.004501,-0.080679,-0.026493,0.00083701,0.05952,-0.00053712,-0.256,0.01527,-0.024275,-0.25852,-0.017939,0.12457,-0.10232,0.10875,0.6398,0.12128,-0.0085111,-0.05276,-0.05276,-0.05276,6.7061e-05,0.089423,-0.00015172,-0.0030041,0.10504
-0.036481,-0.046046,0.0098958,0.0061082,-0.073784,0.024881,-0.050761,-0.12189,0.097477,-0.049977,-0.02594,0.066501,-0.11257,-0.15809,0.19073,0.17498,0.12128,0.66858,0.004605,-0.022089,-0.022089,-0.022089,0.00017805,-0.079212,-0.0003577,-0.017025,0.22354
0.070571,0.098168,-0.044338,0.063178,0.03913,-0.045345,0.0070018,0.086562,-0.017797,-0.013083,-0.019138,0.022097,-0.014572,0.004893,-0.044112,-0.0099117,-0.0085111,0.004605,0.94181,0.0009804,0.0009804,0.0009804,-0.00056347,0.024004,-0.00016777,-0.001596,0.137
-0.044974,-0.0038344,-0.091769,0.041248,-0.12284,-0.052182,-0.042991,-0.019778,-0.073183,-0.14909,-0.012992,0.038137,-0.0040405,-0.070194,-0.076994,0.037954,-0.05276,-0.022089,0.0009804,0.80719,-0.19281,-0.19281,-0.00061947,0.015411,-2.7007e-05,-0.038521,-0.050401
-0.044974,-0.0038344,-0.091769,0.041248,-0.12284,-0.052182,-0.042991,-0.019778,-0.073183,-0.14909,-0.012992,0.038137,-0.0040405,-0.070194,-0.076994,0.037954,-0.05276,-0.022089,0.0009804,-0.19281,0.80719,-0.19281,-0.00061947,0.015411,-2.7007e-05,-0.038521,-0.050401
-0.044974,-0.0038344,-0.091769,0.041248,-0.12284,-0.052182,-0.042991,-0.019778,-0.073183,-0.14909,-0.012992,0.038137,-0.0040405,-0.070194,-0.076994,0.037954,-0.05276,-0.022089,0.0009804,-0.19281,-0.19281,0.80719,-0.00061947,0.015411,-2.7007e-05,-0.038521,-0.050401
0.00090875,0.001384,-0.00078208,0.0010166,0.0001816,-0.00055803,0.00011623,0.001233,-0.00045109,-0.00077493,-0.00027555,0.00062222,-0.0001166,-0.00031907,-0.00038674,0.00034261,6.7061e-05,0.00017805,-0.00056347,-0.00061947,-0.00061947,-0.00061947,0.99999,0.00034967,2.3394e-07,0.00027098,0.00024852
-0.037575,-0.054917,0.025778,-0.01496,-0.015141,0.0053155,-0.034645,-0.067086,0.077798,-0.0028717,0.046551,0.016981,0.018748,-0.081745,0.056025,-0.042041,0.089423,-0.079212,0.024004,0.015411,0.015411,0.015411,0.00034967,0.95011,-8.3944e-05,0.0039654,0.0093743
6.1105e-05,0.00010952,-8.7785e-05,7.2476e-05,6.8285e-05,-1.8294e-05,-0.00015678,-5.1053e-06,6.9875e-05,0.00021323,-2.0306e-05,-0.00021636,-0.00015549,4.7701e-05,-8.139e-05,-0.00015445,-0.00015172,-0.0003577,-0.00016777,-2.7007e-05,-2.7007e-05,-2.7007e-05,2.3394e-07,-8.3944e-05,4.5792e-07,4.9038e-05,-0.00023299
0.0086429,0.024257,-0.021937,-0.0047539,0.028067,0.03706,-0.022466,0.0089435,0.042059,0.064694,0.012369,-0.039013,-0.0081501,0.026051,0.026314,-0.021262,-0.0030041,-0.017025,-0.001596,-0.038521,-0.038521,-0.038521,0.00027098,0.0039654,4.9038e-05,0.018563,-0.002055
-0.013391,-0.028689,0.044858,-0.031813,-0.013697,0.11159,0.05975,0.026803,-0.0055035,-0.03514,0.020135,0.078018,0.094958,0.015872,0.099381,0.055778,0.10504,0.22354,0.137,-0.050401,-0.050401,-0.050401,0.00024852,0.0093743,-0.00023299,-0.002055,0.16622
96.363,96.363,96.363,96.363,96.363,96.363,96.363,96.363,96.363,96.363,96.363,96.363,96.363,96.363,96.363,96.363,96.363,96.363,96.363,96.363,96.363,96.363,96.363,96.363,96.363,96.363,96.363
