748.55,600.14,705.88,101.16,79.343,1072.8,896.64,1397.2,324.4,87.935
7.2863,253.01,443.14,58.609,32.428,737.83,355.38,806.27,14.941,45.923
1266.7,868.13,925.49,234.05,155.29,1514.2,1266.8,1654.7,675,149.37
0.017628,0.025599,0.061928,0.064955,-0.0065757,0.015367,0.040128,-0.024636,-0.040001,0.067032
0.025599,0.045327,0.080401,0.1119,-0.045725,0.031389,0.094608,-0.054329,-0.085705,0.035509
0.061928,0.080401,0.22913,0.21095,0.035196,0.042211,0.10202,-0.067141,-0.10935,0.30288
0.064955,0.1119,0.21095,0.31228,0.063312,0.064203,0.26373,-0.15467,-0.21891,0.058589
-0.0065757,-0.045725,0.035196,0.063312,0.97349,-0.10508,0.0055942,-0.025188,0.079893,-0.018168
0.015367,0.031389,0.042211,0.064203,-0.10508,0.36116,0.062312,-0.36701,0.27183,0.0088559
0.040128,0.094608,0.10202,0.26373,0.0055942,0.062312,0.2952,-0.1655,-0.2278,-0.18509
-0.024636,-0.054329,-0.067141,-0.15467,-0.025188,-0.36701,-0.1655,0.42709,-0.20592,0.086536
-0.040001,-0.085705,-0.10935,-0.21891,0.079893,0.27183,-0.2278,-0.20592,0.52224,0.077689
0.067032,0.035509,0.30288,0.058589,-0.018168,0.0088559,-0.18509,0.086536,0.077689,0.81757
62.211,62.211,62.211,62.211,62.211,62.211,62.211,62.211,62.211,62.211
