190.79,0.56514,0.76967,0.98091,0.00011792,0.054505,0.71502,0.74236,0.68786,0.061693,0.22955,0.082241,0.98244
20.345,0.077922,0.41176,0.28105,2.3516e-05,0.029522,0.64423,0.66126,0.63166,0.038532,0.14498,0.055658,0.92454
342,0.96954,0.99216,3.0145,0.00037085,0.092735,0.89445,0.91587,0.86745,0.12209,0.30488,0.15108,0.99971
0.00014821,0.0036693,-0.019887,-0.0010177,-0.00018103,-0.034429,-0.0034633,-0.02715,0.0072814,0.026848,0.092277,0.037184,0.0096706
0.0036693,14.321,-9.5631,0.75517,-0.0083221,0.4466,9.5224,6.8255,6.3796,0.24733,-3.0885,12.007,-15.84
-0.019887,-9.5631,50.473,2.9893,0.23323,35.75,-14.55,1.3586,-34.391,25.513,9.7741,3.5732,-40.114
-0.0010177,0.75517,2.9893,3.1256,0.022069,-2.3255,-0.21056,-0.33486,1.9909,-13.272,-9.8014,-21.398,-10.513
-0.00018103,-0.0083221,0.23323,0.022069,1000,-0.68788,-0.082033,-0.42665,0.26123,0.067006,0.37668,-0.1606,0.66607
-0.034429,0.4466,35.75,-2.3255,-0.68788,869.09,-28.457,-95.168,35.745,3.7414,17.738,-18.806,97.928
-0.0034633,9.5224,-14.55,-0.21056,-0.082033,-28.457,689.01,-315.96,-287.51,-13.218,-15.434,-11.044,-21.58
-0.02715,6.8255,1.3586,-0.33486,-0.42665,-95.168,-315.96,641.74,-263.09,-1.7368,0.046894,-13.001,34.594
0.0072814,6.3796,-34.391,1.9909,0.26123,35.745,-287.51,-263.09,701.16,-5.4802,-17.694,5.8048,-63.336
0.026848,0.24733,25.513,-13.272,0.067006,3.7414,-13.218,-1.7368,-5.4802,895.41,-79.379,-58.791,-52.369
0.092277,-3.0885,9.7741,-9.8014,0.37668,17.738,-15.434,0.046894,-17.694,-79.379,628.1,121.99,-83.455
0.037184,12.007,3.5732,-21.398,-0.1606,-18.806,-11.044,-13.001,5.8048,-58.791,121.99,859.85,-0.15222
0.0096706,-15.84,-40.114,-10.513,0.66607,97.928,-21.58,34.594,-63.336,-52.369,-83.455,-0.15222,802.53
