949.27,843.62,152.41,-869.49,908.54,908.54,908.54,25.157,-340.57
854.45,664.31,-365.77,-1300.8,278.29,278.29,278.29,24.073,-444.81
1126.1,1094.3,557.56,-241.51,1243.2,1243.2,1243.2,26.955,-244.15
0.91416,-0.13212,0.020538,0.18393,-0.088206,-0.088206,-0.088206,0.00011327,0.058532
-0.13212,0.79309,0.05752,0.31348,-0.11023,-0.11023,-0.11023,9.4204e-05,0.092808
0.020538,0.05752,0.80704,-0.26462,-0.16415,-0.16415,-0.16415,0.00055443,-0.033767
0.18393,0.31348,-0.26462,0.34709,-0.028343,-0.028343,-0.028343,0.00043955,-0.1486
-0.088206,-0.11023,-0.16415,-0.028343,0.72687,-0.27313,-0.27313,0.00068927,0.040673
-0.088206,-0.11023,-0.16415,-0.028343,-0.27313,0.72687,-0.27313,0.00068927,0.040673
-0.088206,-0.11023,-0.16415,-0.028343,-0.27313,-0.27313,0.72687,0.00068927,0.040673
0.00011327,9.4204e-05,0.00055443,0.00043955,0.00068927,0.00068927,0.00068927,1,-1.6116e-05
0.058532,0.092808,-0.033767,-0.1486,0.040673,0.040673,0.040673,-1.6116e-05,0.95801
26.441,26.441,26.441,26.441,26.441,26.441,26.441,26.441,26.441
