571.29,489.56,240.81,25.832,439.64,439.64,439.64,173.92,-97.4
211.57,54.599,110.33,-138.19,343.64,343.64,343.64,0.0082974,-436.22
1620.2,1590.7,334.75,124.46,558.48,558.48,558.48,1660,346.07
0.0040322,-0.0033922,-0.0022569,0.00076143,0.00013965,0.00013965,0.00013965,-0.00036622,-0.0001153
-0.0033922,0.0028955,0.0020113,-0.00057118,-0.00017508,-0.00017508,-0.00017508,0.00026542,8.9327e-05
-0.0022569,0.0020113,0.0078852,-0.002436,-0.0015817,-0.0015817,-0.0015817,0.00014716,5.7452e-05
0.00076143,-0.00057118,-0.002436,0.0017224,0.0002111,0.0002111,0.0002111,-0.00016623,-7.6132e-05
0.00013965,-0.00017508,-0.0015817,0.0002111,0.66714,-0.33286,-0.33286,3.0015e-05,7.0262e-06
0.00013965,-0.00017508,-0.0015817,0.0002111,-0.33286,0.66714,-0.33286,3.0015e-05,7.0262e-06
0.00013965,-0.00017508,-0.0015817,0.0002111,-0.33286,-0.33286,0.66714,3.0015e-05,7.0262e-06
-0.00036622,0.00026542,0.00014716,-0.00016623,3.0015e-05,3.0015e-05,3.0015e-05,8.6579e-05,2.3017e-05
-0.0001153,8.9327e-05,5.7452e-05,-7.6132e-05,7.0262e-06,7.0262e-06,7.0262e-06,2.3017e-05,4.4609e-05
58.654,58.654,58.654,58.654,58.654,58.654,58.654,58.654,58.654
