0.77265,0.68995,0.30152,0.30392,0.17013,0.65067,0.68339,0.15278,0.25276,0.013292,0.70428,0.67411,0.13306,0.66442,0.6809,0.97432,0.07178,0.10852,-0.00083121,0.64419,0.64419,0.64419,0.064226,0.62268,0.58128,0.14978,0.37903,0.15013,0.34324,0.51212,0.061904,0.24889,0.18844,0.5151,0.64041,0.19578,0.72455,0.60962,0.80138,0.25564,0.24642,-0.38714,0.59638,0.59638,0.59638,0.24789
0.46265,0.29236,0.19304,0.17096,0.011103,0.26753,0.27744,0.12488,0.05069,0.0061801,0.50463,0.42501,0.016146,0.3754,0.50487,0.85675,0.022292,0.0061345,-0.11261,0.34943,0.34943,0.34943,5.5486e-06,0.30301,0.21669,-0.014388,0.12847,0.0011635,0.13212,0.087715,0.0062916,0.11454,0.010549,0.034087,0.02888,0.044245,0.47821,0.40748,0.0061912,0.042796,0.057708,-0.59085,0.34205,0.34205,0.34205,9.962e-06
1.2717,1.2538,0.39521,0.4129,0.64064,1.0852,1.2639,0.21044,0.37291,0.023728,0.90488,0.86318,0.51519,0.86305,0.86227,0.99973,0.20067,0.47509,0.066742,0.81167,0.81167,0.81167,0.37157,1.268,1.2568,0.31393,1.2447,0.23336,0.93038,1.2516,0.13343,0.35662,0.999,0.82592,0.9069,0.50697,0.90439,0.74528,0.99742,0.74582,0.66612,-0.24012,0.6971,0.6971,0.6971,1.4872
906.53,-111.24,19.907,20.166,-89.247,-85.24,-106.86,18.452,17.204,-2.0351,-6.8833,15.298,-41.203,20.433,8.8745,16.408,-9.4751,-42.1,-6.6729,42.298,42.298,42.298,-45.462,-50.782,-71.91,55.741,-6.7995,8.5408,-32.997,-71.319,-6.7334,41.134,-25.572,30.397,2.086,9.444,-10.964,13.264,16.358,-12.072,-2.4072,23.533,55.025,55.025,55.025,-28.616
-111.24,845.32,45.915,36.264,-101.12,-124.94,-141.35,28.539,19.981,-3.0828,-25.662,29.341,-11.571,32.594,-13.287,12.485,7.7951,-18.286,12.481,50.533,50.533,50.533,-38.272,-18.769,-62.339,97.007,-19.226,15.413,25.553,-53.058,-6.2094,58.486,-40.04,56.959,-17.741,44.91,-42.988,18.22,3.9324,-12.656,38.928,0.75556,80.338,80.338,80.338,-37.197
19.907,45.915,960.86,-26.032,21.553,38.813,36.207,-14.411,-14.185,0.15291,22.171,-27.269,-24.13,-25.662,24.609,3.0108,-15.593,-17.996,-29.138,-16.04,-16.04,-16.04,-5.1086,-55.411,-27.712,-63.567,3.6929,-43.902,-60.333,-47.737,-0.0319,-24.232,1.945,-40.097,34.466,7.2476,30.583,-40.044,8.5509,14.69,-12.467,-27.136,-23.909,-23.909,-23.909,-8.7374
20.166,36.264,-26.032,980.74,22.289,29.46,31.201,-8.4714,-14.648,0.16022,19.13,-24.123,-4.7544,-24.074,18.145,-0.79867,-5.7189,-1.6469,-16.649,-16.622,-16.622,-16.622,3.5136,-30.207,-13.464,-41.346,-8.2166,-30.151,-20.311,-25.107,1.8062,-16.364,-7.8951,-24.862,30.843,6.2492,22.38,-32.375,12.792,2.4315,-10.403,-26.206,-17.972,-17.972,-17.972,-18.467
-89.247,-101.12,21.553,22.289,816.01,-46.168,-85.627,54.115,-4.1911,-2.8426,44.958,-35.816,-68.841,-26.922,72.882,28.958,-16.049,-68.284,-39.388,72.752,72.752,72.752,-82.011,17.25,-14.551,98.554,72.315,-3.8646,-4.7795,5.7616,-10.303,79.491,18.794,-75.264,26.809,-65.229,65.027,-37.873,-15.417,-20.261,-26.411,5.0822,97.371,97.371,97.371,53.325
-85.24,-124.94,38.813,29.46,-46.168,888.29,-116.62,11.609,21.77,-2.2807,-40.309,40.945,7.5705,41.669,-35.99,4.1528,11.919,0.87331,23.504,29.236,29.236,29.236,-14.512,-26.152,-59.499,65.75,-39.239,14.808,23.122,-57.301,-3.4342,33.965,-44.263,78.73,-27.166,67.028,-63.559,29.112,6.4902,-3.9451,49.483,-2.0025,51.267,51.267,51.267,-51.264
-106.86,-141.35,36.207,31.201,-85.627,-116.62,866.3,18.444,24.995,-2.6231,-30.245,35.731,-23.5,39.575,-17.3,13.292,0.24403,-27.794,8.9542,46.072,46.072,46.072,-38.465,-41.404,-73.948,73.874,-17.588,13.941,-10.6,-71.869,-6.9837,45.579,-33.296,59.845,-21.233,44.442,-44.934,26.438,5.1845,-4.0976,32.717,13.691,65.514,65.514,65.514,-34.596
18.452,28.539,-14.411,-8.4714,54.115,11.609,18.444,975.37,9.8213,0.81462,-22.628,21.207,-1.712,20.338,-26.981,-4.2332,-5.9555,0.95167,3.9584,-16.93,-16.93,-16.93,14.582,-33.603,-14.427,-48.447,-7.3198,-5.9953,-49.188,-29.638,-0.011194,-32.136,8.7061,19.871,-19.224,27.376,-25.011,17.67,-6.016,25.042,14.43,7.4221,-33.906,-33.906,-33.906,-0.048325
17.204,19.981,-14.185,-14.648,-4.1911,21.77,24.995,9.8213,970.68,-0.76579,34.311,-44.661,17.162,-45.694,32.175,-2.3542,7.6127,16.355,-15.249,-11.739,-11.739,-11.739,4.0769,7.4823,6.8606,-6.5923,-11.609,-37.188,46.187,6.3277,3.7098,5.3223,-22.279,-40.418,46.559,9.193,33.596,-59.818,12.12,-12.918,0.42187,-61.46,7.6329,7.6329,7.6329,-26.497
-2.0351,-3.0828,0.15291,0.16022,-2.8426,-2.2807,-2.6231,0.81462,-0.76579,999.84,0.13679,-0.9818,0.034003,-0.89361,0.47546,0.34592,0.34278,-0.10213,-0.92496,1.0304,1.0304,1.0304,-1.1279,-0.65808,-1.4498,1.0776,0.57249,-3.0474,1.1506,-1.8489,-0.18221,1.2919,-0.76662,-1.6645,0.55497,3.9204,-0.32417,-3.3058,-1.5294,1.3028,3.8296,-4.8742,2.6825,2.6825,2.6825,-0.17122
-6.8833,-25.662,22.171,19.13,44.958,-40.309,-30.245,-22.628,34.311,0.13679,928.67,70.03,15.727,68.065,-77.45,-6.3618,5.9526,13.246,32.752,1.8284,1.8284,1.8284,18.526,1.6064,-0.39471,-5.4079,3.3907,21.027,-26.882,-7.6109,-3.2148,-20.637,23.321,65.238,-83.661,65.382,-85.516,61.841,-45.038,47.447,73.157,18.315,-12.522,-12.522,-12.522,31.273
15.298,29.341,-27.269,-24.123,-35.816,40.945,35.731,21.207,-44.661,-0.9818,70.03,920.81,-0.93576,-78.251,73.529,3.5865,0.4611,0.48085,-36.633,-7.8292,-7.8292,-7.8292,-12.204,-0.014552,2.2008,-5.8376,-3.6882,-51.217,43.911,3.4105,3.854,16.601,-27.247,-80.04,86.405,-24.567,78.927,-92.124,29.288,-30.935,-34.848,-69.107,16.924,16.924,16.924,-32.547
-41.203,-11.571,-24.13,-4.7544,-68.841,7.5705,-23.5,-1.712,17.162,0.034003,15.727,-0.93576,901.45,7.8366,37.99,23.959,-42.767,-88.056,-42.867,33.872,33.872,33.872,-59.246,-72.86,-50.086,-23.256,63.568,-5.5429,-149.74,-63.102,-10.462,4.1244,46.083,-46.894,4.2542,-57.721,42.921,7.8434,-7.5838,19.347,-49.142,60.95,7.5032,7.5032,7.5032,56.111
20.433,32.594,-25.662,-24.074,-26.922,41.669,39.575,20.338,-45.694,-0.89361,68.065,-78.251,7.8366,921.84,69.303,1.1743,3.977,8.4517,-32.367,-11.826,-11.826,-11.826,-6.0101,5.7943,6.8741,-5.6531,-9.8739,-49.725,55.508,8.9734,4.8796,14.775,-30.878,-74.723,85.438,-20.305,74.668,-91.124,30.526,-32.568,-31.734,-72.449,14.151,14.151,14.151,-37.61
8.8745,-13.287,24.609,18.145,72.882,-35.99,-17.3,-26.981,32.175,0.47546,-77.45,73.529,37.99,69.303,910.2,-12.969,14.315,33.759,43.803,-10.298,-10.298,-10.298,35.855,13.963,11.04,-9.6246,-13.066,24.61,-1.3045,4.9373,-0.49015,-28.34,14.902,79.85,-86.958,77.006,-97.4,65.765,-41.719,44.74,80.766,11.041,-23.242,-23.242,-23.242,18.28
16.408,12.485,3.0108,-0.79867,28.958,4.1528,13.292,-4.2332,-2.3542,0.34592,-6.3618,3.5865,23.959,1.1743,-12.969,992.98,9.1138,22.016,11.904,-12.635,-12.635,-12.635,18.334,13.875,12.463,-3.495,-17.571,4.0726,28.349,13.945,2.9112,-7.6442,-9.2067,15.59,-3.4123,12.15,-12.562,4.1009,3.5991,-3.3007,8.0869,-7.8445,-10.814,-10.814,-10.814,-13.941
-9.4751,7.7951,-15.593,-5.7189,-16.049,11.919,0.24403,-5.9555,7.6127,0.34278,5.9526,0.4611,-42.767,3.977,14.315,9.1138,979.89,-37.385,-18.804,8.9504,8.9504,8.9504,-21.478,-37.34,-22.021,-22.803,25.483,-3.4008,-73.978,-30.427,-4.0442,-6.1443,21.683,-19.44,1.9782,-25.153,18.376,5.3609,-1.5732,10.808,-24.423,29.171,-6.7557,-6.7557,-6.7557,23.323
-42.1,-18.286,-17.996,-1.6469,-68.284,0.87331,-27.794,0.95167,16.355,-0.10213,13.246,0.48085,-88.056,8.4517,33.759,22.016,-37.385,920.82,-37.11,33.505,33.505,33.505,-54.935,-62.276,-45.078,-13.218,57.036,-2.3078,-129.58,-55.01,-9.631,7.8565,40.07,-39.628,2.3634,-52.094,36.976,8.7523,-7.0494,15.517,-43.013,55.892,11.642,11.642,11.642,50.123
-6.6729,12.481,-29.138,-16.649,-39.388,23.504,8.9542,3.9584,-15.249,-0.92496,32.752,-36.633,-42.867,-32.367,43.803,11.904,-18.804,-37.11,959.43,9.3299,9.3299,9.3299,-30.756,-39.351,-23.866,-28.543,34.88,-47.181,-55.975,-36.355,-3.7944,2.3046,14.645,-68.603,35.166,-7.6389,47.244,-53.797,-7.6972,14.884,-8.418,-32.822,10.716,10.716,10.716,20.529
42.298,50.533,-16.04,-16.622,72.752,29.236,46.072,-16.93,-11.739,1.0304,1.8284,-7.8292,33.872,-11.826,-10.298,-12.635,8.9504,33.505,9.3299,963.87,-36.132,-36.132,34.834,-8.4451,4.4977,-41.825,-42.232,-9.4431,22.449,-2.9194,6.4943,-28.952,-24.097,17.205,17.62,19.955,-6.0827,-8.0309,23.611,-7.1289,-4.2248,-19.509,-38.362,-38.362,-38.362,-44.671
42.298,50.533,-16.04,-16.622,72.752,29.236,46.072,-16.93,-11.739,1.0304,1.8284,-7.8292,33.872,-11.826,-10.298,-12.635,8.9504,33.505,9.3299,-36.132,963.87,-36.132,34.834,-8.4451,4.4977,-41.825,-42.232,-9.4431,22.449,-2.9194,6.4943,-28.952,-24.097,17.205,17.62,19.955,-6.0827,-8.0309,23.611,-7.1289,-4.2248,-19.509,-38.362,-38.362,-38.362,-44.671
42.298,50.533,-16.04,-16.622,72.752,29.236,46.072,-16.93,-11.739,1.0304,1.8284,-7.8292,33.872,-11.826,-10.298,-12.635,8.9504,33.505,9.3299,-36.132,-36.132,963.87,34.834,-8.4451,4.4977,-41.825,-42.232,-9.4431,22.449,-2.9194,6.4943,-28.952,-24.097,17.205,17.62,19.955,-6.0827,-8.0309,23.611,-7.1289,-4.2248,-19.509,-38.362,-38.362,-38.362,-44.671
-45.462,-38.272,-5.1086,3.5136,-82.011,-14.512,-38.465,14.582,4.0769,-1.1279,18.526,-12.204,-59.246,-6.0101,35.855,18.334,-21.478,-54.935,-30.756,34.834,34.834,34.834,951.4,-30.437,-30.395,16.531,45.297,-11.917,-62.803,-32.371,-7.4445,24.608,21.142,-42.537,10.999,-29.893,33.736,-15.206,-9.8875,6.2803,-17.991,14.147,34.114,34.114,34.114,34.769
-50.782,-18.769,-55.411,-30.207,17.25,-26.152,-41.404,-33.603,7.4823,-0.65808,1.6064,-0.014552,-72.86,5.7943,13.963,13.875,-37.34,-62.276,-39.351,-8.4451,-8.4451,-8.4451,-30.437,807.32,-151.53,-94.659,-43.763,-55.761,-173.03,-199.38,-4.5537,-32.866,-40.504,21.692,46.21,53.19,1.6108,-18.143,52.319,19.614,-23.031,2.5407,-25.202,-25.202,-25.202,-86.047
-71.91,-62.339,-27.712,-13.464,-14.551,-59.499,-73.948,-14.427,6.8606,-1.4498,-0.39471,2.2008,-50.086,6.8741,11.04,12.463,-22.021,-45.078,-23.866,4.4977,4.4977,4.4977,-30.395,-151.53,863.65,-38.193,-54.693,-37.102,-105.06,-168.09,-3.5512,-4.6726,-57.768,39.534,42.005,53.528,-8.4358,-13.222,54.585,-1.0514,-13.325,-2.5105,5.7369,5.7369,5.7369,-97.658
55.741,97.007,-63.567,-41.346,98.554,65.75,73.874,-48.447,-6.5923,1.0776,-5.4079,-5.8376,-23.256,-5.6531,-9.6246,-3.495,-22.803,-13.218,-28.543,-41.825,-41.825,-41.825,16.531,-94.659,-38.193,861.95,3.1206,-65.753,-123.74,-80.875,0.024965,-71.278,20.694,-30.504,9.5584,52.941,0.88572,-31.358,-10.97,57.944,19.832,-37.38,-70.783,-70.783,-70.783,2.6937
-6.7995,-19.226,3.6929,-8.2166,72.315,-39.239,-17.588,-7.3198,-11.609,0.57249,3.3907,-3.6882,63.568,-9.8739,-13.066,-17.571,25.483,57.036,34.88,-42.232,-42.232,-42.232,45.297,-43.763,-54.693,3.1206,856.43,19.869,85.575,-55.224,12.419,-6.6935,-116.58,107.39,56.42,34.25,-27.323,12.185,106.43,-71.489,-40.584,-0.84336,-23.038,-23.038,-23.038,-178.14
8.5408,15.413,-43.902,-30.151,-3.8646,14.808,13.941,-5.9953,-37.188,-3.0474,21.027,-51.217,-5.5429,-49.725,24.61,4.0726,-3.4008,-2.3078,-47.181,-9.4431,-9.4431,-9.4431,-11.917,-55.761,-37.102,-65.753,19.869,876.05,-25.687,-69.923,-2.0673,-13.858,-4.6941,-87.702,40.049,110.38,18.167,-122.92,-40.188,58.678,91.812,-158,16.226,16.226,16.226,0.13474
-32.997,25.553,-60.333,-20.311,-4.7795,23.122,-10.6,-49.188,46.187,1.1506,-26.882,43.911,-149.74,55.508,-1.3045,28.349,-73.978,-129.58,-55.975,22.449,22.449,22.449,-62.803,-173.03,-105.06,-123.74,85.575,-25.687,682.14,-155.03,-16.724,-53.094,87.825,-31.542,-38.793,-17.385,6.9522,42.949,-33.662,86.145,-27.039,94.118,-46.448,-46.448,-46.448,89.868
-71.319,-53.058,-47.737,-25.107,5.7616,-57.301,-71.869,-29.638,6.3277,-1.8489,-7.6109,3.4105,-63.102,8.9734,4.9373,13.945,-30.427,-55.01,-36.355,-2.9194,-2.9194,-2.9194,-32.371,-199.38,-168.09,-80.875,-55.224,-69.923,-155.03,781.68,-5.1161,-23.743,-56.791,32.959,43.656,93.465,-16.809,-30.175,46.95,25.823,10.519,-28.449,-6.2958,-6.2958,-6.2958,-102.98
-6.7334,-6.2094,-0.0319,1.8062,-10.303,-3.4342,-6.9837,-0.011194,3.7098,-0.18221,-3.2148,3.854,-10.462,4.8796,-0.49015,2.9112,-4.0442,-9.631,-3.7944,6.4943,6.4943,6.4943,-7.4445,-4.5537,-3.5512,0.024965,12.419,-2.0673,-16.724,-5.1161,998.13,1.3871,9.5217,-5.5589,-6.9902,0.72531,-0.90281,1.5636,-9.2766,8.3857,5.3189,2.7418,4.2366,4.2366,4.2366,14.224
41.134,58.486,-24.232,-16.364,79.491,33.965,45.579,-32.136,5.3223,1.2919,-20.637,16.601,4.1244,14.775,-28.34,-7.6442,-6.1443,7.8565,2.3046,-28.952,-28.952,-28.952,24.608,-32.866,-4.6726,-71.278,-6.6935,-13.858,-53.094,-23.743,1.3871,954,14.265,10.943,-17.03,29.662,-21.662,11.299,-8.7508,31.375,15.37,-0.86607,-50.532,-50.532,-50.532,3.9671
-25.572,-40.04,1.945,-7.8951,18.794,-44.263,-33.296,8.7061,-22.279,-0.76662,23.321,-27.247,46.083,-30.878,14.902,-9.2067,21.683,40.07,14.645,-24.097,-24.097,-24.097,21.142,-40.504,-57.768,20.694,-116.58,-4.6941,87.825,-56.791,9.5217,14.265,889.76,63.778,73.15,32.378,-1.4371,-25.126,92.823,-67.683,-31.632,-32.216,8.0298,8.0298,8.0298,-159.11
30.397,56.959,-40.097,-24.862,-75.264,78.73,59.845,19.871,-40.418,-1.6645,65.238,-80.04,-46.894,-74.723,79.85,15.59,-19.44,-39.628,-68.603,17.205,17.205,17.205,-42.537,21.692,39.534,-30.504,107.39,-87.702,-31.542,32.959,-5.5589,10.943,63.778,827.83,44.294,-25.761,96.184,-117.72,-61.425,39.299,16.333,-94.644,27.798,27.798,27.798,104.86
2.086,-17.741,34.466,30.843,26.809,-27.166,-21.233,-19.224,46.559,0.55497,-83.661,86.405,4.2542,85.438,-86.958,-3.4123,1.9782,2.3634,35.166,17.62,17.62,17.62,10.999,46.21,42.005,9.5584,56.42,40.049,-38.793,43.656,-6.9902,-17.03,73.15,44.294,876.21,38.388,-87.895,84.299,-87.643,68.051,84.275,43.438,-8.0174,-8.0174,-8.0174,107.68
9.444,44.91,7.2476,6.2492,-65.229,67.028,44.442,27.376,9.193,3.9204,65.382,-24.567,-57.721,-20.305,77.006,12.15,-25.153,-52.094,-7.6389,19.955,19.955,19.955,-29.893,53.19,53.528,52.941,34.25,110.38,-17.385,93.465,0.72531,29.662,32.378,-25.761,38.388,760.95,105.1,69.341,67.364,-94.322,-203.49,183.74,-13.886,-13.886,-13.886,35.867
-10.964,-42.988,30.583,22.38,65.027,-63.559,-44.934,-25.011,33.596,-0.32417,-85.516,78.927,42.921,74.668,-97.4,-12.562,18.376,36.976,47.244,-6.0827,-6.0827,-6.0827,33.736,1.6108,-8.4358,0.88572,-27.323,18.167,6.9522,-16.809,-0.90281,-21.662,-1.4371,96.184,-87.895,105.1,887.09,62.51,-39.34,45.93,99.827,-3.9874,-10.393,-10.393,-10.393,-1.9334
13.264,18.22,-40.044,-32.375,-37.873,29.112,26.438,17.67,-59.818,-3.3058,61.841,-92.124,7.8434,-91.124,65.765,4.1009,5.3609,8.7523,-53.797,-8.0309,-8.0309,-8.0309,-15.206,-18.143,-13.222,-31.358,12.185,-122.92,42.949,-30.175,1.5636,11.299,-25.126,-117.72,84.299,69.341,62.51,844.02,-15.478,18.388,55.667,-173.97,35.996,35.996,35.996,-20.014
16.358,3.9324,8.5509,12.792,-15.417,6.4902,5.1845,-6.016,12.12,-1.5294,-45.038,29.288,-7.5838,30.526,-41.719,3.5991,-1.5732,-7.0494,-7.6972,23.611,23.611,23.611,-9.8875,52.319,54.585,-10.97,106.43,-40.188,-33.662,46.95,-9.2766,-8.7508,92.823,-61.425,-87.643,67.364,-39.34,-15.478,871.94,98.876,128.04,-62.792,19.111,19.111,19.111,148.89
-12.072,-12.656,14.69,2.4315,-20.261,-3.9451,-4.0976,25.042,-12.918,1.3028,47.447,-30.935,19.347,-32.568,44.74,-3.3007,10.808,15.517,14.884,-7.1289,-7.1289,-7.1289,6.2803,19.614,-1.0514,57.944,-71.489,58.678,86.145,25.823,8.3857,31.375,-67.683,39.299,68.051,-94.322,45.93,18.388,98.876,898.09,-117.87,63.599,4.9538,4.9538,4.9538,-98.662
-2.4072,38.928,-12.467,-10.403,-26.411,49.483,32.717,14.43,0.42187,3.8296,73.157,-34.848,-49.142,-31.734,80.766,8.0869,-24.423,-43.013,-8.418,-4.2248,-4.2248,-4.2248,-17.991,-23.031,-13.325,19.832,-40.584,91.812,-27.039,10.519,5.3189,15.37,-31.632,16.333,84.275,-203.49,99.827,55.667,128.04,-117.87,775.69,168.97,-31.94,-31.94,-31.94,-68.424
23.533,0.75556,-27.136,-26.206,5.0822,-2.0025,13.691,7.4221,-61.46,-4.8742,18.315,-69.107,60.95,-72.449,11.041,-7.8445,29.171,55.892,-32.822,-19.509,-19.509,-19.509,14.147,2.5407,-2.5105,-37.38,-0.84336,-158,94.118,-28.449,2.7418,-0.86607,-32.216,-94.644,43.438,183.74,-3.9874,-173.97,-62.792,63.599,168.97,739.69,42.684,42.684,42.684,-19.819
55.025,80.338,-23.909,-17.972,97.371,51.267,65.514,-33.906,7.6329,2.6825,-12.522,16.924,7.5032,14.151,-23.242,-10.814,-6.7557,11.642,10.716,-38.362,-38.362,-38.362,34.114,-25.202,5.7369,-70.783,-23.038,16.226,-46.448,-6.2958,4.2366,-50.532,8.0298,27.798,-8.0174,-13.886,-10.393,35.996,19.111,4.9538,-31.94,42.684,930.51,-69.493,-69.493,-11.997
55.025,80.338,-23.909,-17.972,97.371,51.267,65.514,-33.906,7.6329,2.6825,-12.522,16.924,7.5032,14.151,-23.242,-10.814,-6.7557,11.642,10.716,-38.362,-38.362,-38.362,34.114,-25.202,5.7369,-70.783,-23.038,16.226,-46.448,-6.2958,4.2366,-50.532,8.0298,27.798,-8.0174,-13.886,-10.393,35.996,19.111,4.9538,-31.94,42.684,-69.493,930.51,-69.493,-11.997
55.025,80.338,-23.909,-17.972,97.371,51.267,65.514,-33.906,7.6329,2.6825,-12.522,16.924,7.5032,14.151,-23.242,-10.814,-6.7557,11.642,10.716,-38.362,-38.362,-38.362,34.114,-25.202,5.7369,-70.783,-23.038,16.226,-46.448,-6.2958,4.2366,-50.532,8.0298,27.798,-8.0174,-13.886,-10.393,35.996,19.111,4.9538,-31.94,42.684,-69.493,-69.493,930.51,-11.997
-28.616,-37.197,-8.7374,-18.467,53.325,-51.264,-34.596,-0.048325,-26.497,-0.17122,31.273,-32.547,56.111,-37.61,18.28,-13.941,23.323,50.123,20.529,-44.671,-44.671,-44.671,34.769,-86.047,-97.658,2.6937,-178.14,0.13474,89.868,-102.98,14.224,3.9671,-159.11,104.86,107.68,35.867,-1.9334,-20.014,148.89,-98.662,-68.424,-19.819,-11.997,-11.997,-11.997,759.52
