666.24,664.91,681.96,49.984,30.938,716.54,1147.5,1469.1,752.59,229.69,1051.1,326.07,53.069
77.097,137.93,376.47,39.319,16.498,497.85,1066.1,1295.4,636.86,77.925,492.56,248.29,7.668
1250,901.16,976.47,64.948,45.022,1018.4,1250.9,1655.2,865.6,439.53,1645.8,415.11,90.153
0.00031942,-0.00097188,0.00049928,0.0039611,0.0027866,-0.0016482,0.0024955,-0.0012534,0.00041998,-0.0023673,0.0010215,0.005391,0.007396
-0.00097188,0.0039377,-0.0011159,-0.022113,0.0015511,0.0065034,-0.024052,0.010628,0.0040855,0.006687,-0.0030321,-0.024271,-0.030539
0.00049928,-0.0011159,0.0015943,-0.0019219,-0.0036052,-0.0017292,-0.011958,0.004731,0.0065157,-0.0063967,0.0025176,0.0054343,0.0063826
0.0039611,-0.022113,-0.0019219,0.92942,0.013542,-0.017777,-0.028602,0.055938,0.07356,-0.12966,0.034276,-0.0018027,0.16746
0.0027866,0.0015511,-0.0036052,0.013542,0.98025,-0.015477,0.046454,-0.024297,-0.0087456,0.023996,-0.0089281,-0.11524,-0.010206
-0.0016482,0.0065034,-0.0017292,-0.017777,-0.015477,0.34508,-0.050531,-0.30986,0.34497,0.006958,-0.0040148,-0.042665,-0.051608
0.0024955,-0.024052,-0.011958,-0.028602,0.046454,-0.050531,0.55949,-0.25461,-0.20435,0.078428,-0.018231,0.23025,0.2285
-0.0012534,0.010628,0.004731,0.055938,-0.024297,-0.30986,-0.25461,0.45177,-0.2383,-0.039312,0.0088043,-0.10871,-0.1017
0.00041998,0.0040855,0.0065157,0.07356,-0.0087456,0.34497,-0.20435,-0.2383,0.41688,-0.046437,0.012898,-0.065752,-0.0497
-0.0023673,0.006687,-0.0063967,-0.12966,0.023996,0.006958,0.078428,-0.039312,-0.046437,0.049137,-0.016109,-0.011927,-0.039839
0.0010215,-0.0030321,0.0025176,0.034276,-0.0089281,-0.0040148,-0.018231,0.0088043,0.012898,-0.016109,0.0057168,0.011493,0.019931
0.005391,-0.024271,0.0054343,-0.0018027,-0.11524,-0.042665,0.23025,-0.10871,-0.065752,-0.011927,0.011493,0.19545,0.19847
0.007396,-0.030539,0.0063826,0.16746,-0.010206,-0.051608,0.2285,-0.1017,-0.0497,-0.039839,0.019931,0.19847,0.24919
78.006,78.006,78.006,78.006,78.006,78.006,78.006,78.006,78.006,78.006,78.006,78.006,78.006
