172.08,0.655,0.77917,0.0096013,0.35995,0.034092,0.22673,0.13386,0.27659
15.938,0.01875,0.25882,0.0022883,0.21177,0.0045474,0.14817,0.055596,0.047921
330.88,0.9697,0.95294,0.03314,0.64438,0.065241,0.3829,0.21257,0.4577
0.00036723,-0.012762,-0.11292,-6.6741,0.13462,-0.11346,0.75177,0.13875,-0.14722
-0.012762,100.52,9.8111,-1403.2,-126.41,-1549.7,480.56,283.6,227.78
-0.11292,9.8111,78.261,2569,-160.76,-591.71,-85.827,182.85,44.667
-6.6741,-1403.2,2569,6.7871e+05,-23974,51956,-55005,-6491.2,1991.3
0.13462,-126.41,-160.76,-23974,2045.1,4167.1,-520.3,-1424.8,-397.21
-0.11346,-1549.7,-591.71,51956,4167.1,64529,-18663,-17241,-3205.3
0.75177,480.56,-85.827,-55005,-520.3,-18663,10182,4592.6,498.65
0.13875,283.6,182.85,-6491.2,-1424.8,-17241,4592.6,6097.1,292.48
-0.14722,227.78,44.667,1991.3,-397.21,-3205.3,498.65,292.48,744.98
