84.887,0.48609,0.88758,0.074261,0.12283,1.347,0.90751,1.4306,0.083545,0.10963,0.7077,0.46834,0.048714
46.239,0.17117,0.81569,0.044749,0.11337,1.2692,0.72139,1.2817,0.012461,0.074781,0.6743,0.32611,0.02879
159.47,0.76305,0.97647,0.10197,0.12769,1.4378,1.0552,1.53,0.19593,0.15905,0.72783,0.54342,0.078468
0.13915,-24.464,-13.721,-4.7731,-1.136,-9.7849,6.55,2.1043,11.889,-1.0051,-4.3019,-16.502,1.2642
-24.464,6753.4,462.21,271.08,124.41,-609.97,-2998.8,-2237.7,-1627.8,758.56,411,1922.1,360.58
-13.721,462.21,9934.2,-38.605,-17.715,86.831,426.98,318.61,231.78,-108.01,-58.525,-273.69,-51.337
-4.7731,271.08,-38.605,9977.4,-10.389,50.928,250.41,186.86,135.93,-63.342,-34.322,-160.51,-30.108
-1.136,124.41,-17.715,-10.389,9995.2,23.373,114.92,85.753,62.38,-29.069,-15.751,-73.659,-13.817
-9.7849,-609.97,86.831,50.928,23.373,9885.4,-563.39,-420.42,-305.81,142.51,77.214,361.1,67.745
6.55,-2998.8,426.98,250.41,114.92,-563.39,7230.1,-2067,-1503.6,700.67,379.64,1775.4,333.06
2.1043,-2237.7,318.61,186.86,85.753,-420.42,-2067,8457.6,-1122,522.86,283.3,1324.9,248.53
11.889,-1627.8,231.78,135.93,62.38,-305.81,-1503.6,-1122,9183.8,380.34,206.08,963.74,180.79
-1.0051,758.56,-108.01,-63.342,-29.069,142.51,700.67,522.86,380.34,9822.8,-96.033,-449.11,-84.249
-4.3019,411,-58.525,-34.322,-15.751,77.214,379.64,283.3,206.08,-96.033,9948,-243.34,-45.648
-16.502,1922.1,-273.69,-160.51,-73.659,361.1,1775.4,1324.9,963.74,-449.11,-243.34,8862,-213.47
1.2642,360.58,-51.337,-30.108,-13.817,67.745,333.06,248.53,180.79,-84.249,-45.648,-213.47,9960
