215.28,0.68299,0.72549,0.21651,0.0076828,0.34894,0.22374,0.40547,0.056528,0.043087,0.32563,0.14239,0.037313
0.40816,0.13793,0.4549,0.087054,0.0038516,0.27789,0.11272,0.24869,-0.042354,0.0052335,0.14953,0.067133,0.00043189
348.75,0.9949,0.82745,0.31903,0.011269,0.40686,0.49723,0.67988,0.28792,0.063324,0.47088,0.18874,0.064915
0.0031337,0.55812,1.8587,-4.7029,-0.026641,-1.0182,-0.79058,0.093828,1.112,-0.33682,-1.0203,-0.16863,-0.32142
0.55812,176.81,264.11,-925,5.9755,-205.69,266.39,-207.18,-1.4907,-42.989,-371.93,230.47,-481.25
1.8587,264.11,1604.9,-3139.4,-129.05,-449.02,21.911,-130.43,318.58,157.65,-445.65,-674.45,1300.6
-4.7029,-925,-3139.4,7852,26.947,991.03,-291.39,326.42,-664.61,594.94,1704.6,985.8,407.23
-0.026641,5.9755,-129.05,26.947,9981.5,-273.58,54.836,-127.35,146.23,-39.692,38.542,-199.13,-38.332
-1.0182,-205.69,-449.02,991.03,-273.58,5613.2,448.93,-2481,1905.8,-665.23,740.91,-3118.8,-901.7
-0.79058,266.39,21.911,-291.39,54.836,448.93,6320.4,-3116.8,-3565.8,97.134,-378.55,173.48,128.92
0.093828,-207.18,-130.43,326.42,-127.35,-2481,-3116.8,5445.7,-2073.3,-300.46,450.51,-1824,-556.59
1.112,-1.4907,318.58,-664.61,146.23,1905.8,-3565.8,-2073.3,6020.9,364.77,-290.42,1294.7,345.12
-0.33682,-42.989,157.65,594.94,-39.692,-665.23,97.134,-300.46,364.77,9656,-1294.8,-719.42,21.746
-1.0203,-371.93,-445.65,1704.6,38.542,740.91,-378.55,450.51,-290.42,-1294.8,1240.6,-1037.9,1405.4
-0.16863,230.47,-674.45,985.8,-199.13,-3118.8,173.48,-1824,1294.7,-719.42,-1037.9,7469.4,-352.91
-0.32142,-481.25,1300.6,407.23,-38.332,-901.7,128.92,-556.59,345.12,21.746,1405.4,-352.91,9403.5
