21.307,66.667,333.33,546.05,20.184,639.86,541.64,707.64,-102.32,427.53,3.1406e-14,3.6072e-14,3.047e-14,3.6246e-14
1289.1,106.8,560.78,845.13,54.65,868.41,921.87,1067.2,427.31,781.12,3.3714e-12,7.9368e-13,3.2767e-12,9.0798e-13
0.018671,-0.0039991,-0.010217,-0.13084,0.016947,-0.0051259,0.00029447,0.016425,0.02155,0.0057311,-8.6056e-16,-3.9191e-16,-8.2801e-16,-4.0575e-16
-0.0039991,0.98732,0.049842,-0.0021701,0.011548,0.06581,0.039361,0.05228,-0.01353,-0.032954,-2.3528e-17,-5.0307e-17,-1.9573e-17,-4.0771e-17
-0.010217,0.049842,0.73509,0.04709,-0.061254,-0.34272,-0.033971,-0.12101,0.22171,0.06111,1.4286e-15,3.3201e-16,1.3821e-15,3.4983e-16
-0.13084,-0.0021701,0.04709,0.94432,0.0049778,0.043049,-0.084967,-0.077176,-0.12023,-0.061094,2.7907e-16,8.9298e-17,2.6949e-16,9.4669e-17
0.016947,0.011548,-0.061254,0.0049778,0.9792,-0.090844,-0.018181,-0.052037,0.038807,-0.058028,1.2367e-15,2.5438e-16,1.2008e-15,2.8794e-16
-0.0051259,0.06581,-0.34272,0.043049,-0.090844,0.53498,-0.077491,-0.21317,0.25185,-0.043754,3.3748e-15,7.3775e-16,3.2718e-15,8.0869e-16
0.00029447,0.039361,-0.033971,-0.084967,-0.018181,-0.077491,0.64316,-0.3558,-0.27831,0.095825,-7.5924e-16,2.0029e-16,-7.5851e-16,1.2355e-16
0.016425,0.05228,-0.12101,-0.077176,-0.052037,-0.21317,-0.3558,0.58428,-0.20255,-0.059061,1.8691e-15,6.9187e-16,1.7969e-15,6.9644e-16
0.02155,-0.01353,0.22171,-0.12023,0.038807,0.25185,-0.27831,-0.20255,0.5456,-0.015305,-1.5058e-15,-4.5891e-17,-1.4749e-15,-1.1225e-16
0.0057311,-0.032954,0.06111,-0.061094,-0.058028,-0.043754,0.095825,-0.059061,-0.015305,0.027634,1.1395e-14,1.9555e-15,1.1095e-14,2.3658e-15
-8.6056e-16,-2.3528e-17,1.4286e-15,2.7907e-16,1.2367e-15,3.3748e-15,-7.5924e-16,1.8691e-15,-1.5058e-15,1.1395e-14,1,-2.7138e-29,-1.4789e-28,-3.2301e-29
-3.9191e-16,-5.0307e-17,3.3201e-16,8.9298e-17,2.5438e-16,7.3775e-16,2.0029e-16,6.9187e-16,-4.5891e-17,1.9555e-15,-2.7138e-29,1,-2.6386e-29,-6.0945e-30
-8.2801e-16,-1.9573e-17,1.3821e-15,2.6949e-16,1.2008e-15,3.2718e-15,-7.5851e-16,1.7969e-15,-1.4749e-15,1.1095e-14,-1.4789e-28,-2.6386e-29,1,-3.1413e-29
-4.0575e-16,-4.0771e-17,3.4983e-16,9.4669e-17,2.8794e-16,8.0869e-16,1.2355e-16,6.9644e-16,-1.1225e-16,2.3658e-15,-3.2301e-29,-6.0945e-30,-3.1413e-29,1
43.014,43.014,43.014,43.014,43.014,43.014,43.014,43.014,43.014,43.014,43.014,43.014,43.014,43.014
759.47,85.684,445.49,691.41,35.372,744.19,740.67,905.26,161.07,618.61,9.0238e-13,3.9618e-13,8.6921e-13,4.0918e-13
1,1,1,1,1,1,1,1,1,1,1,1,1,1
