1520,1481.6,-51.506,-1123.6,1034.4,1034.4,1034.4,1088.6,-72.747
493.15,416.68,-735.99,-1575.4,-134.38,-134.38,-134.38,0.00756,-2507.2
3400.8,3372.3,589.88,-455.65,1587.9,1587.9,1587.9,7715.3,2559.5
0.00048236,-0.00046897,2.1739e-05,-6.6658e-06,5.4002e-06,5.4002e-06,5.4002e-06,-2.7432e-06,-4.5925e-06
-0.00046897,0.00046968,-1.3362e-05,4.5144e-06,-6.2445e-06,-6.2445e-06,-6.2445e-06,-1.2716e-06,4.5219e-06
2.1739e-05,-1.3362e-05,0.00010705,-3.6781e-05,-1.8755e-05,-1.8755e-05,-1.8755e-05,-1.4407e-06,-7.4242e-06
-6.6658e-06,4.5144e-06,-3.6781e-05,1.9718e-05,6.0304e-06,6.0304e-06,6.0304e-06,1.972e-07,2.5101e-06
5.4002e-06,-6.2445e-06,-1.8755e-05,6.0304e-06,0.66667,-0.33333,-0.33333,6.4143e-08,1.1587e-06
5.4002e-06,-6.2445e-06,-1.8755e-05,6.0304e-06,-0.33333,0.66667,-0.33333,6.4143e-08,1.1587e-06
5.4002e-06,-6.2445e-06,-1.8755e-05,6.0304e-06,-0.33333,-0.33333,0.66667,6.4143e-08,1.1587e-06
-2.7432e-06,-1.2716e-06,-1.4407e-06,1.972e-07,6.4143e-08,6.4143e-08,6.4143e-08,1.3893e-06,-1.9047e-07
-4.5925e-06,4.5219e-06,-7.4242e-06,2.5101e-06,1.1587e-06,1.1587e-06,1.1587e-06,-1.9047e-07,1.5882e-06
82.31,82.31,82.31,82.31,82.31,82.31,82.31,82.31,82.31
