0.23165,0.2237,-0.043408,0.16926,0.13164,0.05546,0.1329,0.14676,0.063999,0.065122,0.83011,0.28418,0.9839,0.094925,0.1246,0.14357,0.27796,0.82023,-0.60175,0.5263,0.5263,0.5263,1.6867e-05,0.089284,-25.176,-0.060989,-0.15229,0.30917,0.16802,0.25378,0.26174,0.07748,0.12505,0.13498,0.090844,0.22531,0.056765,0.34902,0.80127,0.62187,0.48158,0.1969,0.53052,0.47038,0.21267,-0.074958,0.59496,0.59496,0.59496,0.00063964,0.059622,-78.512,-0.1487,-0.10523
0.1841,0.16842,-0.085287,0.15269,0.023574,0.019805,0.039507,0.04016,0.0043277,0.0452,0.11042,0.012854,0.96072,0.046206,0.019773,0.021976,0.023644,0.10369,-0.93896,0.32906,0.32906,0.32906,3.265e-06,0.060047,-163.45,-0.30498,-0.52549,0.17839,0.051432,0.16978,0.17184,0.023166,0.041919,0.044463,0.014151,0.023465,0.0071662,0.03426,0.083665,0.0051953,0.049855,0.02184,0.048033,0.020405,0.012328,-0.21592,0.41699,0.41699,0.41699,3.6114e-06,-0.017182,-229.32,-0.58006,-0.53333
0.29888,0.29878,0.007715,0.19436,0.22619,0.093802,0.23512,0.19484,0.17526,0.096674,0.99779,0.99267,0.99874,0.15087,0.25532,0.26524,0.98697,0.99862,-0.41319,0.8877,0.8877,0.8877,5.4419e-05,0.10813,118.6,0.32103,0.23137,0.57731,0.28537,0.50185,0.5015,0.19655,0.27264,0.26577,0.18383,0.51206,0.1125,0.99012,0.99806,0.99749,0.98858,0.64659,0.99934,0.99817,0.98525,0.00054264,1.0058,1.0058,1.0058,0.0036834,0.13422,27.099,0.46465,0.26667
9975.1,-27.233,-15.602,-5.3604,-36.31,5.0769,-38.324,-13.331,16.241,7.1635,-75.243,64.425,0.2928,8.9904,4.0216,7.0371,67.9,-74.298,96.487,-99.549,-99.549,-99.549,-0.0023098,3.0987,2.1195,-74.985,-113.19,-72.973,-36.805,-63.603,-58.552,-20.951,-35.988,-46.317,25.855,-74.145,16.869,71.128,-75.834,167.89,-107.83,-0.15821,-108.33,87.765,93.855,-7.5325,-109.85,-109.85,-109.85,-0.70242,23.768,-1.0075,-162.05,-3.0057
-27.233,9970,-18.809,-5.9531,-39.927,7.276,-42.076,-13.767,19.005,7.6182,-73.071,67.396,0.29524,10.513,5.1577,8.5982,71.213,-71.939,103.6,-111.49,-111.49,-111.49,-0.0015838,2.8207,1.4338,-76.994,-131.67,-82.098,-40.003,-72.776,-66.424,-24.641,-38.364,-51.865,30.733,-83.917,17.469,78.456,-76.574,167.47,-113.75,13.119,-108.86,92.459,88.838,-12.23,-124.07,-124.07,-124.07,-0.79404,29.347,-0.012273,-205.61,-16.979
-15.602,-18.809,9976.2,-4.144,-24.62,17.014,-24.929,-4.4588,22.756,2.1985,13.314,31.3,0.19527,12.239,6.2233,10.55,33.493,14.889,43.6,-83.656,-83.656,-83.656,0.0053615,-3.039,-2.3317,-3.5755,-138.98,-63.846,-20.721,-65.745,-55.69,-28.751,-12.7,-38.004,39.214,-72.058,3.0996,69.115,-11.694,-38.54,-24.104,114.23,21.895,-0.47717,-39.36,-37.965,-100.57,-100.57,-100.57,-0.62448,41.771,3.6139,-321.75,-98.983
-5.3604,-5.9531,-4.144,9998.8,-7.944,1.8561,-8.2346,-3.1105,4.6412,1.3209,-15.2,16.049,0.10016,2.4996,0.65819,1.6657,16.78,-14.909,19.6,-22.662,-22.662,-22.662,-0.0002526,0.31948,1.5226,-13.203,-28.969,-16.668,-7.735,-15.139,-13.63,-5.6772,-6.8828,-10.342,7.4076,-17.882,3.2877,19.989,-16.983,25.767,-19.109,7.6018,-16.187,11.141,16.974,-3.666,-25.436,-25.436,-25.436,-0.15746,6.5964,-2.6937,-45.751,-3.7944
-36.31,-39.927,-24.62,-7.944,9946.7,9.2154,-55.838,-20.133,26.523,9.8919,-108.01,99.858,0.52618,14.495,5.2552,10.562,104.88,-106.41,137.86,-148.1,-148.1,-148.1,-0.0028184,3.6778,-0.92371,-102.23,-176.16,-108.67,-53.219,-96.177,-87.802,-33.401,-50.352,-68.395,42.214,-112.8,23.802,115.7,-112.87,219.61,-147.13,18.202,-140.55,108.35,129.81,-15.88,-164.43,-164.43,-164.43,-1.038,38.161,4.2756,-261.7,-11.276
5.0769,7.276,17.014,1.8561,9.2154,9985.3,8.781,-1.5856,-15.232,0.69528,-46.604,-1.4394,-0.033269,-8.1334,-4.8931,-7.6774,-2.1809,-47.73,-3.3235,41.19,41.19,41.19,-0.0063666,4.198,3.1498,-26.892,89.224,32.763,5.2579,38.444,30.673,19.34,-2.0324,18.413,-27.344,39.801,3.9863,-35.249,-22.53,104.79,-19.069,-111.18,-64.079,31.89,79.78,34.055,53.609,53.609,53.609,0.32879,-31.315,-2.7314,251.19,98.489
-38.324,-42.076,-24.929,-8.2346,-55.838,8.781,9940.5,-17.1,22.76,11.524,-95.394,79.985,0.19794,12.928,9.3017,12.568,85.459,-94.103,148.99,-154.31,-154.31,-154.31,-0.0021779,4.9196,0.011256,-116.12,-173.17,-113.87,-56.877,-99.584,-91.615,-31.234,-56.907,-72.767,37.464,-112.41,24.967,88.255,-95.987,265.15,-174.63,-1.3648,-175.4,163.58,122.45,-12.481,-171.03,-171.03,-171.03,-1.1212,38.494,3.1738,-273.76,-26.674
-13.331,-13.767,-4.4588,-3.1105,-20.133,-1.5856,-17.1,9969.5,26.737,-0.1047,-173.22,167.98,1.9428,12.395,-19.117,-7.3774,168.97,-171.39,45.2,-49.413,-49.413,-49.413,-0.0096924,-0.29302,0.52,-27.319,-80.131,-31.407,-17.682,-26.788,-24.223,-21.172,-6.8199,-16.014,34.387,-56.339,14.699,191.99,-180.22,16.449,10.965,28.42,19.126,-163.78,187.59,-3.7696,-50.662,-50.662,-50.662,-0.12702,4.0926,-1.11,44.953,136.08
16.241,19.005,22.756,4.6412,26.523,-15.232,22.76,26.737,9957.4,1.7922,107.14,-160.34,-1.9287,-20.859,13.605,-0.96834,-161.78,104.1,-37.108,85.91,85.91,85.91,0.0017563,5.6513,3.5627,-13.92,171.77,61.259,19.334,64.562,53.395,41.431,0.0099742,32.169,-63.44,94.175,-7.7923,-223.49,142.6,128.42,-46.49,-160.28,-108.12,210.67,-79.712,43.293,100.66,100.66,100.66,0.43199,-38.405,-3.6489,234.46,-18.108
7.1635,7.6182,2.1985,1.3209,9.8919,0.69528,11.524,-0.1047,1.7922,9996.6,7.6539,6.8594,0.28491,0.41851,-4.7074,-2.9627,5.6834,7.8702,-32.786,24.762,24.762,24.762,0.00042643,-2.3853,-2.8079,33.736,13.616,18.585,11.515,14.102,14.133,0.55389,15.068,13.152,1.8295,12.295,-5.3312,16.497,1.0442,-94.924,54.647,30.999,66.686,-80.661,-20.387,-5.0796,26.303,26.303,26.303,0.21267,-2.706,3.1064,25.276,7.7754
-75.243,-73.071,13.314,-15.2,-108.01,-46.604,-95.394,-173.22,107.14,7.6539,8907.2,916.16,10.159,47.779,-109.27,-54.364,922.07,-1085.9,306.08,-219.77,-219.77,-219.77,-0.070483,13.432,-2.1643,-283.81,-249.25,-128.8,-107.39,-80.345,-85.5,-70.532,-72.059,-68.54,119.39,-237.6,101.85,946.68,-1059,535.54,-92.268,-178.74,-182.21,-674.41,1279.8,73.625,-198.77,-198.77,-198.77,-0.29809,-49.975,5.1439,825.89,985.73
64.425,67.396,31.3,16.049,99.858,-1.4394,79.985,167.98,-160.34,6.8594,916.16,9058.1,-11.26,-74.267,110.89,41.229,-945.73,904.95,-195.16,255.64,255.64,255.64,0.048951,8.3332,13.501,76.073,474.32,161.59,81.062,147.3,128.29,128.01,10.345,77.07,-210.14,314.71,-69.601,-1112.1,981.08,137.97,-167.06,-279.2,-260.71,1065.3,-953.18,50.568,267.49,267.49,267.49,0.53559,-37.168,-10.179,-138.2,-705.57
0.2928,0.29524,0.19527,0.10016,0.52618,-0.033269,0.19794,1.9428,-1.9287,0.28491,10.159,-11.26,9999.9,-0.86579,1.5748,0.67076,-11.231,10.019,-0.22744,1.3489,1.3489,1.3489,0.00054841,0.23478,-0.12372,-1.1484,4.4654,0.66072,0.21716,0.76112,0.55422,1.4054,-0.80229,0.047286,-2.4824,2.7966,-0.4809,-13.751,11.269,7.2287,-5.2423,-4.9185,-6.9791,17.157,-9.8624,0.83302,1.3685,1.3685,1.3685,-0.0074804,-0.20608,-1.2362,-3.5893,-8.773
8.9904,10.513,12.239,2.4996,14.495,-8.1334,12.928,12.395,-20.859,0.41851,47.779,-74.267,-0.86579,9989.7,5.3486,-1.4441,-75.162,46.301,-22.219,46.792,46.792,46.792,0.00040898,2.6293,-1.1509,-3.817,89.066,33.749,11.057,35.097,29.287,20.935,1.9557,18.284,-31.515,48.82,-4.0986,-105.04,65.271,54.751,-15.598,-79.084,-46.156,89.825,-34.229,22.122,54.851,54.851,54.851,0.25672,-20.715,3.664,132.17,-0.050289
4.0216,5.1577,6.2233,0.65819,5.2552,-4.8931,9.3017,-19.117,13.605,-4.7074,-109.27,110.89,1.5748,5.3486,9980,-11.333,109.54,-108.23,-21.246,19.863,19.863,19.863,-0.0073838,-2.2116,1.0071,23.236,1.3752,18.961,7.7494,17.182,16.157,-5.4671,16.993,15.561,14.196,-2.8222,2.5104,127.93,-114.93,-92.043,79.242,24.518,86.41,-204.85,110.71,1.8589,25.525,25.525,25.525,0.34179,-12,6.0871,148.41,126.64
7.0371,8.5982,10.55,1.6657,10.562,-7.6774,12.568,-7.3774,-0.96834,-2.9627,-54.364,41.229,0.67076,-1.4441,-11.333,9991.3,39.872,-54.383,-24.619,36.582,36.582,36.582,-0.0051024,-0.10954,1.9004,12.755,45.474,29.661,10.507,29.33,25.641,6.6965,12.293,19.678,-5.9636,22.091,0.019895,37.23,-49.149,-32.6,45.658,-24.433,34.563,-96.334,63.02,12.868,44.643,44.643,44.643,0.36294,-18.964,6.0308,171.96,90.183
67.9,71.213,33.493,16.78,104.88,-2.1809,85.459,168.97,-161.78,5.6834,922.07,-945.73,-11.231,-75.162,109.54,39.872,9049.9,910.79,-209.05,269.48,269.48,269.48,0.04901,7.7758,12.613,87.464,488.7,171.9,86.301,156.21,136.56,130.39,15.95,83.79,-212.72,324.16,-71.807,-1115.8,986.56,110.26,-148.9,-276.95,-241.7,1044.3,-961.88,51.304,282.83,282.83,282.83,0.64155,-40.56,-10.668,-112.59,-700.73
-74.298,-71.939,14.889,-14.909,-106.41,-47.73,-94.103,-171.39,104.1,7.8702,-1085.9,904.95,10.019,46.301,-108.23,-54.383,910.79,8920.9,304.4,-214.36,-214.36,-214.36,-0.0704,13.901,-2.5672,-285.79,-237.44,-124.96,-106.34,-76.128,-82.083,-67.62,-72.47,-66.606,114.87,-231.3,101.47,930.73,-1049.3,547.34,-97.008,-191.04,-191.69,-657.64,1275.2,76.876,-192.33,-192.33,-192.33,-0.27275,-52.67,4.4447,842.36,984.68
96.487,103.6,43.6,19.6,137.86,-3.3235,148.99,45.2,-37.108,-32.786,306.08,-195.16,-0.22744,-22.219,-21.246,-24.619,-209.05,304.4,9600.3,359.23,359.23,359.23,0.013835,-19.643,-7.2315,355.02,337.84,262.36,146.76,215.46,205.03,55.322,158.84,171.85,-59.154,244.77,-72.528,-165.99,272.09,-879.44,510.28,167.74,578.32,-519.45,-426.43,-15.139,387.27,387.27,387.27,2.5996,-60.462,9.3592,399.19,-49.487
-99.549,-111.49,-83.656,-22.662,-148.1,41.19,-154.31,-49.413,85.91,24.762,-219.77,255.64,1.3489,46.792,19.863,36.582,269.48,-214.36,359.23,9569.6,-430.38,-430.38,0.00047768,4.5487,1.7446,-231.84,-559,-318.93,-143.36,-293.46,-262.68,-108.69,-127.6,-198.2,140.63,-337.31,56.458,336,-260.64,443.43,-358.04,177.85,-288,246.54,236.56,-81.242,-487.26,-487.26,-487.26,-3.0694,135.6,-3.5738,-974.81,-149
-99.549,-111.49,-83.656,-22.662,-148.1,41.19,-154.31,-49.413,85.91,24.762,-219.77,255.64,1.3489,46.792,19.863,36.582,269.48,-214.36,359.23,-430.38,9569.6,-430.38,0.00047768,4.5487,1.7446,-231.84,-559,-318.93,-143.36,-293.46,-262.68,-108.69,-127.6,-198.2,140.63,-337.31,56.458,336,-260.64,443.43,-358.04,177.85,-288,246.54,236.56,-81.242,-487.26,-487.26,-487.26,-3.0694,135.6,-3.5738,-974.81,-149
-99.549,-111.49,-83.656,-22.662,-148.1,41.19,-154.31,-49.413,85.91,24.762,-219.77,255.64,1.3489,46.792,19.863,36.582,269.48,-214.36,359.23,-430.38,-430.38,9569.6,0.00047768,4.5487,1.7446,-231.84,-559,-318.93,-143.36,-293.46,-262.68,-108.69,-127.6,-198.2,140.63,-337.31,56.458,336,-260.64,443.43,-358.04,177.85,-288,246.54,236.56,-81.242,-487.26,-487.26,-487.26,-3.0694,135.6,-3.5738,-974.81,-149
-0.0023098,-0.0015838,0.0053615,-0.0002526,-0.0028184,-0.0063666,-0.0021779,-0.0096924,0.0017563,0.00042643,-0.070483,0.048951,0.00054841,0.00040898,-0.0073838,-0.0051024,0.04901,-0.0704,0.013835,0.00047768,0.00047768,0.00047768,10000,0.0017172,0.0031058,-0.020652,0.01114,0.0027845,-0.0037583,0.0066637,0.0043178,0.0014138,-0.0036352,0.0019089,-0.00081323,-0.0014746,0.0062422,0.042059,-0.062587,0.051801,-0.0072496,-0.037644,-0.023456,-0.031625,0.08869,0.012763,0.0049884,0.0049884,0.0049884,8.2435e-05,-0.011159,-0.0036766,0.11243,0.079384
3.0987,2.8207,-3.039,0.31948,3.6778,4.198,4.9196,-0.29302,5.6513,-2.3853,13.432,8.3332,0.23478,2.6293,-2.2116,-0.10954,7.7758,13.901,-19.643,4.5487,4.5487,4.5487,0.0017172,9997.4,-0.0033552,28.426,-15.77,3.0554,5.8109,-1.2465,0.8311,-5.0622,10.238,3.5238,8.9604,-3.3899,-4.2084,23.857,2.7576,-88.752,40.899,49.526,60.545,-64.365,-30.01,-12.18,2.3272,2.3272,2.3272,0.051664,6.3893,-0.9373,-47.295,-17.471
2.1195,1.4338,-2.3317,1.5226,-0.92371,3.1498,0.011256,0.52,3.5627,-2.8079,-2.1643,13.501,-0.12372,-1.1509,1.0071,1.9004,12.613,-2.5672,-7.2315,1.7446,1.7446,1.7446,0.0031058,-0.0033552,0.2727,1.1438,24.376,0.77964,-2.1709,1.8813,0.78541,1.6557,-1.4782,-0.025945,-1.8055,-0.18947,-1.8585,2.8927,-3.9053,-8.3405,-24.037,5.1871,-20.104,-7.5133,-5.186,-2.7819,3.3402,3.3402,3.3402,0.010907,-2.5862,-0.2462,-3.1487,-19.913
-74.985,-76.994,-3.5755,-13.203,-102.23,-26.892,-116.12,-27.319,-13.92,33.736,-283.81,76.073,-1.1484,-3.817,23.236,12.755,87.464,-285.79,355.02,-231.84,-231.84,-231.84,-0.020652,28.426,1.1438,9612.4,-87.898,-166.75,-121.05,-111.69,-119.73,1.0698,-155.72,-118.77,-23.211,-117.79,69.856,-40.698,-194.47,1075.7,-549.01,-420.6,-717.17,687.61,463.02,89.942,-232.08,-232.08,-232.08,-1.7667,-10.102,-11.899,113.15,167.27
-113.19,-131.67,-138.98,-28.969,-176.16,89.224,-173.17,-80.131,171.77,13.616,-249.25,474.32,4.4654,89.066,1.3752,45.474,488.7,-237.44,337.84,-559,-559,-559,0.01114,-15.77,24.376,-87.898,9089.8,-414.9,-151.35,-414.33,-354.96,-195.47,-89.753,-243.17,275.31,-501.84,46.71,718.8,-394.46,-127.78,-140.57,656.46,117.99,-258.88,140.9,-210.61,-654.11,-654.11,-654.11,-3.7448,236.15,-8.7053,-1681.1,-292.98
-72.973,-82.098,-63.846,-16.668,-108.67,32.763,-113.87,-31.407,61.259,18.585,-128.8,161.59,0.66072,33.749,18.961,29.661,171.9,-124.96,262.36,-318.93,-318.93,-318.93,0.0027845,3.0554,0.77964,-166.75,-414.9,9762.5,-105.16,-219.78,-196.31,-79.844,-94.568,-148.06,102.24,-247.48,39.381,221.05,-160.69,320.16,-269.55,139.78,-213.82,212.5,135.46,-63.868,-362.75,-362.75,-362.75,-2.3196,104.44,-1.9999,-767.14,-147.09
-36.805,-40.003,-20.721,-7.735,-53.219,5.2579,-56.877,-17.682,19.334,11.515,-107.39,81.062,0.21716,11.057,7.7494,10.507,86.301,-106.34,146.76,-143.36,-143.36,-143.36,-0.0037583,5.8109,-2.1709,-121.05,-151.35,-105.16,9944.9,-89.704,-83.6,-26.653,-56.659,-67.722,31.151,-102.48,25.747,81.79,-102.53,285.7,-176.35,-26.509,-187.34,166.07,141.9,-4.519,-156.99,-156.99,-156.99,-1.0312,30.791,4.1566,-211.3,-1.553
-63.603,-72.776,-65.745,-15.139,-96.177,38.444,-99.584,-26.788,64.562,14.102,-80.345,147.3,0.76112,35.097,17.182,29.33,156.21,-76.128,215.46,-293.46,-293.46,-293.46,0.0066637,-1.2465,1.8813,-111.69,-414.33,-219.78,-89.704,9789.8,-184.57,-82.231,-73.84,-134.87,108.32,-236.44,29.315,226.23,-127.18,164.54,-195.68,209.94,-111.73,122.94,58.462,-80.438,-339.04,-339.04,-339.04,-2.1346,110.22,-4.7774,-819.81,-186.95
-58.552,-66.424,-55.69,-13.63,-87.802,30.673,-91.615,-24.223,53.395,14.133,-85.5,128.29,0.55422,29.287,16.157,25.641,136.56,-82.083,205.03,-262.68,-262.68,-262.68,0.0043178,0.8311,0.78541,-119.73,-354.96,-196.31,-83.6,-184.57,9836.5,-69.19,-72.574,-121.58,89.659,-206.97,29.269,187.02,-119.07,209.93,-201.53,149.16,-141.87,150.27,78.802,-61.905,-301.15,-301.15,-301.15,-1.9175,92.32,-4.1308,-684.62,-147.55
-20.951,-24.641,-28.751,-5.6772,-33.401,19.34,-31.234,-21.172,41.431,0.55389,-70.532,128.01,1.4054,20.935,-5.4671,6.6965,130.39,-67.62,55.322,-108.69,-108.69,-108.69,0.0014138,-5.0622,1.6557,1.0698,-195.47,-79.844,-26.653,-82.231,-69.19,9955.9,-9.6105,-44.918,64.573,-106.03,8.1965,190.06,-107.06,-91.023,9.3032,165.47,73.964,-132.64,40.42,-49.013,-128.11,-128.11,-128.11,-0.66908,49.109,3.1907,-335.78,-39.468
-35.988,-38.364,-12.7,-6.8828,-50.352,-2.0324,-56.907,-6.8199,0.0099742,15.068,-72.059,10.345,-0.80229,1.9557,16.993,12.293,15.95,-72.47,158.84,-127.6,-127.6,-127.6,-0.0036352,10.238,-1.4782,-155.72,-89.753,-94.568,-56.659,-73.84,-72.574,-9.6105,9930.7,-64.937,2.9136,-73.069,27.167,-23.776,-46.456,420.49,-241.31,-121.32,-288.95,319.63,129.49,18.503,-136.08,-136.08,-136.08,-1.0207,16.32,0.70221,-128.01,-11.718
-46.317,-51.865,-38.004,-10.342,-68.395,18.413,-72.767,-16.014,32.169,13.152,-68.54,77.07,0.047286,18.284,15.561,19.678,83.79,-66.606,171.85,-198.2,-198.2,-198.2,0.0019089,3.5238,-0.025945,-118.77,-243.17,-148.06,-67.722,-134.87,-121.58,-44.918,-64.937,9906.3,55.19,-147.57,25.59,102.61,-81.564,252.46,-195.63,55.741,-172.97,191.67,80.778,-32.719,-224.41,-224.41,-224.41,-1.4802,61.713,3.4028,-462.06,-98.903
25.855,30.733,39.214,7.4076,42.214,-27.344,37.464,34.387,-63.44,1.8295,119.39,-210.14,-2.4824,-31.515,14.196,-5.9636,-212.72,114.87,-59.154,140.63,140.63,140.63,-0.00081323,8.9604,-1.8055,-23.211,275.31,102.24,31.151,108.32,89.659,64.573,2.9136,55.19,9903,147.55,-9.6299,-308.04,176.64,197.74,-56.711,-259.67,-157.67,272.68,-69.696,73.05,166.79,166.79,166.79,0.79217,-67.252,1.7857,443.41,28.316
-74.145,-83.917,-72.058,-17.882,-112.8,39.801,-112.41,-56.339,94.175,12.295,-237.6,314.71,2.7966,48.82,-2.8222,22.091,324.16,-231.3,244.77,-337.31,-337.31,-337.31,-0.0014746,-3.3899,-0.18947,-117.79,-501.84,-247.48,-102.48,-236.44,-206.97,-106.03,-73.069,-147.57,147.55,9707.3,40.457,427.53,-298.59,117.63,-155.99,271.78,-50.507,-80.345,217.93,-92.49,-385.57,-385.57,-385.57,-2.2166,118.45,-3.4344,-808.27,-67.834
16.869,17.469,3.0996,3.2877,23.802,3.9863,24.967,14.699,-7.7923,-5.3312,101.85,-69.601,-0.4809,-4.0986,2.5104,0.019895,-71.807,101.47,-72.528,56.458,56.458,56.458,0.0062422,-4.2084,-1.8585,69.856,46.71,39.381,25.747,29.315,29.269,8.1965,27.167,25.59,-9.6299,40.457,9984,-61.074,91.338,-171.84,83.128,51.151,104.64,-52.444,-133.52,-11.119,57.656,57.656,57.656,0.34596,-1.6281,1.8989,-18.635,-67.432
71.128,78.456,69.115,19.989,115.7,-35.249,88.255,191.99,-223.49,16.497,946.68,-1112.1,-13.751,-105.04,127.93,37.23,-1115.8,930.73,-165.99,336,336,336,0.042059,23.857,2.8927,-40.698,718.8,221.05,81.79,226.23,187.02,190.06,-23.776,102.61,-308.04,427.53,-61.074,8595.8,1088.7,587.59,-349.76,-632.85,-582.38,1475.8,-890.48,144.04,373.83,373.83,373.83,0.90166,-106.27,0.24221,337.8,-620.31
-75.834,-76.574,-11.694,-16.983,-112.87,-22.53,-95.987,-180.22,142.6,1.0442,-1059,981.08,11.269,65.271,-114.93,-49.149,986.56,-1049.3,272.09,-260.64,-260.64,-260.64,-0.062587,2.7576,-3.9053,-194.47,-394.46,-160.69,-102.53,-127.18,-119.07,-107.06,-46.456,-81.564,176.64,-298.59,91.338,1088.7,8923.5,219.03,30.27,58.073,34.346,-906.45,1176.6,9.7645,-257.39,-257.39,-257.39,-0.51801,-3.022,5.2608,478.93,882.58
167.89,167.47,-38.54,25.767,219.61,104.79,265.15,16.449,128.42,-94.924,535.54,137.97,7.2287,54.751,-92.043,-32.6,110.26,547.34,-879.44,443.43,443.43,443.43,0.051801,-88.752,-8.3405,1075.7,-127.78,320.16,285.7,164.54,209.93,-91.023,420.49,252.46,197.74,117.63,-171.84,587.59,219.03,6823,1581.9,1475.8,2166.6,-2307.4,-1077.2,-334.59,412.83,412.83,412.83,3.8564,108.56,6.2525,-799.86,-409.75
-107.83,-113.75,-24.104,-19.109,-147.13,-19.069,-174.63,10.965,-46.49,54.647,-92.268,-167.06,-5.2423,-15.598,79.242,45.658,-148.9,-97.008,510.28,-358.04,-358.04,-358.04,-0.0072496,40.899,-24.037,-549.01,-140.57,-269.55,-176.35,-195.68,-201.53,9.3032,-241.31,-195.63,-56.711,-155.99,83.128,-349.76,30.27,1581.9,9105.9,-572.28,-1116.4,1370.5,311.35,102.61,-375.2,-375.2,-375.2,-3.1885,24.075,24.48,-276.7,-113.98
-0.15821,13.119,114.23,7.6018,18.202,-111.18,-1.3648,28.42,-160.28,30.999,-178.74,-279.2,-4.9185,-79.084,24.518,-24.433,-276.95,-191.04,167.74,177.85,177.85,177.85,-0.037644,49.526,5.1871,-420.6,656.46,139.78,-26.509,209.94,149.16,165.47,-121.32,55.741,-259.67,271.78,51.151,-632.85,58.073,1475.8,-572.28,8907.7,-1006.3,1061.9,501.82,294.49,259.17,259.17,259.17,0.96073,-215.26,0.12831,1599.1,490.63
-108.33,-108.86,21.895,-16.187,-140.55,-64.079,-175.4,19.126,-108.12,66.686,-182.21,-260.71,-6.9791,-46.156,86.41,34.563,-241.7,-191.69,578.32,-288,-288,-288,-0.023456,60.545,-20.104,-717.17,117.99,-213.82,-187.34,-111.73,-141.87,73.964,-288.95,-172.97,-157.67,-50.507,104.64,-582.38,34.346,2166.6,-1116.4,-1006.3,8488.4,1770.5,531.62,220.5,-272.21,-272.21,-272.21,-2.7838,-62.865,23.689,378.07,100.19
87.765,92.459,-0.47717,11.141,108.35,31.89,163.58,-163.78,210.67,-80.661,-674.41,1065.3,17.157,89.825,-204.85,-96.334,1044.3,-657.64,-519.45,246.54,246.54,246.54,-0.031625,-64.365,-7.5133,687.61,-258.88,212.5,166.07,122.94,150.27,-132.64,319.63,191.67,272.68,-80.345,-52.444,1475.8,-906.45,-2307.4,1370.5,1061.9,1770.5,7178.6,398.78,-195.35,255.41,255.41,255.41,3.7559,10.256,10.564,419.35,750.99
93.855,88.838,-39.36,16.974,129.81,79.78,122.45,187.59,-79.712,-20.387,1279.8,-953.18,-9.8624,-34.229,110.71,63.02,-961.88,1275.2,-426.43,236.56,236.56,236.56,0.08869,-30.01,-5.186,463.02,140.9,135.46,141.9,58.462,78.802,40.42,129.49,80.778,-69.696,217.93,-133.52,-890.48,1176.6,-1077.2,311.35,501.82,531.62,398.78,8416.6,-159.59,195.57,195.57,195.57,0.38226,103.98,1.7703,-1276.2,-1213.9
-7.5325,-12.23,-37.965,-3.666,-15.88,34.055,-12.481,-3.7696,43.293,-5.0796,73.625,50.568,0.83302,22.122,1.8589,12.868,51.304,76.876,-15.139,-81.242,-81.242,-81.242,0.012763,-12.18,-2.7819,89.942,-210.61,-63.868,-4.519,-80.438,-61.905,-49.013,18.503,-32.719,73.05,-92.49,-11.119,144.04,9.7645,-334.59,102.61,294.49,220.5,-195.35,-159.59,9915.5,-108.55,-108.55,-108.55,-0.56906,70.279,-1.0863,-541.41,-186.06
-109.85,-124.07,-100.57,-25.436,-164.43,53.609,-171.03,-50.662,100.66,26.303,-198.77,267.49,1.3685,54.851,25.525,44.643,282.83,-192.33,387.27,-487.26,-487.26,-487.26,0.0049884,2.3272,3.3402,-232.08,-654.11,-362.75,-156.99,-339.04,-301.15,-128.11,-136.08,-224.41,166.79,-385.57,57.656,373.83,-257.39,412.83,-375.2,259.17,-272.21,255.41,195.57,-108.55,9443.7,-556.26,-556.26,-3.5092,165.5,-6.8574,-1210,-229.26
-109.85,-124.07,-100.57,-25.436,-164.43,53.609,-171.03,-50.662,100.66,26.303,-198.77,267.49,1.3685,54.851,25.525,44.643,282.83,-192.33,387.27,-487.26,-487.26,-487.26,0.0049884,2.3272,3.3402,-232.08,-654.11,-362.75,-156.99,-339.04,-301.15,-128.11,-136.08,-224.41,166.79,-385.57,57.656,373.83,-257.39,412.83,-375.2,259.17,-272.21,255.41,195.57,-108.55,-556.26,9443.7,-556.26,-3.5092,165.5,-6.8574,-1210,-229.26
-109.85,-124.07,-100.57,-25.436,-164.43,53.609,-171.03,-50.662,100.66,26.303,-198.77,267.49,1.3685,54.851,25.525,44.643,282.83,-192.33,387.27,-487.26,-487.26,-487.26,0.0049884,2.3272,3.3402,-232.08,-654.11,-362.75,-156.99,-339.04,-301.15,-128.11,-136.08,-224.41,166.79,-385.57,57.656,373.83,-257.39,412.83,-375.2,259.17,-272.21,255.41,195.57,-108.55,-556.26,-556.26,9443.7,-3.5092,165.5,-6.8574,-1210,-229.26
-0.70242,-0.79404,-0.62448,-0.15746,-1.038,0.32879,-1.1212,-0.12702,0.43199,0.21267,-0.29809,0.53559,-0.0074804,0.25672,0.34179,0.36294,0.64155,-0.27275,2.5996,-3.0694,-3.0694,-3.0694,8.2435e-05,0.051664,0.010907,-1.7667,-3.7448,-2.3196,-1.0312,-2.1346,-1.9175,-0.66908,-1.0207,-1.4802,0.79217,-2.2166,0.34596,0.90166,-0.51801,3.8564,-3.1885,0.96073,-2.7838,3.7559,0.38226,-0.56906,-3.5092,-3.5092,-3.5092,10000,1.0335,-0.058184,-8.087,-2.3416
23.768,29.347,41.771,6.5964,38.161,-31.315,38.494,4.0926,-38.405,-2.706,-49.975,-37.168,-0.20608,-20.715,-12,-18.964,-40.56,-52.67,-60.462,135.6,135.6,135.6,-0.011159,6.3893,-2.5862,-10.102,236.15,104.44,30.791,110.22,92.32,49.109,16.32,61.713,-67.252,118.45,-1.6281,-106.27,-3.022,108.56,24.075,-215.26,-62.865,10.256,103.98,70.279,165.5,165.5,165.5,1.0335,9925.9,-0.040506,579.47,194.39
-1.0075,-0.012273,3.6139,-2.6937,4.2756,-2.7314,3.1738,-1.11,-3.6489,3.1064,5.1439,-10.179,-1.2362,3.664,6.0871,6.0308,-10.668,4.4447,9.3592,-3.5738,-3.5738,-3.5738,-0.0036766,-0.9373,-0.2462,-11.899,-8.7053,-1.9999,4.1566,-4.7774,-4.1308,3.1907,0.70221,3.4028,1.7857,-3.4344,1.8989,0.24221,5.2608,6.2525,24.48,0.12831,23.689,10.564,1.7703,-1.0863,-6.8574,-6.8574,-6.8574,-0.058184,-0.040506,0.29869,5.514,24.241
-162.05,-205.61,-321.75,-45.751,-261.7,251.19,-273.76,44.953,234.46,25.276,825.89,-138.2,-3.5893,132.17,148.41,171.96,-112.59,842.36,399.19,-974.81,-974.81,-974.81,0.11243,-47.295,-3.1487,113.15,-1681.1,-767.14,-211.3,-819.81,-684.62,-335.78,-128.01,-462.06,443.41,-808.27,-18.635,337.8,478.93,-799.86,-276.7,1599.1,378.07,419.35,-1276.2,-541.41,-1210,-1210,-1210,-8.087,579.47,5.514,5271.8,-1891.7
-3.0057,-16.979,-98.983,-3.7944,-11.276,98.489,-26.674,136.08,-18.108,7.7754,985.73,-705.57,-8.773,-0.050289,126.64,90.183,-700.73,984.68,-49.487,-149,-149,-149,0.079384,-17.471,-19.913,167.27,-292.98,-147.09,-1.553,-186.95,-147.55,-39.468,-11.718,-98.903,28.316,-67.834,-67.432,-620.31,882.58,-409.75,-113.98,490.63,100.19,750.99,-1213.9,-186.06,-229.26,-229.26,-229.26,-2.3416,194.39,24.241,-1891.7,8778.6
