181.4,0.70139,0.6465,0.41736,0.012478,0.40965,0.60971,0.7982,0.38854,0.19921,0.50783,0.21189,0.36494
21.136,0.46569,0.36471,0.18993,0.0072295,0.29666,0.45014,0.69924,0.26927,0.058953,0.2716,0.126,0.23427
333.39,0.94624,0.80784,0.64359,0.025796,0.60502,0.72521,0.89175,0.4768,0.39148,0.88576,0.3006,0.56202
0.00038362,-0.083461,-0.087526,-0.26777,-0.00098292,-0.029418,0.076316,0.088468,0.11788,-0.11038,-0.12267,0.048157,0.17075
-0.083461,356.95,417.32,-22.408,3.0683,25.397,80.059,59.932,34.536,64.417,89.854,53.153,-112.32
-0.087526,417.32,570.86,-140.22,-0.80769,-23.964,78.089,36.491,60.454,79.945,84.776,43.818,-101.11
-0.26777,-22.408,-140.22,583.95,13.47,216.01,-43.631,76.341,-139.67,-47.469,215.18,60.886,-270.29
-0.00098292,3.0683,-0.80769,13.47,998.22,-27.408,-0.17989,-12.257,15.152,-1.6604,11.933,-11.211,-1.9484
-0.029418,25.397,-23.964,216.01,-27.408,537.64,56.085,-184.33,278.03,-20.587,73.697,-134.68,-150.52
0.076316,80.059,78.089,-43.631,-0.17989,56.085,728.88,-130.74,-186.82,-258.27,33.575,-148.32,64.846
0.088468,59.932,36.491,76.341,-12.257,-184.33,-130.74,833.13,17.465,-178.5,1.5593,-142.21,-67.986
0.11788,34.536,60.454,-139.67,15.152,278.03,-186.82,17.465,739.44,-157.92,-72.138,-7.5294,82.53
-0.11038,64.417,79.945,-47.469,-1.6604,-20.587,-258.27,-178.5,-157.92,656.65,-134.77,-139.3,-153.18
-0.12267,89.854,84.776,215.18,11.933,73.697,33.575,1.5593,-72.138,-134.77,198.17,117.75,-92.905
0.048157,53.153,43.818,60.886,-11.211,-134.68,-148.32,-142.21,-7.5294,-139.3,117.75,847.91,45.716
0.17075,-112.32,-101.11,-270.29,-1.9484,-150.52,64.846,-67.986,82.53,-153.18,-92.905,45.716,284.85
