133.49,0.74007,0.71793,0.52434,9.1338e-05,0.046355,0.97939,1.0022,0.95585,0.047799,0.18445,0.087075,0.98716
5.8182,0.30342,0.20392,0.23766,1.7687e-05,0.024778,0.4073,0.42185,0.36082,0.009719,0.067779,0.046274,0.86773
288.17,1,1,0.88041,0.00030133,0.10094,1.1576,1.1784,1.1411,0.089785,0.24837,0.1337,0.99969
0.00024614,-0.025236,0.0046103,0.13694,-0.0001877,-0.070701,0.0072821,-0.012272,0.058425,0.020885,0.20473,0.017992,0.076015
-0.025236,48.829,-9.5542,-60.986,-0.11393,-15.206,-1.3069,-16.251,-1.0465,-7.5022,-55.515,15.474,39.888
0.0046103,-9.5542,19.988,5.8713,0.043112,-7.9037,-5.459,-3.5341,4.3694,7.4856,13.679,-7.9346,-24.39
0.13694,-60.986,5.8713,208.49,0.016895,-6.2797,22.734,33.06,39.342,22.55,170.01,8.5524,36.378
-0.0001877,-0.11393,0.043112,0.016895,1000,-0.49656,0.0069015,-0.27796,0.2186,-0.057279,-0.036484,-0.022723,0.61289
-0.070701,-15.206,-7.9037,-6.2797,-0.49656,847.17,9.351,-69.71,83.126,-35.147,-78.395,-19.713,84.588
0.0072821,-1.3069,-5.459,22.734,0.0069015,9.351,676.66,-318.83,-328.18,14.354,19.775,18.124,2.954
-0.012272,-16.251,-3.5341,33.06,-0.27796,-69.71,-318.83,641.02,-289.27,-3.6868,-8.9473,6.0733,59.001
0.058425,-1.0465,4.3694,39.342,0.2186,83.126,-328.18,-289.27,627.6,31.46,69.455,25.787,-25.59
0.020885,-7.5022,7.4856,22.55,-0.057279,-35.147,14.354,-3.6868,31.46,905.21,-135.78,-110.01,-30.641
0.20473,-55.515,13.679,170.01,-0.036484,-78.395,19.775,-8.9473,69.455,-135.78,629.16,-90.396,-145.76
0.017992,15.474,-7.9346,8.5524,-0.022723,-19.713,18.124,6.0733,25.787,-110.01,-90.396,830.71,-4.4252
0.076015,39.888,-24.39,36.378,0.61289,84.588,2.954,59.001,-25.59,-30.641,-145.76,-4.4252,693.41
