26.042,40.323,121.57,510.82,0.11843,71.521,287.55,313.49,184.46,171.64,5.9619e-06,5.8932e-06,5.9336e-06,6.2432e-06,307.27,166.47,962.95
957.03,525,603.92,1210.1,3.0437,276,549.13,628.83,415.26,685.34,2.6473e-05,2.8205e-05,2.6712e-05,2.8178e-05,875.79,280.99,999.57
0.0018777,0.00041663,-0.0013439,0.0010321,-0.00056436,0.0035185,0.0054906,-0.0040858,-0.0076176,0.0059769,-4.2325e-08,-9.8489e-09,-5.574e-08,-2.6084e-08,-0.0015655,-0.013442,-0.0053385
0.00041663,0.00042223,0.0003566,0.00019495,-0.00064679,0.0017648,-0.005524,0.0026581,0.00088994,-0.0012779,3.2941e-08,5.4574e-08,4.6178e-08,5.897e-08,0.0012994,0.0010293,0.0049773
-0.0013439,0.0003566,0.0062502,0.0023841,0.0025018,-0.010353,0.00033134,-0.00095493,0.0093998,-0.037181,1.6208e-08,4.1481e-08,3.0465e-08,5.6712e-08,0.025754,0.048289,0.017823
0.0010321,0.00019495,0.0023841,0.003703,-0.00078964,-0.0090783,0.029418,-0.017949,-0.008881,-0.020453,-6.4272e-08,-2.6756e-08,-7.2103e-08,-3.3697e-08,0.018187,0.017032,-0.010933
-0.00056436,-0.00064679,0.0025018,-0.00078964,0.99962,-0.012166,0.0021293,-0.0079166,0.0042496,0.0046821,-3.5374e-10,9.2975e-10,-9.541e-10,1.5111e-10,-0.0050426,-0.00086057,0.0095064
0.0035185,0.0017648,-0.010353,-0.0090783,-0.012166,0.38546,-0.12271,-0.26363,0.35089,0.080088,-5.4935e-08,-1.8263e-08,-9.4167e-08,-6.4172e-08,-0.06131,-0.088536,0.056326
0.0054906,-0.005524,0.00033134,0.029418,0.0021293,-0.12271,0.49561,-0.28393,-0.16123,-0.089492,-4.372e-08,-8.4512e-08,-3.8459e-08,-7.5628e-08,0.10115,0.020856,-0.32557
-0.0040858,0.0026581,-0.00095493,-0.017949,-0.0079166,-0.26363,-0.28393,0.49709,-0.23927,0.055949,1.7125e-08,7.839e-09,2.4337e-08,1.7678e-08,-0.062751,-0.015001,0.18329
-0.0076176,0.00088994,0.0093998,-0.008881,0.0042496,0.35089,-0.16123,-0.23927,0.40987,-0.02413,7.2037e-08,2.6085e-08,1.1848e-07,8.1829e-08,-0.001465,0.073565,0.12692
0.0059769,-0.0012779,-0.037181,-0.020453,0.0046821,0.080088,-0.089492,0.055949,-0.02413,0.2956,1.0784e-07,7.1271e-08,9.7864e-08,6.793e-08,-0.21786,-0.3594,-0.10052
-4.2325e-08,3.2941e-08,1.6208e-08,-6.4272e-08,-3.5374e-10,-5.4935e-08,-4.372e-08,1.7125e-08,7.2037e-08,1.0784e-07,1,-8.0871e-14,-1.1364e-13,-9.1941e-14,-1.1865e-07,1.9627e-07,-1.5325e-07
-9.8489e-09,5.4574e-08,4.1481e-08,-2.6756e-08,9.2975e-10,-1.8263e-08,-8.4512e-08,7.839e-09,2.6085e-08,7.1271e-08,-8.0871e-14,1,-8.2262e-14,-7.6067e-14,-4.6553e-08,1.4368e-07,-1.655e-07
-5.574e-08,4.6178e-08,3.0465e-08,-7.2103e-08,-9.541e-10,-9.4167e-08,-3.8459e-08,2.4337e-08,1.1848e-07,9.7864e-08,-1.1364e-13,-8.2262e-14,1,-9.8778e-14,-1.2155e-07,1.777e-07,-1.5972e-07
-2.6084e-08,5.897e-08,5.6712e-08,-3.3697e-08,1.5111e-10,-6.4172e-08,-7.5628e-08,1.7678e-08,8.1829e-08,6.793e-08,-9.1941e-14,-7.6067e-14,-9.8778e-14,1,-6.508e-08,1.3805e-07,-1.7635e-07
-0.0015655,0.0012994,0.025754,0.018187,-0.0050426,-0.06131,0.10115,-0.062751,-0.001465,-0.21786,-1.1865e-07,-4.6553e-08,-1.2155e-07,-6.508e-08,0.16657,0.25153,0.050569
-0.013442,0.0010293,0.048289,0.017032,-0.00086057,-0.088536,0.020856,-0.015001,0.073565,-0.3594,1.9627e-07,1.4368e-07,1.777e-07,1.3805e-07,0.25153,0.46974,0.18229
-0.0053385,0.0049773,0.017823,-0.010933,0.0095064,0.056326,-0.32557,0.18329,0.12692,-0.10052,-1.5325e-07,-1.655e-07,-1.5972e-07,-1.7635e-07,0.050569,0.18229,0.33053
73.202,73.202,73.202,73.202,73.202,73.202,73.202,73.202,73.202,73.202,73.202,73.202,73.202,73.202,73.202,73.202,73.202
397.03,285.74,376.47,834.46,0.78777,141.06,403.99,450.75,309.69,429.71,1.2933e-05,1.3075e-05,1.4135e-05,1.3991e-05,557.64,230.79,992.06
1,1,1,1,1,1,1,1,1,1,1,1,1,1,1,1,1
