670.77,560.96,324.24,326.15,87.952,541.27,553.88,183.32,263.59,12.092,651.34,717.19,91.972,712.05,641.36,988.18,59.615,65.331,25.49,654.91,654.91,654.91,30.276,272.21,64070,-40.593,72.059,601.04,545.45,159.57,261.08,320.9,262.88,468.91,73.239,255.59,84.963,659.93,624.45,326.27,550.07,613.12,787.39,260.17,270.02,-420.19,613.35,613.35,613.35,271.9,289.73,16456,-49.539,49.755
330.91,233.33,193.03,170.96,0.3655,214.59,214.72,42.047,50.69,0.96036,67.7,425,0.3776,375.4,68.691,856.75,3.1006,1.5407,-112.61,349.43,349.43,349.43,0.0052804,-122.1,-2.6246e+05,-545.1,-309.8,195.66,110.98,-40.438,83.301,1.1635,8.8121,3.0883,5.3144,114.54,3.7956,34.087,28.88,44.245,0.95672,14.023,6.1912,7.8056,41.408,-649.24,342.05,342.05,342.05,0.0072477,-49.8,-1.8793e+05,-436,-325.49
1271.8,1253.8,491.2,511.6,640.64,1085.2,1263.9,266.25,441.23,37.045,904.88,997.62,515.18,991.97,862.27,999.99,200.67,475.09,178.86,811.67,811.67,811.67,371.57,488.24,3.43e+05,421.74,600,1497,1497,337.79,1244.7,1452.4,930.38,1447.7,201.62,387.02,999,996.92,906.9,999.9,904.39,885.52,998.25,843.93,666.12,-170.43,781.68,781.68,781.68,1560.2,571.76,1.6218e+05,540.11,501.96
0.72595,-0.23022,-0.074405,-0.09582,-0.042226,-0.19927,-0.20117,-0.072116,-0.071895,-0.0065867,-0.0070467,-0.019283,-0.027555,-0.018138,-0.0019434,0.0045657,-0.013738,-0.028968,-0.0077455,0.010042,0.010042,0.010042,-0.018987,-0.015481,1.7238e-05,0.0048634,-0.0018987,-0.040601,0.011593,-0.046123,-0.0070724,-0.014894,-0.022769,0.044125,0.059438,-0.070441,-0.01995,0.0059371,0.0099923,-0.0025716,-0.015073,-0.016241,0.0055096,-0.032226,-0.028604,0.12429,0.015293,0.015293,0.015293,0.026994,-0.017449,-5.4094e-05,0.0050905,0.0043593
-0.23022,0.74097,0.0052011,-0.012837,-0.04415,-0.24073,-0.2391,-0.0079818,-0.021812,-0.0018055,0.012087,0.001324,-0.0026735,0.00083937,0.012508,9.5281e-05,-0.0012305,-0.00067197,0.015478,0.0081976,0.0081976,0.0081976,-0.0064246,0.029894,6.0348e-05,0.040256,0.037551,-0.00913,-0.015402,0.022114,-0.018285,0.011751,0.0016258,0.010815,0.020651,-0.038549,0.011022,0.011309,-0.0034548,-0.010584,0.012874,0.023761,-0.0020593,-0.005461,0.0089988,0.01949,0.027888,0.027888,0.027888,0.020288,-0.020492,8.3842e-06,-0.077327,-0.04834
-0.074405,0.0052011,0.89238,-0.11304,0.0070684,0.016937,0.017357,-0.085187,-0.075258,-0.0066364,-0.030084,-0.045329,-0.011003,-0.045149,-0.028207,0.0011148,-0.0054678,-0.019302,-0.043599,-0.0079518,-0.0079518,-0.0079518,-0.007682,-0.080192,-5.7669e-05,0.0022994,-0.015562,-0.041588,0.026417,-0.090086,0.012987,-0.076101,-0.011579,0.029684,0.054271,-0.0445,-0.042756,-0.029683,0.013484,0.038389,-0.034595,-0.079383,0.0090763,-0.034538,-0.017387,0.072412,-0.018066,-0.018066,-0.018066,-0.0091661,0.015,3.4039e-05,0.05202,0.061814
-0.09582,-0.012837,-0.11304,0.87022,0.018537,0.0029075,0.011337,-0.095692,-0.09028,-0.004003,-0.034181,-0.052227,0.022053,-0.055001,-0.037905,-0.0056612,0.014184,0.0038895,-0.0218,-0.016057,-0.016057,-0.016057,0.0099427,-0.071456,-3.6254e-05,-0.010253,-0.0058438,-0.030237,0.033271,-0.080336,0.01588,-0.069273,-0.0034542,0.048174,0.06803,-0.049902,-0.046571,-0.029594,0.0080769,0.019091,-0.03982,-0.077707,0.010094,-0.056447,-0.032482,0.11085,-0.01736,-0.01736,-0.01736,0.0055361,0.051771,2.7566e-05,0.030152,0.045667
-0.042226,-0.04415,0.0070684,0.018537,0.6954,0.018563,-0.050399,0.10246,-0.044705,-0.0062821,-0.018009,-0.038991,-0.21628,-0.02202,0.027845,0.048062,-0.091437,-0.19811,0.041128,0.0080223,0.0080223,0.0080223,-0.10543,0.05301,0.00019827,-0.0030084,-0.10873,-0.018091,-0.016385,0.025527,-0.030828,-0.035748,-0.058264,0.00171,-0.01128,-0.039282,-0.01277,-0.004803,-0.063636,-0.022229,-0.065113,0.0025184,-0.026707,-0.025648,-0.036275,-0.090031,-0.039617,-0.039617,-0.039617,0.074739,0.14199,-0.0003554,-0.058644,-0.050917
-0.19927,-0.24073,0.016937,0.0029075,0.018563,0.75603,-0.22971,-0.016043,-2.4525e-05,-0.0018506,0.016085,0.014076,0.031978,0.010728,0.0071775,-0.0091152,0.0092242,0.036199,-0.0046668,0.0031342,0.0031342,0.0031342,0.013104,0.037918,2.1101e-05,0.047662,0.084129,-0.002372,-0.013193,0.016835,-0.020391,0.0064264,0.030201,0.0017352,0.012961,-0.031155,0.02247,0.011328,0.0048083,0.0077166,0.033403,0.028034,0.0043294,0.013726,0.038165,-0.011497,0.026514,0.026514,0.026514,-0.016161,-0.069896,0.00012041,-0.046068,-0.047088
-0.20117,-0.2391,0.017357,0.011337,-0.050399,-0.22971,0.76496,0.0058763,-0.0010562,-0.004181,0.011562,0.011068,-0.031225,0.013015,0.01602,0.0052469,-0.019071,-0.01986,-0.0073281,0.013527,0.013527,0.013527,-0.020051,0.042939,4.1272e-05,0.045502,0.045118,-0.018122,-0.023702,0.01525,-0.028633,0.0023523,0.0041479,-0.012205,0.0067497,-0.034921,0.017456,0.015085,-0.0037094,0.016449,0.01648,0.026219,-0.0012198,0.018871,0.034171,-0.03167,0.020831,0.020831,0.020831,-0.0070293,-0.060891,3.5334e-05,-0.033869,-0.055465
-0.072116,-0.0079818,-0.085187,-0.095692,0.10246,-0.016043,0.0058763,0.87527,-0.026689,-0.0074318,-0.046093,0.0085229,0.056745,0.0037091,-0.058113,-0.013083,0.021937,0.045613,-0.051801,0.0059718,0.0059718,0.0059718,0.021096,-0.043065,-0.00014579,0.063687,0.044177,-0.036887,0.019359,-0.063912,0.057702,-0.04676,-0.018571,0.019519,0.044899,-0.0022286,-0.025618,-0.00025815,0.00082009,0.035156,-0.028902,-0.031033,0.0063463,-0.014944,0.0047776,0.13325,0.015935,0.015935,0.015935,-0.019069,0.0074436,5.4933e-05,0.10337,0.074854
-0.071895,-0.021812,-0.075258,-0.09028,-0.044705,-2.4525e-05,-0.0010562,-0.026689,0.90178,-0.00085616,-0.011789,-0.068045,-0.0081926,-0.068884,-0.010782,-0.00055717,0.00045702,-0.019659,0.0072376,-0.029093,-0.029093,-0.029093,0.002926,-0.047244,5.0206e-05,-0.052989,-0.021572,0.0094522,0.047889,-0.053205,-0.026501,-0.061649,0.047316,0.072833,0.050864,-0.069756,-0.031652,-0.035853,-0.00071447,-0.012011,-0.022237,-0.062967,0.01224,-0.066419,-0.037898,0.020123,-0.037384,-0.037384,-0.037384,0.011122,0.054204,4.3603e-06,-0.052028,0.015259
-0.0065867,-0.0018055,-0.0066364,-0.004003,-0.0062821,-0.0018506,-0.004181,-0.0074318,-0.00085616,0.99513,0.0009099,0.0041286,-0.020522,0.0056284,0.0032008,0.003071,-0.015586,-0.012025,-0.012266,0.0012837,0.0012837,0.0012837,-0.0093907,0.0095133,-1.433e-05,0.028445,0.015172,-0.0012741,0.010498,-0.0092086,-0.00042269,-0.0043058,0.0065133,0.01217,-0.0030568,0.0017595,-0.01149,0.0094537,0.0056717,0.0061772,-0.0035743,0.0018628,0.0049341,0.0018658,-0.0018773,-0.0061277,0.00016583,0.00016583,0.00016583,-0.011171,0.0078645,-6.1056e-06,0.019144,0.031983
-0.0070467,0.012087,-0.030084,-0.034181,-0.018009,0.016085,0.011562,-0.046093,-0.011789,0.0009099,0.79912,0.067841,0.019225,0.066495,-0.19954,-0.00076215,0.026344,-0.01294,-0.032966,0.027882,0.027882,0.027882,-0.0049805,-0.012224,5.1161e-05,-0.017925,-0.029263,-0.013086,-0.0051622,-0.0069905,0.02674,-0.083684,0.024129,-0.014923,0.034036,-0.018148,0.016341,0.055266,-0.19979,0.061784,-0.16456,0.047552,-0.017539,-0.054861,0.087884,0.015743,-0.0073274,-0.0073274,-0.0073274,-0.02459,0.033965,1.5868e-06,-0.010763,-0.021272
-0.019283,0.001324,-0.045329,-0.052227,-0.038991,0.014076,0.011068,0.0085229,-0.068045,0.0041286,0.067841,0.86354,0.0078657,-0.138,0.068365,-0.0012562,0.015218,-0.0076497,0.0015948,0.0056806,0.0056806,0.0056806,0.0061082,-0.021092,3.7096e-05,-0.045753,-0.00019546,0.010615,0.015766,-0.023513,-0.0095246,-0.068057,0.016439,0.0037836,0.038004,-0.022584,-0.030808,-0.11485,0.088213,0.023355,0.050665,-0.14684,0.0035731,-0.015946,-0.032679,-0.056642,0.00047185,0.00047185,0.00047185,0.0099605,0.09057,6.7118e-05,-0.022687,-0.083243
-0.027555,-0.0026735,-0.011003,0.022053,-0.21628,0.031978,-0.031225,0.056745,-0.0081926,-0.020522,0.019225,0.0078657,0.73448,0.028731,0.065228,0.051929,-0.14527,-0.20804,-0.035319,0.029291,0.029291,0.029291,-0.12368,0.047021,-0.00013076,0.001897,-0.054392,-0.04463,0.013911,-0.04363,-0.026146,-0.027496,-0.046644,0.015912,-0.036788,-0.034351,-0.013817,0.026905,0.00048379,-0.0080195,-0.010995,0.029329,0.0021737,0.0265,-0.036773,-0.076513,-0.025879,-0.025879,-0.025879,0.0029019,-0.011602,-1.7661e-05,0.090235,0.11659
-0.018138,0.00083937,-0.045149,-0.055001,-0.02202,0.010728,0.013015,0.0037091,-0.068884,0.0056284,0.066495,-0.138,0.028731,0.85874,0.063142,-0.005617,0.026327,0.0088704,0.0047769,0.002219,0.002219,0.002219,0.016608,-0.022269,4.4226e-05,-0.048027,0.0081671,0.01479,0.016038,-0.020828,-0.007281,-0.068761,0.022376,0.0045571,0.041505,-0.021987,-0.028712,-0.1182,0.087423,0.022009,0.052946,-0.14862,0.003844,-0.019105,-0.030263,-0.051263,0.0010298,0.0010298,0.0010298,0.0092592,0.092759,8.2862e-05,-0.028643,-0.091684
-0.0019434,0.012508,-0.028207,-0.037905,0.027845,0.0071775,0.01602,-0.058113,-0.010782,0.0032008,-0.19954,0.068365,0.065228,0.063142,0.79226,-0.011124,0.047999,0.026722,-0.029305,0.017915,0.017915,0.017915,0.019451,-0.011913,5.5568e-05,-0.018044,-0.0015142,-0.001511,-0.00015796,-0.0036849,0.030124,-0.083012,0.043752,-0.0082076,0.038828,-0.016696,0.02138,0.051015,-0.1971,0.057648,-0.15399,0.047899,-0.014517,-0.058671,0.093983,0.024109,-0.0072139,-0.0072139,-0.0072139,-0.031821,0.02945,5.5449e-05,-0.017636,-0.028631
0.0045657,9.5281e-05,0.0011148,-0.0056612,0.048062,-0.0091152,0.0052469,-0.013083,-0.00055717,0.003071,-0.00076215,-0.0012562,0.051929,-0.005617,-0.011124,0.98859,0.025726,0.043241,0.0056853,-0.010428,-0.010428,-0.010428,0.02716,-0.00083088,9.4899e-06,-0.0039229,0.027528,0.011998,0.0039514,0.0044091,0.0043174,-0.00070259,0.019537,0.005646,0.0070318,0.00085659,0.0057394,-0.0063038,0.00063102,-0.00426,0.0093006,-0.001502,0.0023389,-0.0059749,0.0065615,0.011165,0.0001345,0.0001345,0.0001345,-0.005662,-0.0013585,5.505e-05,-0.010098,-0.013356
-0.013738,-0.0012305,-0.0054678,0.014184,-0.091437,0.0092242,-0.019071,0.021937,0.00045702,-0.015586,0.026344,0.015218,-0.14527,0.026327,0.047999,0.025726,0.9102,-0.10237,-0.029567,0.0053055,0.0053055,0.0053055,-0.063179,0.035034,-9.3693e-05,0.029056,0.0056484,-0.015599,0.025974,-0.03405,-0.018087,-0.0079104,-0.0031795,0.03239,-0.028086,-0.018578,-0.011276,0.025737,0.017827,-0.010042,0.011078,0.028337,0.0098732,0.021791,-0.021731,-0.048317,-0.018153,-0.018153,-0.018153,-0.014952,-0.026277,4.261e-05,0.066959,0.10948
-0.028968,-0.00067197,-0.019302,0.0038895,-0.19811,0.036199,-0.01986,0.045613,-0.019659,-0.012025,-0.01294,-0.0076497,-0.20804,0.0088704,0.026722,0.043241,-0.10237,0.82275,-0.021089,0.035086,0.035086,0.035086,-0.10153,0.026867,-7.7358e-05,-0.036242,-0.077507,-0.045667,-0.0034506,-0.031501,-0.016733,-0.039514,-0.055052,-0.0075465,-0.013231,-0.033676,-0.010283,0.0097997,-0.025839,0.0053764,-0.036891,0.0053492,-0.0063253,0.0062576,-0.025519,-0.047659,-0.019015,-0.019015,-0.019015,0.015802,0.017183,-5.0139e-05,0.060814,0.04413
-0.0077455,0.015478,-0.043599,-0.0218,0.041128,-0.0046668,-0.0073281,-0.051801,0.0072376,-0.012266,-0.032966,0.0015948,-0.035319,0.0047769,-0.029305,0.0056853,-0.029567,-0.021089,0.87271,0.059767,0.059767,0.059767,-0.031971,-0.052264,7.9305e-05,0.095732,-0.033923,-0.0062008,0.038971,-0.062988,0.026676,-0.091478,0.064834,0.0054341,0.0014214,0.0087042,0.0044419,-0.027785,0.002133,0.082602,0.0080361,-0.047141,0.01566,0.02863,0.064716,-0.072701,0.031743,0.031743,0.031743,-0.091482,-0.098611,-0.00011216,0.10357,0.056444
0.010042,0.0081976,-0.0079518,-0.016057,0.0080223,0.0031342,0.013527,0.0059718,-0.029093,0.0012837,0.027882,0.0056806,0.029291,0.002219,0.017915,-0.010428,0.0053055,0.035086,0.059767,0.83802,-0.16198,-0.16198,0.03726,-0.027472,4.4254e-05,0.086515,0.058747,-0.0272,-0.030904,-0.019155,-0.0546,0.01734,-0.022534,0.012371,-0.00082736,-0.050657,-0.013076,0.020008,0.0072184,-0.032218,0.0048305,0.024957,-0.0016646,-0.011054,-0.0073349,0.0034058,-0.12744,-0.12744,-0.12744,0.020832,-0.015587,-5.3163e-05,-0.030379,-0.01481
0.010042,0.0081976,-0.0079518,-0.016057,0.0080223,0.0031342,0.013527,0.0059718,-0.029093,0.0012837,0.027882,0.0056806,0.029291,0.002219,0.017915,-0.010428,0.0053055,0.035086,0.059767,-0.16198,0.83802,-0.16198,0.03726,-0.027472,4.4254e-05,0.086515,0.058747,-0.0272,-0.030904,-0.019155,-0.0546,0.01734,-0.022534,0.012371,-0.00082736,-0.050657,-0.013076,0.020008,0.0072184,-0.032218,0.0048305,0.024957,-0.0016646,-0.011054,-0.0073349,0.0034058,-0.12744,-0.12744,-0.12744,0.020832,-0.015587,-5.3163e-05,-0.030379,-0.01481
0.010042,0.0081976,-0.0079518,-0.016057,0.0080223,0.0031342,0.013527,0.0059718,-0.029093,0.0012837,0.027882,0.0056806,0.029291,0.002219,0.017915,-0.010428,0.0053055,0.035086,0.059767,-0.16198,-0.16198,0.83802,0.03726,-0.027472,4.4254e-05,0.086515,0.058747,-0.0272,-0.030904,-0.019155,-0.0546,0.01734,-0.022534,0.012371,-0.00082736,-0.050657,-0.013076,0.020008,0.0072184,-0.032218,0.0048305,0.024957,-0.0016646,-0.011054,-0.0073349,0.0034058,-0.12744,-0.12744,-0.12744,0.020832,-0.015587,-5.3163e-05,-0.030379,-0.01481
-0.018987,-0.0064246,-0.007682,0.0099427,-0.10543,0.013104,-0.020051,0.021096,0.002926,-0.0093907,-0.0049805,0.0061082,-0.12368,0.016608,0.019451,0.02716,-0.063179,-0.10153,-0.031971,0.03726,0.03726,0.03726,0.93164,-0.0030313,-1.1786e-05,0.033236,-0.074419,-0.023734,0.00067319,-0.015053,-0.0068583,-0.0046301,-0.030029,-0.0059262,-0.015867,0.0033588,-0.016733,0.016891,-0.0015228,0.021597,-0.024452,-0.00042043,-0.0013847,0.014785,-0.0076661,-0.030838,0.010383,0.010383,0.010383,-0.0012037,-0.0053009,-0.00016849,0.034303,0.039332
-0.015481,0.029894,-0.080192,-0.071456,0.05301,0.037918,0.042939,-0.043065,-0.047244,0.0095133,-0.012224,-0.021092,0.047021,-0.022269,-0.011913,-0.00083088,0.035034,0.026867,-0.052264,-0.027472,-0.027472,-0.027472,-0.0030313,0.6333,0.00033658,0.068182,-0.22499,-0.063497,-0.042197,-0.082862,0.010434,-0.025629,-0.072193,-0.05141,0.01528,-0.013158,-0.0048375,-0.055106,0.024727,0.050712,-0.010809,-0.097021,-0.018253,0.0045645,0.028522,0.010052,0.0011282,0.0011282,0.0011282,0.035609,-0.18881,-0.00040891,-0.23298,0.11688
1.7238e-05,6.0348e-05,-5.7669e-05,-3.6254e-05,0.00019827,2.1101e-05,4.1272e-05,-0.00014579,5.0206e-05,-1.433e-05,5.1161e-05,3.7096e-05,-0.00013076,4.4226e-05,5.5568e-05,9.4899e-06,-9.3693e-05,-7.7358e-05,7.9305e-05,4.4254e-05,4.4254e-05,4.4254e-05,-1.1786e-05,0.00033658,6.3598e-07,3.8307e-05,-9.1276e-05,-5.6472e-05,3.89e-05,-0.00014629,1.805e-05,-0.00016516,3.0985e-05,3.3409e-05,-7.2155e-05,-8.3393e-05,2.3017e-05,2.8508e-05,7.5739e-05,0.00016601,3.8014e-05,2.5209e-05,-3.4191e-05,0.00022814,6.5823e-05,0.00020994,-5.5643e-05,-5.5643e-05,-5.5643e-05,-4.8337e-05,8.6148e-07,-2.3617e-07,-0.00038444,-0.00014059
0.0048634,0.040256,0.0022994,-0.010253,-0.0030084,0.047662,0.045502,0.063687,-0.052989,0.028445,-0.017925,-0.045753,0.001897,-0.048027,-0.018044,-0.0039229,0.029056,-0.036242,0.095732,0.086515,0.086515,0.086515,0.033236,0.068182,3.8307e-05,0.17288,0.10678,-0.01517,-0.0051969,-0.051771,-0.1032,0.027543,-0.014898,-0.050799,0.061774,-0.13922,0.047042,0.00058389,-0.027007,-0.029029,-0.019708,-0.0023355,0.0079352,-0.039946,-0.058124,0.045496,0.012762,0.012762,0.012762,0.023833,-0.13455,-5.6104e-05,-0.045446,-0.017025
-0.0018987,0.037551,-0.015562,-0.0058438,-0.10873,0.084129,0.045118,0.044177,-0.021572,0.015172,-0.029263,-0.00019546,-0.054392,0.0081671,-0.0015142,0.027528,0.0056484,-0.077507,-0.033923,0.058747,0.058747,0.058747,-0.074419,-0.22499,-9.1276e-05,0.10678,0.35868,0.024097,0.0074765,0.035078,-0.03301,0.056974,0.055951,0.035453,0.00026091,0.021455,0.016987,-0.0036507,-0.02148,-0.075723,-0.0018782,-0.0013426,0.03574,-0.077931,-0.067116,0.13101,0.023387,0.023387,0.023387,-0.00072191,-0.14909,0.00039771,-0.04655,-0.20589
-0.040601,-0.00913,-0.041588,-0.030237,-0.018091,-0.002372,-0.018122,-0.036887,0.0094522,-0.0012741,-0.013086,0.010615,-0.04463,0.01479,-0.001511,0.011998,-0.015599,-0.045667,-0.0062008,-0.0272,-0.0272,-0.0272,-0.023734,-0.063497,-5.6472e-05,-0.01517,0.024097,0.79042,-0.19058,-0.029477,-0.0031913,-0.10019,-0.16184,-0.21747,-0.0020143,0.0022118,-0.04054,0.020831,0.019041,0.0079341,0.010915,0.010264,0.055501,-0.014142,-0.029426,0.072308,-0.01992,-0.01992,-0.01992,-0.096838,-0.020306,3.1307e-05,0.035857,0.037814
0.011593,-0.015402,0.026417,0.033271,-0.016385,-0.013193,-0.023702,0.019359,0.047889,0.010498,-0.0051622,0.015766,0.013911,0.016038,-0.00015796,0.0039514,0.025974,-0.0034506,0.038971,-0.030904,-0.030904,-0.030904,0.00067319,-0.042197,3.89e-05,-0.0051969,0.0074765,-0.19058,0.76035,0.05007,-0.0076112,-0.070669,-0.16237,-0.27145,-0.024404,0.040083,-0.016855,0.016184,0.0018081,-0.012018,0.026857,0.034039,0.049355,-0.012192,-0.013246,0.028434,-0.0065732,-0.0065732,-0.0065732,-0.088455,0.011085,-4.2242e-05,-0.055771,-0.071535
-0.046123,0.022114,-0.090086,-0.080336,0.025527,0.016835,0.01525,-0.063912,-0.053205,-0.0092086,-0.0069905,-0.023513,-0.04363,-0.020828,-0.0036849,0.0044091,-0.03405,-0.031501,-0.062988,-0.019155,-0.019155,-0.019155,-0.015053,-0.082862,-0.00014629,-0.051771,0.035078,-0.029477,0.05007,0.874,-0.018314,-0.035991,-0.011714,0.040543,0.036133,-0.06653,-0.023728,-0.016608,0.031411,0.079047,-0.027147,-0.074183,-0.011603,0.02396,0.02204,-0.0014939,-0.039403,-0.039403,-0.039403,-0.0023657,-0.10953,0.00026244,0.081322,0.11076
-0.0070724,-0.018285,0.012987,0.01588,-0.030828,-0.020391,-0.028633,0.057702,-0.026501,-0.00042269,0.02674,-0.0095246,-0.026146,-0.007281,0.030124,0.0043174,-0.018087,-0.016733,0.026676,-0.0546,-0.0546,-0.0546,-0.0068583,0.010434,1.805e-05,-0.1032,-0.03301,-0.0031913,-0.0076112,-0.018314,0.76039,0.13224,0.10216,0.00072753,0.0067854,-0.029615,-0.14912,0.14405,0.086911,0.09123,-0.077242,-0.021994,0.085051,-0.048724,-0.032935,-0.071449,-0.053332,-0.053332,-0.053332,-0.14022,-0.069708,3.5828e-05,-0.04995,-0.06801
-0.014894,0.011751,-0.076101,-0.069273,-0.035748,0.0064264,0.0023523,-0.04676,-0.061649,-0.0043058,-0.083684,-0.068057,-0.027496,-0.068761,-0.083012,-0.00070259,-0.0079104,-0.039514,-0.091478,0.01734,0.01734,0.01734,-0.0046301,-0.025629,-0.00016516,0.027543,0.056974,-0.10019,-0.070669,-0.035991,0.13224,0.56769,0.072806,-0.095306,0.01738,-0.062729,0.11254,-0.18033,-0.12824,-0.095812,0.11821,-0.0086039,0.056468,-0.080008,0.035284,-0.10744,-0.026465,-0.026465,-0.026465,-0.14272,0.06447,1.9158e-05,0.019522,0.029221
-0.022769,0.0016258,-0.011579,-0.0034542,-0.058264,0.030201,0.0041479,-0.018571,0.047316,0.0065133,0.024129,0.016439,-0.046644,0.022376,0.043752,0.019537,-0.0031795,-0.055052,0.064834,-0.022534,-0.022534,-0.022534,-0.030029,-0.072193,3.0985e-05,-0.014898,0.055951,-0.16184,-0.16237,-0.011714,0.10216,0.072806,0.60375,-0.19322,-0.0044776,0.033401,0.012591,-0.025541,0.023007,0.05501,-0.046964,-0.033348,-0.11623,0.11805,0.0048058,0.13424,0.00082479,0.00082479,0.00082479,0.21243,0.029782,0.00027283,0.023892,0.029765
0.044125,0.010815,0.029684,0.048174,0.00171,0.0017352,-0.012205,0.019519,0.072833,0.01217,-0.014923,0.0037836,0.015912,0.0045571,-0.0082076,0.005646,0.03239,-0.0075465,0.0054341,0.012371,0.012371,0.012371,-0.0059262,-0.05141,3.3409e-05,-0.050799,0.035453,-0.21747,-0.27145,0.040543,0.00072753,-0.095306,-0.19322,0.65498,-0.025469,0.061867,-0.01849,-0.0041032,0.012385,0.059869,0.018853,-0.010406,0.041669,0.023029,0.028159,-0.026997,0.023825,0.023825,0.023825,-0.11553,-0.013416,8.7495e-05,-0.030044,-0.089443
0.059438,0.020651,0.054271,0.06803,-0.01128,0.012961,0.0067497,0.044899,0.050864,-0.0030568,0.034036,0.038004,-0.036788,0.041505,0.038828,0.0070318,-0.028086,-0.013231,0.0014214,-0.00082736,-0.00082736,-0.00082736,-0.015867,0.01528,-7.2155e-05,0.061774,0.00026091,-0.0020143,-0.024404,0.036133,0.0067854,0.01738,-0.0044776,-0.025469,0.94671,0.0354,0.022051,0.017637,0.0088189,-0.040818,0.047653,0.060006,0.0091246,0.02789,-0.0024601,-0.055238,0.0081547,0.0081547,0.0081547,-0.017651,-0.028845,2.1199e-05,-0.026421,0.053864
-0.070441,-0.038549,-0.0445,-0.049902,-0.039282,-0.031155,-0.034921,-0.0022286,-0.069756,0.0017595,-0.018148,-0.022584,-0.034351,-0.021987,-0.016696,0.00085659,-0.018578,-0.033676,0.0087042,-0.050657,-0.050657,-0.050657,0.0033588,-0.013158,-8.3393e-05,-0.13922,0.021455,0.0022118,0.040083,-0.06653,-0.029615,-0.062729,0.033401,0.061867,0.0354,0.88327,0.047941,-0.033974,-0.047526,-0.030893,0.0045231,0.001933,-0.013009,-0.021659,0.006668,-0.010306,-0.078867,-0.078867,-0.078867,0.029575,-0.085799,0.00020451,0.0094259,-0.0010942
-0.01995,0.011022,-0.042756,-0.046571,-0.01277,0.02247,0.017456,-0.025618,-0.031652,-0.01149,0.016341,-0.030808,-0.013817,-0.028712,0.02138,0.0057394,-0.011276,-0.010283,0.0044419,-0.013076,-0.013076,-0.013076,-0.016733,-0.0048375,2.3017e-05,0.047042,0.016987,-0.04054,-0.016855,-0.023728,-0.14912,0.11254,0.012591,-0.01849,0.022051,0.047941,0.77385,0.13641,0.12709,0.13177,-0.12082,-0.085543,0.078605,-0.05423,-0.066933,0.024105,0.014047,0.014047,0.014047,-0.11658,0.12692,9.4224e-06,-0.023691,0.041002
0.0059371,0.011309,-0.029683,-0.029594,-0.004803,0.011328,0.015085,-0.00025815,-0.035853,0.0094537,0.055266,-0.11485,0.026905,-0.1182,0.051015,-0.0063038,0.025737,0.0097997,-0.027785,0.020008,0.020008,0.020008,0.016891,-0.055106,2.8508e-05,0.00058389,-0.0036507,0.020831,0.016184,-0.016608,0.14405,-0.18033,-0.025541,-0.0041032,0.017637,-0.033974,0.13641,0.76123,0.0035539,-0.056741,0.14815,-0.10487,-0.063641,0.042221,0.030803,-0.072323,0.0040172,0.0040172,0.0040172,0.099707,0.0087182,-3.1184e-05,0.0036546,-0.071865
0.0099923,-0.0034548,0.013484,0.0080769,-0.063636,0.0048083,-0.0037094,0.00082009,-0.00071447,0.0056717,-0.19979,0.088213,0.00048379,0.087423,-0.1971,0.00063102,0.017827,-0.025839,0.002133,0.0072184,0.0072184,0.0072184,-0.0015228,0.024727,7.5739e-05,-0.027007,-0.02148,0.019041,0.0018081,0.031411,0.086911,-0.12824,0.023007,0.012385,0.0088189,-0.047526,0.12709,0.0035539,0.7218,-0.04508,-0.10588,0.12477,-0.055695,-0.043807,0.099962,-0.016324,-0.035477,-0.035477,-0.035477,0.051652,0.024353,2.6782e-05,-0.049886,-0.032039
-0.0025716,-0.010584,0.038389,0.019091,-0.022229,0.0077166,0.016449,0.035156,-0.012011,0.0061772,0.061784,0.023355,-0.0080195,0.022009,0.057648,-0.00426,-0.010042,0.0053764,0.082602,-0.032218,-0.032218,-0.032218,0.021597,0.050712,0.00016601,-0.029029,-0.075723,0.0079341,-0.012018,0.079047,0.09123,-0.095812,0.05501,0.059869,-0.040818,-0.030893,0.13177,-0.056741,-0.04508,0.65549,0.20106,0.18208,0.059305,-0.094401,-0.14756,0.144,-0.017966,-0.017966,-0.017966,0.014371,0.034577,1.8005e-05,-0.05404,0.063736
-0.015073,0.012874,-0.034595,-0.03982,-0.065113,0.033403,0.01648,-0.028902,-0.022237,-0.0035743,-0.16456,0.050665,-0.010995,0.052946,-0.15399,0.0093006,0.011078,-0.036891,0.0080361,0.0048305,0.0048305,0.0048305,-0.024452,-0.010809,3.8014e-05,-0.019708,-0.0018782,0.010915,0.026857,-0.027147,-0.077242,0.11821,-0.046964,0.018853,0.047653,0.0045231,-0.12082,0.14815,-0.10588,0.20106,0.70564,-0.035016,-0.052677,-0.01814,0.073367,0.012822,-0.011708,-0.011708,-0.011708,0.047981,0.096861,6.588e-05,-0.042086,-0.013028
-0.016241,0.023761,-0.079383,-0.077707,0.0025184,0.028034,0.026219,-0.031033,-0.062967,0.0018628,0.047552,-0.14684,0.029329,-0.14862,0.047899,-0.001502,0.028337,0.0053492,-0.047141,0.024957,0.024957,0.024957,-0.00042043,-0.097021,2.5209e-05,-0.0023355,-0.0013426,0.010264,0.034039,-0.074183,-0.021994,-0.0086039,-0.033348,-0.010406,0.060006,0.001933,-0.085543,-0.10487,0.12477,0.18208,-0.035016,0.75225,-0.038656,0.040576,0.032311,-0.082971,0.02129,0.02129,0.02129,0.035896,0.052069,-7.0169e-05,0.0012082,-0.080767
0.0055096,-0.0020593,0.0090763,0.010094,-0.026707,0.0043294,-0.0012198,0.0063463,0.01224,0.0049341,-0.017539,0.0035731,0.0021737,0.003844,-0.014517,0.0023389,0.0098732,-0.0063253,0.01566,-0.0016646,-0.0016646,-0.0016646,-0.0013847,-0.018253,-3.4191e-05,0.0079352,0.03574,0.055501,0.049355,-0.011603,0.085051,0.056468,-0.11623,0.041669,0.0091246,-0.013009,0.078605,-0.063641,-0.055695,0.059305,-0.052677,-0.038656,0.86045,0.098604,0.084972,-0.025939,-0.0086925,-0.0086925,-0.0086925,0.21229,-0.010026,-5.0925e-05,-0.0031258,-0.02399
-0.032226,-0.005461,-0.034538,-0.056447,-0.025648,0.013726,0.018871,-0.014944,-0.066419,0.0018658,-0.054861,-0.015946,0.0265,-0.019105,-0.058671,-0.0059749,0.021791,0.0062576,0.02863,-0.011054,-0.011054,-0.011054,0.014785,0.0045645,0.00022814,-0.039946,-0.077931,-0.014142,-0.012192,0.02396,-0.048724,-0.080008,0.11805,0.023029,0.02789,-0.021659,-0.05423,0.042221,-0.043807,-0.094401,-0.01814,0.040576,0.098604,0.8475,-0.087137,0.079084,-0.01056,-0.01056,-0.01056,-0.11638,0.1156,-3.6942e-05,-0.081481,-0.011826
-0.028604,0.0089988,-0.017387,-0.032482,-0.036275,0.038165,0.034171,0.0047776,-0.037898,-0.0018773,0.087884,-0.032679,-0.036773,-0.030263,0.093983,0.0065615,-0.021731,-0.025519,0.064716,-0.0073349,-0.0073349,-0.0073349,-0.0076661,0.028522,6.5823e-05,-0.058124,-0.067116,-0.029426,-0.013246,0.02204,-0.032935,0.035284,0.0048058,0.028159,-0.0024601,0.006668,-0.066933,0.030803,0.099962,-0.14756,0.073367,0.032311,0.084972,-0.087137,0.8222,0.15897,0.01198,0.01198,0.01198,-0.034897,0.10172,0.00014928,-0.0087415,0.062059
0.12429,0.01949,0.072412,0.11085,-0.090031,-0.011497,-0.03167,0.13325,0.020123,-0.0061277,0.015743,-0.056642,-0.076513,-0.051263,0.024109,0.011165,-0.048317,-0.047659,-0.072701,0.0034058,0.0034058,0.0034058,-0.030838,0.010052,0.00020994,0.045496,0.13101,0.072308,0.028434,-0.0014939,-0.071449,-0.10744,0.13424,-0.026997,-0.055238,-0.010306,0.024105,-0.072323,-0.016324,0.144,0.012822,-0.082971,-0.025939,0.079084,0.15897,0.51487,-0.025891,-0.025891,-0.025891,-0.076437,-0.047981,0.0003078,-0.15889,-0.0022077
0.015293,0.027888,-0.018066,-0.01736,-0.039617,0.026514,0.020831,0.015935,-0.037384,0.00016583,-0.0073274,0.00047185,-0.025879,0.0010298,-0.0072139,0.0001345,-0.018153,-0.019015,0.031743,-0.12744,-0.12744,-0.12744,0.010383,0.0011282,-5.5643e-05,0.012762,0.023387,-0.01992,-0.0065732,-0.039403,-0.053332,-0.026465,0.00082479,0.023825,0.0081547,-0.078867,0.014047,0.0040172,-0.035477,-0.017966,-0.011708,0.02129,-0.0086925,-0.01056,0.01198,-0.025891,0.86558,-0.13442,-0.13442,0.012458,-0.042549,4.0295e-05,0.043815,-0.050254
0.015293,0.027888,-0.018066,-0.01736,-0.039617,0.026514,0.020831,0.015935,-0.037384,0.00016583,-0.0073274,0.00047185,-0.025879,0.0010298,-0.0072139,0.0001345,-0.018153,-0.019015,0.031743,-0.12744,-0.12744,-0.12744,0.010383,0.0011282,-5.5643e-05,0.012762,0.023387,-0.01992,-0.0065732,-0.039403,-0.053332,-0.026465,0.00082479,0.023825,0.0081547,-0.078867,0.014047,0.0040172,-0.035477,-0.017966,-0.011708,0.02129,-0.0086925,-0.01056,0.01198,-0.025891,-0.13442,0.86558,-0.13442,0.012458,-0.042549,4.0295e-05,0.043815,-0.050254
0.015293,0.027888,-0.018066,-0.01736,-0.039617,0.026514,0.020831,0.015935,-0.037384,0.00016583,-0.0073274,0.00047185,-0.025879,0.0010298,-0.0072139,0.0001345,-0.018153,-0.019015,0.031743,-0.12744,-0.12744,-0.12744,0.010383,0.0011282,-5.5643e-05,0.012762,0.023387,-0.01992,-0.0065732,-0.039403,-0.053332,-0.026465,0.00082479,0.023825,0.0081547,-0.078867,0.014047,0.0040172,-0.035477,-0.017966,-0.011708,0.02129,-0.0086925,-0.01056,0.01198,-0.025891,-0.13442,-0.13442,0.86558,0.012458,-0.042549,4.0295e-05,0.043815,-0.050254
0.026994,0.020288,-0.0091661,0.0055361,0.074739,-0.016161,-0.0070293,-0.019069,0.011122,-0.011171,-0.02459,0.0099605,0.0029019,0.0092592,-0.031821,-0.005662,-0.014952,0.015802,-0.091482,0.020832,0.020832,0.020832,-0.0012037,0.035609,-4.8337e-05,0.023833,-0.00072191,-0.096838,-0.088455,-0.0023657,-0.14022,-0.14272,0.21243,-0.11553,-0.017651,0.029575,-0.11658,0.099707,0.051652,0.014371,0.047981,0.035896,0.21229,-0.11638,-0.034897,-0.076437,0.012458,0.012458,0.012458,0.59732,-0.042658,-6.5475e-05,0.063632,0.0040367
-0.017449,-0.020492,0.015,0.051771,0.14199,-0.069896,-0.060891,0.0074436,0.054204,0.0078645,0.033965,0.09057,-0.011602,0.092759,0.02945,-0.0013585,-0.026277,0.017183,-0.098611,-0.015587,-0.015587,-0.015587,-0.0053009,-0.18881,8.6148e-07,-0.13455,-0.14909,-0.020306,0.011085,-0.10953,-0.069708,0.06447,0.029782,-0.013416,-0.028845,-0.085799,0.12692,0.0087182,0.024353,0.034577,0.096861,0.052069,-0.010026,0.1156,0.10172,-0.047981,-0.042549,-0.042549,-0.042549,-0.042658,0.41458,-8.2436e-05,0.074499,0.031905
-5.4094e-05,8.3842e-06,3.4039e-05,2.7566e-05,-0.0003554,0.00012041,3.5334e-05,5.4933e-05,4.3603e-06,-6.1056e-06,1.5868e-06,6.7118e-05,-1.7661e-05,8.2862e-05,5.5449e-05,5.505e-05,4.261e-05,-5.0139e-05,-0.00011216,-5.3163e-05,-5.3163e-05,-5.3163e-05,-0.00016849,-0.00040891,-2.3617e-07,-5.6104e-05,0.00039771,3.1307e-05,-4.2242e-05,0.00026244,3.5828e-05,1.9158e-05,0.00027283,8.7495e-05,2.1199e-05,0.00020451,9.4224e-06,-3.1184e-05,2.6782e-05,1.8005e-05,6.588e-05,-7.0169e-05,-5.0925e-05,-3.6942e-05,0.00014928,0.0003078,4.0295e-05,4.0295e-05,4.0295e-05,-6.5475e-05,-8.2436e-05,9.1618e-07,4.4181e-05,-0.0001337
0.0050905,-0.077327,0.05202,0.030152,-0.058644,-0.046068,-0.033869,0.10337,-0.052028,0.019144,-0.010763,-0.022687,0.090235,-0.028643,-0.017636,-0.010098,0.066959,0.060814,0.10357,-0.030379,-0.030379,-0.030379,0.034303,-0.23298,-0.00038444,-0.045446,-0.04655,0.035857,-0.055771,0.081322,-0.04995,0.019522,0.023892,-0.030044,-0.026421,0.0094259,-0.023691,0.0036546,-0.049886,-0.05404,-0.042086,0.0012082,-0.0031258,-0.081481,-0.0087415,-0.15889,0.043815,0.043815,0.043815,0.063632,0.074499,4.4181e-05,0.32576,0.16399
0.0043593,-0.04834,0.061814,0.045667,-0.050917,-0.047088,-0.055465,0.074854,0.015259,0.031983,-0.021272,-0.083243,0.11659,-0.091684,-0.028631,-0.013356,0.10948,0.04413,0.056444,-0.01481,-0.01481,-0.01481,0.039332,0.11688,-0.00014059,-0.017025,-0.20589,0.037814,-0.071535,0.11076,-0.06801,0.029221,0.029765,-0.089443,0.053864,-0.0010942,0.041002,-0.071865,-0.032039,0.063736,-0.013028,-0.080767,-0.02399,-0.011826,0.062059,-0.0022077,-0.050254,-0.050254,-0.050254,0.0040367,0.031905,-0.0001337,0.16399,0.33847
188.11,188.11,188.11,188.11,188.11,188.11,188.11,188.11,188.11,188.11,188.11,188.11,188.11,188.11,188.11,188.11,188.11,188.11,188.11,188.11,188.11,188.11,188.11,188.11,188.11,188.11,188.11,188.11,188.11,188.11,188.11,188.11,188.11,188.11,188.11,188.11,188.11,188.11,188.11,188.11,188.11,188.11,188.11,188.11,188.11,188.11,188.11,188.11,188.11,188.11,188.11,188.11,188.11,188.11
