775.84,710.6,809.65,279.79,6.1029,324.05,261.84,421.76,97.71,39.185,318.98,125.65,69.766
1.5944,137.93,454.9,87.054,2.1075,220.41,48.439,134.87,-102.32,4.7692,131.06,67.133,0.43189
1362.3,994.9,1000,490.99,11.269,441.99,561.62,679.88,427.31,82.913,686.69,188.74,222
5.4388e-05,1.3801e-05,0.0002596,-0.00025687,-0.00028414,-1.932e-05,-0.0004171,0.00023009,0.00025041,0.0033462,-0.00044479,-0.00079486,-9.2273e-05
1.3801e-05,4.0156e-05,7.0285e-05,-0.00017796,0.0016613,0.00012591,0.00035023,-9.4334e-05,-0.00022071,0.001032,-0.00010091,-0.00071295,-2.3818e-05
0.0002596,7.0285e-05,0.0018831,-0.0023273,0.010217,0.00065171,-0.00014132,0.0007211,7.5613e-05,0.021733,-0.0026754,-0.0077877,-0.00070303
-0.00025687,-0.00017796,-0.0023273,0.0038488,-0.029023,-0.0022123,-0.0032565,-2.1316e-05,0.0021801,-0.023412,0.0026258,0.013372,0.00033894
-0.00028414,0.0016613,0.010217,-0.029023,0.87693,0.016534,0.071041,-0.022426,-0.038995,0.10558,-0.0044011,-0.12918,0.0039381
-1.932e-05,0.00012591,0.00065171,-0.0022123,0.016534,0.33648,0.004861,-0.33387,0.32965,-0.0018253,0.00055864,-0.0082752,0.00070895
-0.0004171,0.00035023,-0.00014132,-0.0032565,0.071041,0.004861,0.020206,-0.0072682,-0.012135,-0.0080945,0.0027189,-0.015827,-0.00075121
0.00023009,-9.4334e-05,0.0007211,-2.1316e-05,-0.022426,-0.33387,-0.0072682,0.33675,-0.32937,0.0066761,-0.001485,0.0017919,0.0007128
0.00025041,-0.00022071,7.5613e-05,0.0021801,-0.038995,0.32965,-0.012135,-0.32937,0.34098,0.0085128,-0.0020448,0.010044,1.2293e-05
0.0033462,0.001032,0.021733,-0.023412,0.10558,-0.0018253,-0.0080945,0.0066761,0.0085128,0.33316,-0.041144,-0.089103,-0.016054
-0.00044479,-0.00010091,-0.0026754,0.0026258,-0.0044011,0.00055864,0.0027189,-0.001485,-0.0020448,-0.041144,0.0053023,0.0094161,0.0018535
-0.00079486,-0.00071295,-0.0077877,0.013372,-0.12918,-0.0082752,-0.015827,0.0017919,0.010044,-0.089103,0.0094161,0.052984,0.0025443
-9.2273e-05,-2.3818e-05,-0.00070303,0.00033894,0.0039381,0.00070895,-0.00075121,0.0007128,1.2293e-05,-0.016054,0.0018535,0.0025443,0.0021304
87.387,87.387,87.387,87.387,87.387,87.387,87.387,87.387,87.387,87.387,87.387,87.387,87.387
