407.17,397.85,-649.36,-1564.3,326.66,326.66,326.66,0.015819,-666.24
1682,1675,744.25,-443.99,1560.6,1560.6,1560.6,1386.2,507.84
0.00032421,-0.00033128,-2.0023e-05,1.286e-05,3.3695e-06,3.3695e-06,3.3695e-06,-4.2028e-06,-1.8307e-05
-0.00033128,0.00035014,1.4222e-05,-6.8157e-06,-3.5665e-06,-3.5665e-06,-3.5665e-06,-4.4525e-06,1.7507e-05
-2.0023e-05,1.4222e-05,7.9215e-05,-3.6442e-05,-1.7458e-05,-1.7458e-05,-1.7458e-05,5.7308e-06,-5.5097e-06
1.286e-05,-6.8157e-06,-3.6442e-05,2.3429e-05,6.8581e-06,6.8581e-06,6.8581e-06,-6.3856e-06,1.6897e-06
3.3695e-06,-3.5665e-06,-1.7458e-05,6.8581e-06,0.66667,-0.33333,-0.33333,3.1008e-08,1.9961e-06
3.3695e-06,-3.5665e-06,-1.7458e-05,6.8581e-06,-0.33333,0.66667,-0.33333,3.1008e-08,1.9961e-06
3.3695e-06,-3.5665e-06,-1.7458e-05,6.8581e-06,-0.33333,-0.33333,0.66667,3.1008e-08,1.9961e-06
-4.2028e-06,-4.4525e-06,5.7308e-06,-6.3856e-06,3.1008e-08,3.1008e-08,3.1008e-08,1.3092e-05,2.1541e-06
-1.8307e-05,1.7507e-05,-5.5097e-06,1.6897e-06,1.9961e-06,1.9961e-06,1.9961e-06,2.1541e-06,1.1428e-05
77.378,77.378,77.378,77.378,77.378,77.378,77.378,77.378,77.378
1111.2,1057.9,76.622,-949.6,990.45,990.45,990.45,211.29,-86.569
1,1,1,1,1,1,1,1,1
