190.89,0.71176,0.69237,0.049868,0.031167,0.73355,1.198,1.5206,0.78705,0.23477,1.0953,0.32848,0.065783
19.737,0.34389,0.37647,0.03932,0.016498,0.49785,1.0833,1.3606,0.63686,0.10652,0.60389,0.24829,0.007668
320,0.90116,0.90196,0.064948,0.045022,1.0184,1.481,1.7027,1.1053,0.33353,1.6458,0.41511,0.16886
0.00044002,-0.15954,0.19463,-0.35067,0.19995,-0.19684,-0.86463,0.17192,0.36888,-0.1647,0.14563,0.38737,0.33674
-0.15954,197.99,-205.02,191.81,-49.141,247.33,440.05,-5.2769,-252.43,438.55,-218.31,-366.7,56.27
0.19463,-205.02,360.87,-243.36,82.348,-363.31,-529.58,-96.067,267.08,-674.59,333.24,588.68,199.04
-0.35067,191.81,-243.36,9575.4,-151.15,392.05,48.176,230.68,-161.36,-876.14,62.208,-1540.5,517.22
0.19995,-49.141,82.348,-151.15,9903.1,-282.52,-7.2838,-176.08,106.45,-162.78,73.098,-814.37,280.28
-0.19684,247.33,-363.31,392.05,-282.52,3779.2,465.67,-3139.8,3081.1,786.54,-390.98,-782.89,-321.18
-0.86463,440.05,-529.58,48.176,-7.2838,465.67,6152.8,-2894.8,-3360.6,1228,-625.4,-276.61,142.53
0.17192,-5.2769,-96.067,230.68,-176.08,-3139.8,-2894.8,5276.7,-1583.3,126.92,-72.527,-787.73,-1118.6
0.36888,-252.43,267.08,-161.36,106.45,3081.1,-3360.6,-1583.3,5335.7,-659.01,318.25,-4.7841,-796.94
-0.1647,438.55,-674.59,-876.14,-162.78,786.54,1228,126.92,-659.01,3207.5,-1094.5,-1920.6,-2246.7
0.14563,-218.31,333.24,62.208,73.098,-390.98,-625.4,-72.527,318.25,-1094.5,450.1,804.7,706.35
0.38737,-366.7,588.68,-1540.5,-814.37,-782.89,-276.61,-787.73,-4.7841,-1920.6,804.7,2671.9,2609.6
0.33674,56.27,199.04,517.22,280.28,-321.18,142.53,-1118.6,-796.94,-2246.7,706.35,2609.6,6743.8
