172.93,0.62402,0.75899,0.0004192,0.096317,0.62229,0.6074,0.2822,0.9957
0.65934,0.062241,0.31765,5.8686e-06,0.016277,0.040051,0.17637,0.06085,0.94861
342.32,0.98802,0.99216,0.0044931,0.24052,1.8536,1.2445,0.57375,0.99994
0.00011307,0.0049571,-0.005232,-5.4476,0.074789,0.0052757,-0.0083628,-0.031887,-0.03026
0.0049571,18.046,3.7225,-3166.9,39.946,-4.2434,3.0165,11.796,-102.13
-0.005232,3.7225,35.724,-254.29,-8.6915,-1.3689,7.7871,-11.411,-52.381
-5.4476,-3166.9,-254.29,7.2854e+06,-78498,4700,-5304.5,961.21,82375
0.074789,39.946,-8.6915,-78498,1725.4,-86.89,24.341,-18.174,2235
0.0052757,-4.2434,-1.3689,4700,-86.89,75.164,-73.132,-138.99,-243.59
-0.0083628,3.0165,7.7871,-5304.5,24.341,-73.132,104.63,89.794,155.32
-0.031887,11.796,-11.411,961.21,-18.174,-138.99,89.794,464.21,-331.21
-0.03026,-102.13,-52.381,82375,2235,-243.59,155.32,-331.21,32817
