571.12,530.77,-316.14,-796.61,-0.75504,-0.75504,-0.75504,3.4325,-587.01
673.46,602.22,-210.84,-456.2,185.94,185.94,185.94,76.051,-288.79
0.8439,-0.063469,0.22822,0.11442,0.075023,0.075023,0.075023,-0.007903,0.21342
-0.063469,0.97091,0.086306,0.075703,0.0045691,0.0045691,0.0045691,-0.010628,0.10418
0.22822,0.086306,0.6535,-0.10957,-0.16099,-0.16099,-0.16099,-0.0031117,-0.27761
0.11442,0.075703,-0.10957,0.65656,0.17572,0.17572,0.17572,0.07175,-0.31125
0.075023,0.0045691,-0.16099,0.17572,0.75888,-0.24112,-0.24112,-0.054826,0.035024
0.075023,0.0045691,-0.16099,0.17572,-0.24112,0.75888,-0.24112,-0.054826,0.035024
0.075023,0.0045691,-0.16099,0.17572,-0.24112,-0.24112,0.75888,-0.054826,0.035024
-0.007903,-0.010628,-0.0031117,0.07175,-0.054826,-0.054826,-0.054826,0.98284,0.050144
0.21342,0.10418,-0.27761,-0.31125,0.035024,0.035024,0.035024,0.050144,0.61586
19.779,19.779,19.779,19.779,19.779,19.779,19.779,19.779,19.779
633.62,569.37,-276.15,-619.32,73.457,73.457,73.457,36.402,-444.21
1,1,1,1,1,1,1,1,1
