157.87,0.75478,0.7598,1.532,0.014376,0.41993,0.65668,0.86053,0.4406,0.043004
33.913,0.56098,0.48235,0.90284,0.0052441,0.28837,0.49144,0.80876,0.16438,0.026431
251.61,0.8938,0.93725,3.1635,0.03314,0.64438,0.84998,0.96253,0.67416,0.065241
0.055452,-5.719,-21.529,1.5251,0.54705,4.3081,3.7405,4.4033,0.09517,0.9928
-5.719,9205.7,82.163,-418.35,-140.74,-1603.5,1030.4,239.64,1843.1,-47.649
-21.529,82.163,9971,-402.19,19.71,221.34,-117.58,-15.714,-237.06,0.87293
1.5251,-418.35,-402.19,69.649,38.069,363.73,303.24,323.89,-39.838,-113.57
0.54705,-140.74,19.71,38.069,9973.8,-298.1,185.34,40.178,338.28,-7.4211
4.3081,-1603.5,221.34,363.73,-298.1,6612.5,2109.9,459.18,3846.7,-85.187
3.7405,1030.4,-117.58,303.24,185.34,2109.9,8657.5,-305.99,-2415.9,59.63
4.4033,239.64,-15.714,323.89,40.178,459.18,-305.99,9923.7,-535.5,16.177
0.09517,1843.1,-237.06,-39.838,338.28,3846.7,-2415.9,-535.5,5617.8,101.36
0.9928,-47.649,0.87293,-113.57,-7.4211,-85.187,59.63,16.177,101.36,9996.3
