215.03,0.76027,0.81029,0.00085739,0.13704,0.40288,0.52479,0.23179,0.99066
9.25,0.25564,0.42353,0.00011843,0.071521,0.17164,0.30727,0.16647,0.96295
348.41,0.99174,1,0.0030437,0.276,0.65834,0.87579,0.28099,0.99957
7.4839e-05,0.0073873,0.023752,-0.0016645,-0.062512,0.0038334,0.044798,-0.0056875,-0.017676
0.0073873,49.425,17.123,-1.0462,-55.643,-22.684,88.526,-82.811,22.336
0.023752,17.123,73.395,-2.3483,-106.2,17.646,75.189,-19.334,-20.205
-0.0016645,-1.0462,-2.3483,999.9,-7.3827,-1.2475,-2.7013,0.77055,0.25518
-0.062512,-55.643,-106.2,-7.3827,358.04,10.165,-205.52,112.36,66.809
0.0038334,-22.684,17.646,-1.2475,10.165,377.65,-308.43,-252.97,-88.727
0.044798,88.526,75.189,-2.7013,-205.52,-308.43,453.04,50.773,64.082
-0.0056875,-82.811,-19.334,0.77055,112.36,-252.97,50.773,814.45,-79.664
-0.017676,22.336,-20.205,0.25518,66.809,-88.727,64.082,-79.664,950.81
