159.24,125.1,52.11,63.171,14.646,22.528,45.715,121.02,0.55052,936.08,29.708,1.6874,45.07,165.44,65.121,1.6639,57.675,163.23,-131.75,140.55,140.55,140.55,2.6966,-250.78,-3.28e+05,-258.97,235.29,213.71,209.29,-211.74,16.427,64.269,195.49,31.557,30.586,44.92,5.5136,109.3,3.3866,100.08,77.02,105.16,93.635,75.522,21.564,-669.44,117.6,117.6,117.6,0.03383,-267.35,-3.3868e+05,-200.35,-105.88
476.67,473.81,126.46,131.19,387.47,439.54,107.59,259.26,444.47,998.98,348.31,219.37,298.04,996.22,984.4,192.16,985.77,997.7,90.367,299.8,299.8,299.8,8.9883,-5.763,3.2104e+05,47.133,713.73,579.77,575.47,43.23,136.07,307.67,570.55,231.24,500.55,577.44,347.14,983.61,986.88,984.61,982.03,357.29,994.97,813.29,987.11,-140.15,267.74,267.74,267.74,9.5684,123.24,44000,122.42,419.61
0.94058,-0.06722,0.015009,-0.0016527,-0.026922,-0.047946,-0.0074535,0.010403,-0.074303,0.0018537,-0.022041,0.012625,-0.019301,0.044729,-0.012693,0.013838,-0.012828,0.038997,0.043882,-0.033544,-0.033544,-0.033544,-0.00034612,0.00075163,-0.00016773,-0.039839,0.034694,-0.039144,-0.037462,0.019057,-0.0040542,-0.012203,-0.032491,-0.0013735,0.019373,-0.061845,-0.0094386,-0.007375,-0.0002593,0.046418,-0.047841,0.026408,0.0059337,0.055694,-0.00094802,0.027161,-0.02712,-0.02712,-0.02712,0.0011336,0.048708,0.00037144,-0.06078,0.055933
-0.06722,0.92366,0.0175,-0.0021707,-0.028628,-0.054805,-0.0079853,0.01004,-0.081729,0.0022083,-0.024141,0.012204,-0.0216,0.046676,-0.013322,0.013738,-0.013662,0.040543,0.051913,-0.038326,-0.038326,-0.038326,-0.00040504,0.0026287,-0.00014267,-0.047786,0.045872,-0.046891,-0.045073,0.02187,-0.004722,-0.012572,-0.040505,-0.0014302,0.017982,-0.069321,-0.013025,-0.0056551,-0.0032526,0.047583,-0.053275,0.031716,0.0099486,0.056259,-0.00077963,0.031324,-0.032279,-0.032279,-0.032279,0.001305,0.054181,0.0003705,-0.07051,0.068396
0.015009,0.0175,0.99476,0.0011197,0.00074476,0.015765,0.00067881,-0.0018882,0.017247,-0.0023249,0.012348,0.00053075,0.01118,-0.0033295,0.0041364,0.0034854,0.0034862,-0.0010865,-0.015835,0.010182,0.010182,0.010182,8.402e-05,-0.00079615,-2.9048e-05,0.015417,-0.019464,0.010159,0.010084,-0.0041871,9.1279e-05,-0.00052396,0.011432,-0.00041854,-0.0015855,0.012011,0.013823,0.0010386,-0.00037164,0.0011098,0.011522,-0.013089,-0.016883,-0.0021797,0.00648,-0.0042553,0.0097926,0.0097926,0.0097926,-0.00038061,-0.009793,2.6815e-05,0.020261,-0.021745
-0.0016527,-0.0021707,0.0011197,0.99951,0.0013909,-0.0023856,0.00011324,-0.0010441,8.1223e-05,0.00041491,-0.0016508,-0.0010854,-0.00165,-0.0047154,0.0034304,-0.0015384,0.0034277,-0.0048892,0.0039981,-0.0017814,-0.0017814,-0.0017814,-4.1776e-05,0.00047278,-9.6928e-05,-0.0041926,0.0075933,-0.003263,-0.0035123,-9.4201e-05,9.8233e-05,0.0015355,-0.0046013,0.00086685,-0.0012095,-0.0027059,-0.0039414,-0.0019356,0.0018325,-0.0060147,0.0017352,0.0027683,0.0071963,-0.003163,-0.0045045,-0.00071906,-0.0027076,-0.0027076,-0.0027076,5.6338e-05,-0.00022311,6.7081e-05,-0.0042677,0.0069468
-0.026922,-0.028628,0.00074476,0.0013909,0.95674,-0.0012074,-0.010314,0.00063394,-0.029641,-0.010834,0.034799,0.023879,0.031799,0.038139,0.029081,0.046046,0.02374,0.041586,0.0035509,-0.0082067,-0.0082067,-0.0082067,-0.00041814,-0.00098694,0.00018165,0.00067616,-0.018285,-0.03158,-0.030286,0.0089189,-0.0074995,-0.019636,-0.016926,8.0682e-05,0.021426,-0.063056,0.057082,-0.022254,0.0098503,0.066602,-0.0036028,-0.022673,-0.064621,0.082378,0.015053,0.021663,-0.0038804,-0.0038804,-0.0038804,-3.2358e-05,0.029888,-0.00037784,-0.008507,0.0060572
-0.047946,-0.054805,0.015765,-0.0023856,-0.0012074,0.94534,-0.0018498,0.017823,-0.070863,0.011221,-0.060242,0.0026281,-0.052013,0.030489,-0.038235,-0.015842,-0.033086,0.019184,0.042572,-0.032377,-0.032377,-0.032377,-4.8152e-05,-0.0059095,-0.00027172,-0.039683,0.035366,-0.011198,-0.010346,0.012728,0.0023859,-0.0010301,-0.012495,-0.00089023,0.020835,-0.025288,-0.053194,-0.0054354,0.0081377,0.011497,-0.052871,0.044555,0.056262,0.021802,-0.021806,0.0091018,-0.024357,-0.024357,-0.024357,0.0013,0.034687,0.00090776,-0.060566,0.045415
-0.0074535,-0.0079853,0.00067881,0.00011324,-0.010314,-0.0018498,0.99725,0.0010076,-0.0087778,-0.0021541,0.005141,0.0068236,0.0051887,0.0072893,0.010164,0.011123,0.009184,0.0074601,0.002224,-0.0031835,-0.0031835,-0.0031835,-0.00012855,-0.0021304,-5.5908e-05,-0.00094,-0.0040235,-0.0073632,-0.0073102,0.0011686,-0.0013495,-0.0040324,-0.0042582,0.0010393,0.0085995,-0.018156,0.011472,-0.011487,0.0089791,0.01356,0.0011556,-0.0046248,-0.010029,0.023504,-0.0029808,0.0027425,-0.001809,-0.001809,-0.001809,1.6402e-05,0.0071012,3.3901e-05,-0.0041809,0.0025311
0.010403,0.01004,-0.0018882,-0.0010441,0.00063394,0.017823,0.0010076,0.97745,0.039394,-0.0077924,0.045771,-0.010946,0.036093,-0.032129,0.034126,0.0065927,0.0283,-0.022874,0.0029745,0.0075507,0.0075507,0.0075507,-0.00023879,0.018356,4.5535e-05,-0.0066269,0.036352,-0.029741,-0.030241,0.0011145,-0.0050851,0.0037319,-0.033629,0.0010589,-0.036493,-0.0057416,0.023211,0.020066,-0.028261,-0.02244,0.027055,-0.010934,-0.020801,-0.039284,0.019727,0.010356,-0.0049541,-0.0049541,-0.0049541,-0.00036141,-0.011407,-0.00010879,0.0074904,0.027682
-0.074303,-0.081729,0.017247,8.1223e-05,-0.029641,-0.070863,-0.0087778,0.039394,0.87272,0.011359,-0.077763,0.026211,-0.063395,0.093142,-0.0637,0.0062273,-0.056685,0.076047,0.03928,-0.042931,-0.042931,-0.042931,7.6293e-07,-0.020431,-0.00018397,-0.030609,-0.013382,-0.0018947,0.00098541,0.020133,0.0016646,-0.019153,0.011155,-0.004602,0.063142,-0.052384,-0.035929,-0.024145,0.026124,0.083427,-0.089299,0.040201,0.023321,0.10512,-0.015618,0.019011,-0.020098,-0.020098,-0.020098,0.0016165,0.066405,0.00073573,-0.069532,0.019404
0.0018537,0.0022083,-0.0023249,0.00041491,-0.010834,0.011221,-0.0021541,-0.0077924,0.011359,0.9938,0.028274,0.0030255,0.023991,-0.0019997,0.020738,0.015533,0.017232,0.0026806,-0.0038675,0.003981,0.003981,0.003981,-0.00015967,0.0051842,7.744e-06,0.0036608,-0.00018652,-0.014136,-0.014023,0.00099733,-0.0035306,-0.0040315,-0.011143,0.00034514,-0.0064396,-0.014279,0.027429,0.00029619,-0.0059081,0.010213,0.012489,-0.014319,-0.029335,0.008428,0.011943,0.00713,0.00092958,0.00092958,0.00092958,-0.00026631,0.00041418,-2.3854e-06,0.0075478,0.0025961
-0.022041,-0.024141,0.012348,-0.0016508,0.034799,-0.060242,0.005141,0.045771,-0.077763,0.028274,0.85891,0.0017571,-0.11697,0.025755,-0.084296,-0.056495,-0.067291,0.00066547,0.020034,-0.025953,-0.025953,-0.025953,0.00058086,-0.036601,-0.00012833,-0.015597,-0.019168,0.065813,0.065008,-0.0058652,0.016766,0.012708,0.057231,0.0015274,0.060211,0.037081,-0.11864,-0.036372,0.062133,-0.024619,-0.058304,0.061857,0.13461,0.014961,-0.077313,-0.037605,-0.0053746,-0.0053746,-0.0053746,0.0013438,0.010233,6.5379e-07,-0.043856,-0.018642
0.012625,0.012204,0.00053075,-0.0010854,0.023879,0.0026281,0.0068236,-0.010946,0.026211,0.0030255,0.0017571,0.97769,-0.002429,-0.023983,-0.019,-0.026215,-0.018928,-0.021396,0.0046963,0.0052113,0.0052113,0.0052113,0.00019903,0.015533,-8.1992e-05,-0.0092377,0.036136,-0.0013156,-0.0011638,0.0021389,0.00046915,0.01017,-0.010313,-0.0033889,-0.038454,0.037045,-0.024258,0.043731,-0.042142,-0.037264,-0.0037448,0.014538,0.018687,-0.074604,0.020527,0.0043534,-0.0030133,-0.0030133,-0.0030133,5.0661e-05,-0.014095,2.7481e-05,0.0020142,0.017884
-0.019301,-0.0216,0.01118,-0.00165,0.031799,-0.052013,0.0051887,0.036093,-0.063395,0.023991,-0.11697,-0.002429,0.90214,0.019622,-0.074786,-0.051046,-0.060796,-0.00082122,0.020074,-0.022321,-0.022321,-0.022321,0.00050223,-0.026699,-0.0001995,-0.017114,-0.0063556,0.051499,0.051019,-0.0030134,0.013594,0.011639,0.043099,0.00031146,0.042586,0.034626,-0.10305,-0.020605,0.041617,-0.024434,-0.052314,0.055553,0.11432,0.00022943,-0.058591,-0.027986,-0.0066397,-0.0066397,-0.0066397,0.0011883,0.0087519,9.3325e-05,-0.039339,-0.0083609
0.044729,0.046676,-0.0033295,-0.0047154,0.038139,0.030489,0.0072893,-0.032129,0.093142,-0.0019997,0.025755,-0.023983,0.019622,0.88158,0.086056,-0.020529,0.083142,-0.11068,0.0027799,0.015758,0.015758,0.015758,-0.00037699,0.0077038,-0.00015874,-0.0097059,0.063453,-0.01372,-0.019245,-0.02317,0.003045,0.031344,-0.036807,0.015134,-0.038952,0.013966,-0.018429,-0.027118,0.029422,-0.12643,0.09262,-0.0054676,0.069291,-0.09061,-0.057881,-0.036857,-0.0064038,-0.0064038,-0.0064038,-0.00074279,-0.057312,0.0002787,0.015019,0.034863
-0.012693,-0.013322,0.0041364,0.0034304,0.029081,-0.038235,0.010164,0.034126,-0.0637,0.020738,-0.084296,-0.019,-0.074786,0.086056,0.82815,-0.058751,-0.16013,0.072482,-0.0042904,-0.0060741,-0.0060741,-0.0060741,0.0012522,0.0027412,0.00034664,0.0041134,-0.030419,0.062333,0.067992,0.020071,0.0070882,-0.0060563,0.065335,-0.022913,-0.0072952,0.099159,-0.076732,0.10107,-0.085109,0.045496,-0.12257,0.051794,0.015456,-0.052967,0.070776,0.021684,0.011286,0.011286,0.011286,0.0011061,0.02384,-0.00036706,-0.0077099,-0.040694
0.013838,0.013738,0.0034854,-0.0015384,0.046046,-0.015842,0.011123,0.0065927,0.0062273,0.015533,-0.056495,-0.026215,-0.051046,-0.020529,-0.058751,0.94358,-0.051139,-0.027754,0.0064089,-3.8822e-06,-3.8822e-06,-3.8822e-06,0.00055174,0.0014092,3.3759e-05,-0.010162,0.02506,0.034418,0.034106,-0.0027655,0.0084719,0.018385,0.019901,-0.003397,-0.019879,0.068833,-0.07733,0.036117,-0.021796,-0.057751,-0.024067,0.039175,0.077093,-0.085747,-0.0084917,-0.015109,-0.00089483,-0.00089483,-0.00089483,0.00046885,-0.018449,-9.7584e-05,-0.0067194,0.0015754
-0.012828,-0.013662,0.0034862,0.0034277,0.02374,-0.033086,0.009184,0.0283,-0.056685,0.017232,-0.067291,-0.018928,-0.060796,0.083142,-0.16013,-0.051139,0.84935,0.072543,-0.003879,-0.0046444,-0.0046444,-0.0046444,0.0011477,0.0076103,0.00032241,0.0032517,-0.0243,0.05111,0.056861,0.021566,0.0047615,-0.0077829,0.05513,-0.02287,-0.014529,0.090712,-0.062723,0.10464,-0.092393,0.0489,-0.11631,0.045577,0.00029375,-0.053217,0.079273,0.027442,0.010041,0.010041,0.010041,0.00099415,0.024492,-0.00033908,-0.0058208,-0.033877
0.038997,0.040543,-0.0010865,-0.0048892,0.041586,0.019184,0.0074601,-0.022874,0.076047,0.0026806,0.00066547,-0.021396,-0.00082122,-0.11068,0.072482,-0.027754,0.072543,0.89236,0.0061743,0.010398,0.010398,0.010398,-0.00029438,-0.00013754,-0.00016179,-0.011839,0.056706,-0.0023516,-0.0079849,-0.0241,0.0058755,0.032348,-0.025923,0.01561,-0.024554,0.016476,-0.036865,-0.037354,0.043931,-0.1262,0.081868,0.0042312,0.090691,-0.080205,-0.072902,-0.043379,-0.0072419,-0.0072419,-0.0072419,-0.00049973,-0.053514,0.00026727,0.0066181,0.030213
0.043882,0.051913,-0.015835,0.0039981,0.0035509,0.042572,0.002224,0.0029745,0.03928,-0.0038675,0.020034,0.0046963,0.020074,0.0027799,-0.0042904,0.0064089,-0.003879,0.0061743,0.94859,0.029531,0.029531,0.029531,0.00039236,-0.0089378,-7.7222e-06,0.051319,-0.075195,0.044948,0.045031,-0.013212,0.0023955,-0.0028914,0.050249,-0.0023578,0.0074115,0.043787,0.032619,-0.00063096,0.0062733,0.011872,0.023473,-0.035822,-0.044822,0.0043894,0.015366,-0.01683,0.033167,0.033167,0.033167,-0.0010462,-0.026717,0.00014018,0.061456,-0.079975
-0.033544,-0.038326,0.010182,-0.0017814,-0.0082067,-0.032377,-0.0031835,0.0075507,-0.042931,0.003981,-0.025953,0.0052113,-0.022321,0.015758,-0.0060741,-3.8822e-06,-0.0046444,0.010398,0.029531,0.9784,-0.021602,-0.021602,-0.00019873,-0.0027987,-0.00019139,-0.02737,0.026809,-0.018537,-0.018288,0.008142,-0.00026408,-0.0022804,-0.018191,0.0012697,0.014137,-0.032659,-0.020969,-0.012498,0.010917,0.010374,-0.024196,0.022242,0.02705,0.025418,-0.016669,0.0078712,-0.018065,-0.018065,-0.018065,0.00075251,0.024071,0.00011545,-0.040409,0.03656
-0.033544,-0.038326,0.010182,-0.0017814,-0.0082067,-0.032377,-0.0031835,0.0075507,-0.042931,0.003981,-0.025953,0.0052113,-0.022321,0.015758,-0.0060741,-3.8822e-06,-0.0046444,0.010398,0.029531,-0.021602,0.9784,-0.021602,-0.00019873,-0.0027987,-0.00019139,-0.02737,0.026809,-0.018537,-0.018288,0.008142,-0.00026408,-0.0022804,-0.018191,0.0012697,0.014137,-0.032659,-0.020969,-0.012498,0.010917,0.010374,-0.024196,0.022242,0.02705,0.025418,-0.016669,0.0078712,-0.018065,-0.018065,-0.018065,0.00075251,0.024071,0.00011545,-0.040409,0.03656
-0.033544,-0.038326,0.010182,-0.0017814,-0.0082067,-0.032377,-0.0031835,0.0075507,-0.042931,0.003981,-0.025953,0.0052113,-0.022321,0.015758,-0.0060741,-3.8822e-06,-0.0046444,0.010398,0.029531,-0.021602,-0.021602,0.9784,-0.00019873,-0.0027987,-0.00019139,-0.02737,0.026809,-0.018537,-0.018288,0.008142,-0.00026408,-0.0022804,-0.018191,0.0012697,0.014137,-0.032659,-0.020969,-0.012498,0.010917,0.010374,-0.024196,0.022242,0.02705,0.025418,-0.016669,0.0078712,-0.018065,-0.018065,-0.018065,0.00075251,0.024071,0.00011545,-0.040409,0.03656
-0.00034612,-0.00040504,8.402e-05,-4.1776e-05,-0.00041814,-4.8152e-05,-0.00012855,-0.00023879,7.6293e-07,-0.00015967,0.00058086,0.00019903,0.00050223,-0.00037699,0.0012522,0.00055174,0.0011477,-0.00029438,0.00039236,-0.00019873,-0.00019873,-0.00019873,0.99999,4.7304e-05,-8.3945e-06,-0.00037142,0.00062204,-0.00085966,-0.00088902,9.8435e-06,-9.9661e-05,-3.8724e-05,-0.00084311,0.00015848,8.3839e-05,-0.0012241,0.00054892,-0.00072137,0.00051911,-4.1595e-05,0.00059463,-0.00019642,-0.00012405,0.00068778,-0.00045696,9.1994e-05,-0.00031515,-0.00031515,-0.00031515,-1.1712e-07,0.00017567,1.6906e-06,-0.00040547,0.00083445
0.00075163,0.0026287,-0.00079615,0.00047278,-0.00098694,-0.0059095,-0.0021304,0.018356,-0.020431,0.0051842,-0.036601,0.015533,-0.026699,0.0077038,0.0027412,0.0014092,0.0076103,-0.00013754,-0.0089378,-0.0027987,-0.0027987,-0.0027987,4.7304e-05,0.97523,4.0071e-05,0.012784,-0.041694,0.029753,0.028445,-0.010619,0.0059593,0.00049827,0.031582,0.0052785,0.044965,-0.0057564,-0.013236,-0.051563,0.060063,0.0033588,0.006128,-0.0015811,0.02868,0.050384,-0.04725,-0.02556,0.0073267,0.0073267,0.0073267,1.0366e-05,-0.0014607,0.00010039,0.0014348,-0.032813
-0.00016773,-0.00014267,-2.9048e-05,-9.6928e-05,0.00018165,-0.00027172,-5.5908e-05,4.5535e-05,-0.00018397,7.744e-06,-0.00012833,-8.1992e-05,-0.0001995,-0.00015874,0.00034664,3.3759e-05,0.00032241,-0.00016179,-7.7222e-06,-0.00019139,-0.00019139,-0.00019139,-8.3945e-06,4.0071e-05,1.3074e-06,0.00024363,-0.0001174,6.868e-05,7.4804e-05,6.5104e-05,-2.446e-05,-0.00011166,9.6891e-05,-2.8126e-05,-4.8233e-05,0.00019859,-0.00017792,0.00015659,0.00010731,-2.2146e-05,-7.4672e-05,-0.00028527,-0.00028263,-0.00012137,0.00017703,0.00028718,-0.0001591,-0.0001591,-0.0001591,-1.2013e-05,-2.0274e-06,-1.404e-06,0.00020576,-0.00012959
-0.039839,-0.047786,0.015417,-0.0041926,0.00067616,-0.039683,-0.00094,-0.0066269,-0.030609,0.0036608,-0.015597,-0.0092377,-0.017114,-0.0097059,0.0041134,-0.010162,0.0032517,-0.011839,0.051319,-0.02737,-0.02737,-0.02737,-0.00037142,0.012784,0.00024363,0.94771,0.082656,-0.04659,-0.046709,0.013269,-0.0026538,0.0049327,-0.053664,0.001895,-0.016632,-0.037119,-0.034164,0.009297,-0.01519,-0.020063,-0.021061,0.03656,0.045587,-0.020077,-0.010338,0.017843,-0.033363,-0.033363,-0.033363,0.0010003,0.022673,-0.00022671,-0.059139,0.083518
0.034694,0.045872,-0.019464,0.0075933,-0.018285,0.035366,-0.0040235,0.036352,-0.013382,-0.00018652,-0.019168,0.036136,-0.0063556,0.063453,-0.030419,0.02506,-0.0243,0.056706,-0.075195,0.026809,0.026809,0.026809,0.00062204,-0.041694,-0.0001174,0.082656,0.83194,0.089542,0.090525,-0.01807,0.0071956,-0.01829,0.10947,-0.0029137,0.077319,0.033175,0.042998,-0.050976,0.064543,0.077882,0.00045181,-0.04859,-0.062006,0.10923,-0.0081548,-0.031788,0.051727,0.051727,0.051727,-0.0010305,-0.0085322,0.00075414,0.071988,-0.14938
-0.039144,-0.046891,0.010159,-0.003263,-0.03158,-0.011198,-0.0073632,-0.029741,-0.0018947,-0.014136,0.065813,-0.0013156,0.051499,-0.01372,0.062333,0.034418,0.05111,-0.0023516,0.044948,-0.018537,-0.018537,-0.018537,-0.00085966,0.029753,6.868e-05,-0.04659,0.089542,0.90745,-0.092165,0.018342,-0.013439,-0.007118,-0.091079,0.0024727,-0.037616,-0.081916,0.04331,0.013738,-0.036821,0.010782,0.010715,-0.0015068,-0.038291,0.0027986,0.026716,0.042043,-0.033761,-0.033761,-0.033761,0.00033507,0.027371,0.00026057,-0.042934,0.098901
-0.037462,-0.045073,0.010084,-0.0035123,-0.030286,-0.010346,-0.0073102,-0.030241,0.00098541,-0.014023,0.065008,-0.0011638,0.051019,-0.019245,0.067992,0.034106,0.056861,-0.0079849,0.045031,-0.018288,-0.018288,-0.018288,-0.00088902,0.028445,7.4804e-05,-0.046709,0.090525,-0.092165,0.90784,0.016535,-0.012986,-0.005617,-0.091662,0.0037467,-0.036227,-0.083105,0.041975,0.0080209,-0.030626,0.0048959,0.016136,-0.0019762,-0.032939,0.0027581,0.020066,0.038623,-0.033991,-0.033991,-0.033991,0.00030351,0.024802,0.00025401,-0.042744,0.099389
0.019057,0.02187,-0.0041871,-9.4201e-05,0.0089189,0.012728,0.0011686,0.0011145,0.020133,0.00099733,-0.0058652,0.0021389,-0.0030134,-0.02317,0.020071,-0.0027655,0.021566,-0.0241,-0.013212,0.008142,0.008142,0.008142,9.8435e-06,-0.010619,6.5104e-05,0.013269,-0.01807,0.018342,0.016535,0.98758,0.0037095,0.0067868,0.014904,0.0052686,0.011878,0.0091487,-0.0034489,-0.028503,0.033758,-0.02505,0.028381,-0.0089456,0.019323,0.0019028,-0.030508,-0.022648,0.0081367,0.0081367,0.0081367,-0.00036929,-0.01889,-0.00020327,0.01601,-0.021687
-0.0040542,-0.004722,9.1279e-05,9.8233e-05,-0.0074995,0.0023859,-0.0013495,-0.0050851,0.0016646,-0.0035306,0.016766,0.00046915,0.013594,0.003045,0.0070882,0.0084719,0.0047615,0.0058755,0.0023955,-0.00026408,-0.00026408,-0.00026408,-9.9661e-05,0.0059593,-2.446e-05,-0.0026538,0.0071956,-0.013439,-0.012986,0.0037095,0.99713,-0.0033631,-0.011428,-0.00095601,-0.0075587,-0.010404,0.014615,0.0075625,-0.012016,0.0097268,0.00017362,-0.0046771,-0.018877,0.0020909,0.013443,0.0095711,-0.002353,-0.002353,-0.002353,-3.7813e-05,0.0047229,-0.00016614,-0.0010244,0.0091776
-0.012203,-0.012572,-0.00052396,0.0015355,-0.019636,-0.0010301,-0.0040324,0.0037319,-0.019153,-0.0040315,0.012708,0.01017,0.011639,0.031344,-0.0060563,0.018385,-0.0077829,0.032348,-0.0028914,-0.0022804,-0.0022804,-0.0022804,-3.8724e-05,0.00049827,-0.00011166,0.0049327,-0.01829,-0.007118,-0.005617,0.0067868,-0.0033631,0.98821,0.001655,-0.0033578,0.0087107,-0.017648,0.025568,0.0035544,-0.0083467,0.04299,-0.015385,-0.0092375,-0.039428,0.035734,0.021427,0.014543,0.0019589,0.0019589,0.0019589,2.0487e-05,0.016876,-1.4764e-05,0.00010353,-0.0072628
-0.032491,-0.040505,0.011432,-0.0046013,-0.016926,-0.012495,-0.0042582,-0.033629,0.011155,-0.011143,0.057231,-0.010313,0.043099,-0.036807,0.065335,0.019901,0.05513,-0.025923,0.050249,-0.018191,-0.018191,-0.018191,-0.00084311,0.031582,9.6891e-05,-0.053664,0.10947,-0.091079,-0.091662,0.014904,-0.011428,0.001655,0.90355,0.004505,-0.047619,-0.069808,0.023034,0.015614,-0.035892,-0.021418,0.019411,0.0076776,-0.0087705,-0.027796,0.014019,0.03411,-0.037284,-0.037284,-0.037284,0.00038133,0.016551,0.00031744,-0.046261,0.11021
-0.0013735,-0.0014302,-0.00041854,0.00086685,8.0682e-05,-0.00089023,0.0010393,0.0010589,-0.004602,0.00034514,0.0015274,-0.0033889,0.00031146,0.015134,-0.022913,-0.003397,-0.02287,0.01561,-0.0023578,0.0012697,0.0012697,0.0012697,0.00015848,0.0052785,-2.8126e-05,0.001895,-0.0029137,0.0024727,0.0037467,0.0052686,-0.00095601,-0.0033578,0.004505,0.99526,-0.0085105,0.012533,0.0006778,0.024178,-0.024691,0.014034,-0.017783,0.0025605,-0.014987,-0.010077,0.024098,0.010033,0.0022325,0.0022325,0.0022325,7.0547e-05,0.0048787,2.7239e-06,0.0026159,-0.0042156
0.019373,0.017982,-0.0015855,-0.0012095,0.021426,0.020835,0.0085995,-0.036493,0.063142,-0.0064396,0.060211,-0.038454,0.042586,-0.038952,-0.0072952,-0.019879,-0.014529,-0.024554,0.0074115,0.014137,0.014137,0.014137,8.3839e-05,0.044965,-4.8233e-05,-0.016632,0.077319,-0.037616,-0.036227,0.011878,-0.0075587,0.0087107,-0.047619,-0.0085105,0.9076,0.040898,0.0072151,0.099155,-0.1092,-0.040458,0.0029884,0.0048083,-0.029533,-0.12942,0.077511,0.032728,-0.0075318,-0.0075318,-0.0075318,-0.00024332,-0.017739,4.6e-06,0.011365,0.04892
-0.061845,-0.069321,0.012011,-0.0027059,-0.063056,-0.025288,-0.018156,-0.0057416,-0.052384,-0.014279,0.037081,0.037045,0.034626,0.013966,0.099159,0.068833,0.090712,0.016476,0.043787,-0.032659,-0.032659,-0.032659,-0.0012241,-0.0057564,0.00019859,-0.037119,0.033175,-0.081916,-0.083105,0.0091487,-0.010404,-0.017648,-0.069808,0.012533,0.040898,0.85426,0.059839,-0.083754,0.063057,0.051507,0.023042,-0.015643,-0.029741,0.13158,-0.04161,0.019453,-0.032405,-0.032405,-0.032405,0.00043153,0.046861,4.86e-05,-0.056728,0.072462
-0.0094386,-0.013025,0.013823,-0.0039414,0.057082,-0.053194,0.011472,0.023211,-0.035929,0.027429,-0.11864,-0.024258,-0.10305,-0.018429,-0.076732,-0.07733,-0.062723,-0.036865,0.032619,-0.020969,-0.020969,-0.020969,0.00054892,-0.013236,-0.00017792,-0.034164,0.042998,0.04331,0.041975,-0.0034489,0.014615,0.025568,0.023034,0.0006778,0.0072151,0.059839,0.86661,0.0073371,0.015208,-0.076955,-0.0449,0.073147,0.15133,-0.072523,-0.057345,-0.029454,-0.015269,-0.015269,-0.015269,0.0013026,-0.0073492,-6.7373e-05,-0.045992,0.022908
-0.007375,-0.0056551,0.0010386,-0.0019356,-0.022254,-0.0054354,-0.011487,0.020066,-0.024145,0.00029619,-0.036372,0.043731,-0.020605,-0.027118,0.10107,0.036117,0.10464,-0.037354,-0.00063096,-0.012498,-0.012498,-0.012498,-0.00072137,-0.051563,0.00015659,0.009297,-0.050976,0.013738,0.0080209,-0.028503,0.0075625,0.0035544,0.015614,0.024178,0.099155,-0.083754,0.0073371,0.8347,0.17214,-0.015225,0.070796,-0.021791,0.061326,0.14098,-0.14183,-0.059022,-0.00093557,-0.00093557,-0.00093557,-0.00024745,-0.0051105,-0.00027428,-0.012463,-0.023103
-0.0002593,-0.0032526,-0.00037164,0.0018325,0.0098503,0.0081377,0.0089791,-0.028261,0.026124,-0.0059081,0.062133,-0.042142,0.041617,0.029422,-0.085109,-0.021796,-0.092393,0.043931,0.0062733,0.010917,0.010917,0.010917,0.00051911,0.060063,0.00010731,-0.01519,0.064543,-0.036821,-0.030626,0.033758,-0.012016,-0.0083467,-0.035892,-0.024691,-0.1092,0.063057,0.015208,0.17214,0.81384,0.028299,-0.06781,0.014677,-0.087536,-0.13475,0.15793,0.072772,-0.0041211,-0.0041211,-0.0041211,0.00020326,0.012686,0.00017175,0.0085616,0.040482
0.046418,0.047583,0.0011098,-0.0060147,0.066602,0.011497,0.01356,-0.02244,0.083427,0.010213,-0.024619,-0.037264,-0.024434,-0.12643,0.045496,-0.057751,0.0489,-0.1262,0.011872,0.010374,0.010374,0.010374,-4.1595e-05,0.0033588,-2.2146e-05,-0.020063,0.077882,0.010782,0.0048959,-0.02505,0.0097268,0.04299,-0.021418,0.014034,-0.040458,0.051507,-0.076955,-0.015225,0.028299,0.8388,0.071786,0.025292,0.13155,-0.13221,-0.075646,-0.049724,-0.0095712,-0.0095712,-0.0095712,-0.0002577,-0.064212,0.00025422,0.0018099,0.037621
-0.047841,-0.053275,0.011522,0.0017352,-0.0036028,-0.052871,0.0011556,0.027055,-0.089299,0.012489,-0.058304,-0.0037448,-0.052314,0.09262,-0.12257,-0.024067,-0.11631,0.081868,0.023473,-0.024196,-0.024196,-0.024196,0.00059463,0.006128,-7.4672e-05,-0.021061,0.00045181,0.010715,0.016136,0.028381,0.00017362,-0.015385,0.019411,-0.017783,0.0029884,0.023042,-0.0449,0.070796,-0.06781,0.071786,0.88514,0.046541,-0.0044637,0.003206,0.060367,0.039185,-0.0090628,-0.0090628,-0.0090628,0.0014004,0.050544,-0.00022969,-0.041177,0.0088129
0.026408,0.031716,-0.013089,0.0027683,-0.022673,0.044555,-0.0046248,-0.010934,0.040201,-0.014319,0.061857,0.014538,0.055553,-0.0054676,0.051794,0.039175,0.045577,0.0042312,-0.035822,0.022242,0.022242,0.022242,-0.00019642,-0.0015811,-0.00028527,0.03656,-0.04859,-0.0015068,-0.0019762,-0.0089456,-0.0046771,-0.0092375,0.0076776,0.0025605,0.0048083,-0.015643,0.073147,-0.021791,0.014677,0.025292,0.046541,0.94922,-0.074631,0.038443,0.013288,-0.0028133,0.019856,0.019856,0.019856,-0.0011274,-0.01416,3.3611e-05,0.046738,-0.041811
0.0059337,0.0099486,-0.016883,0.0071963,-0.064621,0.056262,-0.010029,-0.020801,0.023321,-0.029335,0.13461,0.018687,0.11432,0.069291,0.015456,0.077093,0.00029375,0.090691,-0.044822,0.02705,0.02705,0.02705,-0.00012405,0.02868,-0.00028263,0.045587,-0.062006,-0.038291,-0.032939,0.019323,-0.018877,-0.039428,-0.0087705,-0.014987,-0.029533,-0.029741,0.15133,0.061326,-0.087536,0.13155,-0.0044637,-0.074631,0.78544,0.05664,0.13472,0.061993,0.024791,0.024791,0.024791,-0.001241,0.023799,-2.0298e-05,0.059758,-0.042181
0.055694,0.056259,-0.0021797,-0.003163,0.082378,0.021802,0.023504,-0.039284,0.10512,0.008428,0.014961,-0.074604,0.00022943,-0.09061,-0.052967,-0.085747,-0.053217,-0.080205,0.0043894,0.025418,0.025418,0.025418,0.00068778,0.050384,-0.00012137,-0.020077,0.10923,0.0027986,0.0027581,0.0019028,0.0020909,0.035734,-0.027796,-0.010077,-0.12942,0.13158,-0.072523,0.14098,-0.13475,-0.13221,0.003206,0.038443,0.05664,0.74687,0.065843,0.0074933,-0.0033745,-0.0033745,-0.0033745,-0.00015522,-0.057953,0.00053008,0.021961,0.045444
-0.00094802,-0.00077963,0.00648,-0.0045045,0.015053,-0.021806,-0.0029808,0.019727,-0.015618,0.011943,-0.077313,0.020527,-0.058591,-0.057881,0.070776,-0.0084917,0.079273,-0.072902,0.015366,-0.016669,-0.016669,-0.016669,-0.00045696,-0.04725,0.00017703,-0.010338,-0.0081548,0.026716,0.020066,-0.030508,0.013443,0.021427,0.014019,0.024098,0.077511,-0.04161,-0.057345,-0.14183,0.15793,-0.075646,0.060367,0.013288,0.13472,0.065843,0.84214,-0.070658,-0.0095461,-0.0095461,-0.0095461,0.00021514,-0.020099,-0.00020896,-0.028387,-1.0336e-06
0.027161,0.031324,-0.0042553,-0.00071906,0.021663,0.0091018,0.0027425,0.010356,0.019011,0.00713,-0.037605,0.0043534,-0.027986,-0.036857,0.021684,-0.015109,0.027442,-0.043379,-0.01683,0.0078712,0.0078712,0.0078712,9.1994e-05,-0.02556,0.00028718,0.017843,-0.031788,0.042043,0.038623,-0.022648,0.0095711,0.014543,0.03411,0.010033,0.032728,0.019453,-0.029454,-0.059022,0.072772,-0.049724,0.039185,-0.0028133,0.061993,0.0074933,-0.070658,0.95331,0.011528,0.011528,0.011528,-0.00035312,-0.030143,-0.00032872,0.016729,-0.037499
-0.02712,-0.032279,0.0097926,-0.0027076,-0.0038804,-0.024357,-0.001809,-0.0049541,-0.020098,0.00092958,-0.0053746,-0.0030133,-0.0066397,-0.0064038,0.011286,-0.00089483,0.010041,-0.0072419,0.033167,-0.018065,-0.018065,-0.018065,-0.00031515,0.0073267,-0.0001591,-0.033363,0.051727,-0.033761,-0.033991,0.0081367,-0.002353,0.0019589,-0.037284,0.0022325,-0.0075318,-0.032405,-0.015269,-0.00093557,-0.0041211,-0.0095712,-0.0090628,0.019856,0.024791,-0.0033745,-0.0095461,0.011528,0.97805,-0.021952,-0.021952,0.00059994,0.015862,-1.2429e-05,-0.038334,0.054725
-0.02712,-0.032279,0.0097926,-0.0027076,-0.0038804,-0.024357,-0.001809,-0.0049541,-0.020098,0.00092958,-0.0053746,-0.0030133,-0.0066397,-0.0064038,0.011286,-0.00089483,0.010041,-0.0072419,0.033167,-0.018065,-0.018065,-0.018065,-0.00031515,0.0073267,-0.0001591,-0.033363,0.051727,-0.033761,-0.033991,0.0081367,-0.002353,0.0019589,-0.037284,0.0022325,-0.0075318,-0.032405,-0.015269,-0.00093557,-0.0041211,-0.0095712,-0.0090628,0.019856,0.024791,-0.0033745,-0.0095461,0.011528,-0.021952,0.97805,-0.021952,0.00059994,0.015862,-1.2429e-05,-0.038334,0.054725
-0.02712,-0.032279,0.0097926,-0.0027076,-0.0038804,-0.024357,-0.001809,-0.0049541,-0.020098,0.00092958,-0.0053746,-0.0030133,-0.0066397,-0.0064038,0.011286,-0.00089483,0.010041,-0.0072419,0.033167,-0.018065,-0.018065,-0.018065,-0.00031515,0.0073267,-0.0001591,-0.033363,0.051727,-0.033761,-0.033991,0.0081367,-0.002353,0.0019589,-0.037284,0.0022325,-0.0075318,-0.032405,-0.015269,-0.00093557,-0.0041211,-0.0095712,-0.0090628,0.019856,0.024791,-0.0033745,-0.0095461,0.011528,-0.021952,-0.021952,0.97805,0.00059994,0.015862,-1.2429e-05,-0.038334,0.054725
0.0011336,0.001305,-0.00038061,5.6338e-05,-3.2358e-05,0.0013,1.6402e-05,-0.00036141,0.0016165,-0.00026631,0.0013438,5.0661e-05,0.0011883,-0.00074279,0.0011061,0.00046885,0.00099415,-0.00049973,-0.0010462,0.00075251,0.00075251,0.00075251,-1.1712e-07,1.0366e-05,-1.2013e-05,0.0010003,-0.0010305,0.00033507,0.00030351,-0.00036929,-3.7813e-05,2.0487e-05,0.00038133,7.0547e-05,-0.00024332,0.00043153,0.0013026,-0.00024745,0.00020326,-0.0002577,0.0014004,-0.0011274,-0.001241,-0.00015522,0.00021514,-0.00035312,0.00059994,0.00059994,0.00059994,0.99997,-0.00083268,7.6884e-06,0.0014424,-0.0011976
0.048708,0.054181,-0.009793,-0.00022311,0.029888,0.034687,0.0071012,-0.011407,0.066405,0.00041418,0.010233,-0.014095,0.0087519,-0.057312,0.02384,-0.018449,0.024492,-0.053514,-0.026717,0.024071,0.024071,0.024071,0.00017567,-0.0014607,-2.0274e-06,0.022673,-0.0085322,0.027371,0.024802,-0.01889,0.0047229,0.016876,0.016551,0.0048787,-0.017739,0.046861,-0.0073492,-0.0051105,0.012686,-0.064212,0.050544,-0.01416,0.023799,-0.057953,-0.020099,-0.030143,0.015862,0.015862,0.015862,-0.00083268,0.95428,0.00012781,0.040488,-0.029594
0.00037144,0.0003705,2.6815e-05,6.7081e-05,-0.00037784,0.00090776,3.3901e-05,-0.00010879,0.00073573,-2.3854e-06,6.5379e-07,2.7481e-05,9.3325e-05,0.0002787,-0.00036706,-9.7584e-05,-0.00033908,0.00026727,0.00014018,0.00011545,0.00011545,0.00011545,1.6906e-06,0.00010039,-1.404e-06,-0.00022671,0.00075414,0.00026057,0.00025401,-0.00020327,-0.00016614,-1.4764e-05,0.00031744,2.7239e-06,4.6e-06,4.86e-05,-6.7373e-05,-0.00027428,0.00017175,0.00025422,-0.00022969,3.3611e-05,-2.0298e-05,0.00053008,-0.00020896,-0.00032872,-1.2429e-05,-1.2429e-05,-1.2429e-05,7.6884e-06,0.00012781,4.7972e-06,-9.9358e-05,0.00094633
-0.06078,-0.07051,0.020261,-0.0042677,-0.008507,-0.060566,-0.0041809,0.0074904,-0.069532,0.0075478,-0.043856,0.0020142,-0.039339,0.015019,-0.0077099,-0.0067194,-0.0058208,0.0066181,0.061456,-0.040409,-0.040409,-0.040409,-0.00040547,0.0014348,0.00020576,-0.059139,0.071988,-0.042934,-0.042744,0.01601,-0.0010244,0.00010353,-0.046261,0.0026159,0.011365,-0.056728,-0.045992,-0.012463,0.0085616,0.0018099,-0.041177,0.046738,0.059758,0.021961,-0.028387,0.016729,-0.038334,-0.038334,-0.038334,0.0014424,0.040488,-9.9358e-05,0.92073,0.08432
0.055933,0.068396,-0.021745,0.0069468,0.0060572,0.045415,0.0025311,0.027682,0.019404,0.0025961,-0.018642,0.017884,-0.0083609,0.034863,-0.040694,0.0015754,-0.033877,0.030213,-0.079975,0.03656,0.03656,0.03656,0.00083445,-0.032813,-0.00012959,0.083518,-0.14938,0.098901,0.099389,-0.021687,0.0091776,-0.0072628,0.11021,-0.0042156,0.04892,0.072462,0.022908,-0.023103,0.040482,0.037621,0.0088129,-0.041811,-0.042181,0.045444,-1.0336e-06,-0.037499,0.054725,0.054725,0.054725,-0.0011976,-0.029594,0.00094633,0.08432,0.85176
96.888,96.888,96.888,96.888,96.888,96.888,96.888,96.888,96.888,96.888,96.888,96.888,96.888,96.888,96.888,96.888,96.888,96.888,96.888,96.888,96.888,96.888,96.888,96.888,96.888,96.888,96.888,96.888,96.888,96.888,96.888,96.888,96.888,96.888,96.888,96.888,96.888,96.888,96.888,96.888,96.888,96.888,96.888,96.888,96.888,96.888,96.888,96.888,96.888,96.888,96.888,96.888,96.888,96.888
303.6,285.02,87.505,103.37,175.09,163.12,80.536,175.54,198.07,977.51,145.6,64.242,153.63,819.23,327.19,79.861,320.97,831.19,-0.48837,187.52,187.52,187.52,6.1652,-98.839,57.646,-96.13,584.87,453.33,438.61,-57.199,57.996,132.52,413.83,92.084,167.7,340.84,183.21,727.18,356.16,808.82,377,174.39,349.9,219.47,725.27,-356.29,178.49,178.49,178.49,3.6635,19.622,-1.3408e+05,-27.147,282.35
1,1,1,1,1,1,1,1,1,1,1,1,1,1,1,1,1,1,1,1,1,1,1,1,1,1,1,1,1,1,1,1,1,1,1,1,1,1,1,1,1,1,1,1,1,1,1,1,1,1,1,1,1,1
