0.44399,0.36836,-0.23191,-0.41669,-0.034237,-0.034237,-0.034237,0.021946
0.28241,0.17284,-0.26261,-0.4703,-0.063159,-0.063159,-0.063159,0.0012487
0.85167,0.82718,-0.2028,-0.37085,0.044105,0.044105,0.044105,0.078446
4237.5,-3712.2,-258.27,1029.5,184.33,184.33,184.33,-123.1
-3712.2,3364.7,228.24,-1038.3,-160.68,-160.68,-160.68,-439.19
-258.27,228.24,5766.3,-2038.7,-697.87,-697.87,-697.87,-599.07
1029.5,-1038.3,-2038.7,2426.2,119.95,119.95,119.95,551.1
184.33,-160.68,-697.87,119.95,6909.3,-3090.7,-3090.7,168.6
184.33,-160.68,-697.87,119.95,-3090.7,6909.3,-3090.7,168.6
184.33,-160.68,-697.87,119.95,-3090.7,-3090.7,6909.3,168.6
-123.1,-439.19,-599.07,551.1,168.6,168.6,168.6,3860.4
