84.887,0.48609,0.88758,0.074261,0.12283,1.347,0.90751,1.4306,0.083545,0.10963,0.7077,0.46834,0.048714
46.239,0.17117,0.81569,0.044749,0.11337,1.2692,0.72139,1.2817,0.012461,0.074781,0.6743,0.32611,0.02879
159.47,0.76305,0.97647,0.10197,0.12769,1.4378,1.0552,1.53,0.19593,0.15905,0.72783,0.54342,0.078468
0.01417,-2.4571,-1.3706,-0.47642,-0.11319,-0.98049,0.64518,0.20311,1.1835,-0.098028,-0.42885,-1.6439,0.12761
-2.4571,678.2,45.814,26.87,12.331,-60.46,-297.24,-221.8,-161.34,75.188,40.738,190.51,35.74
-1.3706,45.814,993.47,-3.8265,-1.7559,8.6067,42.322,31.581,22.974,-10.706,-5.801,-27.128,-5.0885
-0.47642,26.87,-3.8265,997.76,-1.0298,5.0479,24.821,18.521,13.473,-6.2785,-3.402,-15.91,-2.9843
-0.11319,12.331,-1.7559,-1.0298,999.53,2.3167,11.391,8.4999,6.1831,-2.8813,-1.5612,-7.3011,-1.3696
-0.98049,-60.46,8.6067,5.0479,2.3167,988.64,-55.844,-41.672,-30.312,14.126,7.6535,35.792,6.7149
0.64518,-297.24,42.322,24.821,11.391,-55.844,725.44,-204.88,-149.03,69.451,37.63,175.98,33.013
0.20311,-221.8,31.581,18.521,8.4999,-41.672,-204.88,847.12,-111.21,51.825,28.08,131.32,24.635
1.1835,-161.34,22.974,13.473,6.1831,-30.312,-149.03,-111.21,919.1,37.699,20.427,95.526,17.92
-0.098028,75.188,-10.706,-6.2785,-2.8813,14.126,69.451,51.825,37.699,982.43,-9.5188,-44.515,-8.3508
-0.42885,40.738,-5.801,-3.402,-1.5612,7.6535,37.63,28.08,20.427,-9.5188,994.84,-24.12,-4.5246
-1.6439,190.51,-27.128,-15.91,-7.3011,35.792,175.98,131.32,95.526,-44.515,-24.12,887.2,-21.16
0.12761,35.74,-5.0885,-2.9843,-1.3696,6.7149,33.013,24.635,17.92,-8.3508,-4.5246,-21.16,996.03
