793.51,644.84,684.59,407.05,10.916,392.21,619.58,802.96,410.75,221.84,572.27,206.86,371.39
82.564,200.8,364.71,189.93,7.2295,296.66,450.14,699.24,269.27,58.953,271.6,126,234.27
1302.3,946.24,976.47,643.59,14.859,482.89,725.21,925.08,476.8,391.48,885.76,265.38,562.02
0.0043836,-0.031774,-0.038837,-0.0083014,-0.0003755,-0.010273,0.0065617,-0.002266,0.008006,-0.02837,-0.0070197,-0.0055479,0.025627
-0.031774,0.35713,0.42293,0.027169,-0.0026951,-0.052398,0.050898,0.0070915,0.059491,0.044434,0.16739,-0.0030591,-0.10005
-0.038837,0.42293,0.50584,0.012203,-0.0042021,-0.072931,0.058995,-0.028868,0.044063,0.098143,0.18482,-0.011332,-0.11792
-0.0083014,0.027169,0.012203,0.19199,0.013246,0.22014,0.0010867,0.20933,-0.010809,-0.099824,0.03595,0.15199,-0.16428
-0.0003755,-0.0026951,-0.0042021,0.013246,0.99948,-0.010874,0.0036844,-0.0057541,0.0051196,0.0020365,0.0009877,-0.0024142,-0.010803
-0.010273,-0.052398,-0.072931,0.22014,-0.010874,0.75024,0.11645,-0.09741,0.15235,0.033779,-0.080138,-0.014106,-0.27673
0.0065617,0.050898,0.058995,0.0010867,0.0036844,0.11645,0.69722,-0.14654,-0.26298,-0.2685,0.057287,-0.15652,0.02902
-0.002266,0.0070915,-0.028868,0.20933,-0.0057541,-0.09741,-0.14654,0.8082,-0.094389,-0.1587,0.024915,-0.14164,-0.15636
0.008006,0.059491,0.044063,-0.010809,0.0051196,0.15235,-0.26298,-0.094389,0.75326,-0.19248,0.10505,-0.12753,0.12037
-0.02837,0.044434,0.098143,-0.099824,0.0020365,0.033779,-0.2685,-0.1587,-0.19248,0.63521,-0.17313,-0.11871,-0.17258
-0.0070197,0.16739,0.18482,0.03595,0.0009877,-0.080138,0.057287,0.024915,0.10505,-0.17313,0.1502,0.10943,0.023556
-0.0055479,-0.0030591,-0.011332,0.15199,-0.0024142,-0.014106,-0.15652,-0.14164,-0.12753,-0.11871,0.10943,0.87151,-0.039225
0.025627,-0.10005,-0.11792,-0.16428,-0.010803,-0.27673,0.02902,-0.15636,0.12037,-0.17258,0.023556,-0.039225,0.27629
60.864,60.864,60.864,60.864,60.864,60.864,60.864,60.864,60.864,60.864,60.864,60.864,60.864
