370.38,213.68,411.76,642.7,16.241,506.86,527.64,831.79,324.94,754.08
90.88,50,152.94,414.5,11.819,468.57,357.32,699.24,230.66,234.32
664.06,384.62,541.18,878.57,20.007,528.49,625.57,925.08,415.26,1137.7
0.47579,0.30089,-0.12323,0.35453,-0.005554,-0.024456,-0.036452,-0.011948,0.012509,0.12547
0.30089,0.82232,0.060843,-0.22384,0.0035108,0.0095316,0.024675,0.025399,0.015867,-0.012623
-0.12323,0.060843,0.30958,-0.13724,0.00058098,-0.15773,-0.28486,0.07559,0.23333,-0.098591
0.35453,-0.22384,-0.13724,0.62645,0.0054263,-0.042034,-0.039637,0.095583,0.13762,0.089007
-0.005554,0.0035108,0.00058098,0.0054263,0.99992,0.00031077,-7.9491e-05,-0.0014107,-0.0017215,-0.0020488
-0.024456,0.0095316,-0.15773,-0.042034,0.00031077,0.9629,-0.061535,0.025497,0.062594,0.0048019
-0.036452,0.024675,-0.28486,-0.039637,-7.9491e-05,-0.061535,0.86919,0.0035456,0.065082,-0.14491
-0.011948,0.025399,0.07559,0.095583,-0.0014107,0.025497,0.0035456,0.92792,-0.097577,-0.20262
0.012509,0.015867,0.23333,0.13762,-0.0017215,0.062594,0.065082,-0.097577,0.83983,-0.20742
0.12547,-0.012623,-0.098591,0.089007,-0.0020488,0.0048019,-0.14491,-0.20262,-0.20742,0.16633
32.838,32.838,32.838,32.838,32.838,32.838,32.838,32.838,32.838,32.838
