190.79,0.56514,0.76967,0.98091,0.00011792,0.054505,0.71502,0.74236,0.68786,0.061693,0.22955,0.082241,0.98244
20.345,0.077922,0.41176,0.28105,2.3516e-05,0.029522,0.64423,0.66126,0.63166,0.038532,0.14498,0.055658,0.92454
342,0.96954,0.99216,3.0145,0.00037085,0.092735,0.89445,0.91587,0.86745,0.12209,0.30488,0.15108,0.99971
0.00019276,0.0084392,-0.021778,-0.008437,-0.00046539,-0.16742,0.016827,-0.09856,0.068876,-0.053799,0.32128,0.35237,-0.11992
0.0084392,16.645,-9.0114,0.15914,-0.34172,-30.079,28.072,-13.382,16.706,-10.802,22.691,69.438,-77.499
-0.021778,-9.0114,68.741,2.3152,0.94884,105.62,-8.6837,23.775,-81.845,176.81,18.425,-26.838,-134.38
-0.008437,0.15914,2.3152,6.2105,0.17335,-14.941,4.3612,-5.291,9.6557,-15.006,-43.913,-111.48,-31.518
-0.00046539,-0.34172,0.94884,0.17335,9999.8,-20.036,-1.0252,-9.9572,10.079,-1.4208,5.0274,-2.0616,13.282
-0.16742,-30.079,105.62,-14.941,-20.036,5865.2,-146.95,-2243.2,1891.5,-105.75,-177.03,-416.77,1638.8
0.016827,28.072,-8.6837,4.3612,-1.0252,-146.95,6510.8,-3327.7,-3180.8,-197.92,-119.87,-236.22,-234.19
-0.09856,-13.382,23.775,-5.291,-9.9572,-2243.2,-3327.7,5522.9,-2233.9,48.353,-56.93,-119.93,728.04
0.068876,16.706,-81.845,9.6557,10.079,1891.5,-3180.8,-2233.9,5874.6,154.03,120.06,296.81,-910.81
-0.053799,-10.802,176.81,-15.006,-1.4208,-105.75,-197.92,48.353,154.03,6138.8,-1672.9,-2487.1,-844.54
0.32128,22.691,18.425,-43.913,5.0274,-177.03,-119.87,-56.93,120.06,-1672.9,2375.8,2114.1,-741.04
0.35237,69.438,-26.838,-111.48,-2.0616,-416.77,-236.22,-119.93,296.81,-2487.1,2114.1,5477.9,-339.32
-0.11992,-77.499,-134.38,-31.518,13.282,1638.8,-234.19,728.04,-910.81,-844.54,-741.04,-339.32,4061.1
