181.4,0.70139,0.6465,0.41736,0.012478,0.40965,0.60971,0.7982,0.38854,0.19921,0.50783,0.21189,0.36494
21.136,0.46569,0.36471,0.18993,0.0072295,0.29666,0.45014,0.69924,0.26927,0.058953,0.2716,0.126,0.23427
333.39,0.94624,0.80784,0.64359,0.025796,0.60502,0.72521,0.89175,0.4768,0.39148,0.88576,0.3006,0.56202
0.0018047,-0.80678,-0.63639,-2.2721,-0.055118,-0.92008,0.44005,0.42159,1.3416,-1.44,-0.95929,0.020043,1.838
-0.80678,3426.6,4261,-277.33,31.744,258.44,786.44,588.74,330.31,600.38,907.36,531.42,-1232.4
-0.63639,4261,5571.6,-1410.6,-1.2297,-173.33,937.35,480.45,653.78,946.23,715.57,569.58,-1029
-2.2721,-277.33,-1410.6,5614.1,148.56,2382,-485.33,835.07,-1546.9,-520.35,2174.5,668.77,-2796.3
-0.055118,31.744,-1.2297,148.56,9980.4,-299.06,-12.37,-139.43,159.62,-26.927,134.4,-129.39,-15.273
-0.92008,258.44,-173.33,2382,-299.06,4992.9,506.65,-2049.1,2958,-295.45,842.39,-1530.9,-1525.2
0.44005,786.44,937.35,-485.33,-12.37,506.65,6930.1,-1521.7,-2028.4,-2879.7,665.8,-1753.2,760.59
0.42159,588.74,480.45,835.07,-139.43,-2049.1,-1521.7,8121.5,170.65,-1990.4,225.78,-1647.3,-647.98
1.3416,330.31,653.78,-1546.9,159.62,2958,-2028.4,170.65,7212.7,-1695,-616.61,-116.39,877.23
-1.44,600.38,946.23,-520.35,-26.927,-295.45,-2879.7,-1990.4,-1695,6280.1,-1119,-1622.3,-1539
-0.95929,907.36,715.57,2174.5,134.4,842.39,665.8,225.78,-616.61,-1119,1520.1,1465.4,-1111.3
0.020043,531.42,569.58,668.77,-129.39,-1530.9,-1753.2,-1647.3,-116.39,-1622.3,1465.4,8217.3,556.93
1.838,-1232.4,-1029,-2796.3,-15.273,-1525.2,760.59,-647.98,877.23,-1539,-1111.3,556.93,2510.9
