1.2374,0.99226,-0.71621,-1.2325,-0.10615,-0.10615,-0.10615,0.17803
1.0103,0.72702,-0.72448,-1.2423,-0.14448,-0.14448,-0.14448,0.11311
1.6348,1.4664,-0.70148,-1.2253,-0.030339,-0.030339,-0.030339,0.29122
596.73,-458.97,49.514,15.957,-54.194,-54.194,-54.194,-50.967
-458.97,456.6,15.492,12.489,-83.288,-83.288,-83.288,-118.75
49.514,15.492,914.54,-12.978,-35.324,-35.324,-35.324,-111.76
15.957,12.489,-12.978,997.84,-3.6825,-3.6825,-3.6825,-14.364
-54.194,-83.288,-35.324,-3.6825,970.52,-29.482,-29.482,-69.257
-54.194,-83.288,-35.324,-3.6825,-29.482,970.52,-29.482,-69.257
-54.194,-83.288,-35.324,-3.6825,-29.482,-29.482,970.52,-69.257
-50.967,-118.75,-111.76,-14.364,-69.257,-69.257,-69.257,818.11
