732.24,708.74,98.202,-484.05,622.85,622.85,622.85,78.188,-291.48
362.82,304.06,-172.45,-983.5,316.67,316.67,316.67,0.23782,-1196
1316,1311.9,375.2,70.04,861.63,861.63,861.63,467.46,543.75
0.0020115,-0.0018623,-0.00024033,-2.7438e-05,-2.4757e-05,-2.4757e-05,-2.4757e-05,-0.00019511,5.2326e-06
-0.0018623,0.0017789,0.00029996,1.4657e-05,1.8224e-05,1.8224e-05,1.8224e-05,8.9925e-05,-1.4388e-05
-0.00024033,0.00029996,0.00041077,-7.412e-05,-3.43e-05,-3.43e-05,-3.43e-05,-0.00013977,-4.6143e-05
-2.7438e-05,1.4657e-05,-7.412e-05,2.8333e-05,7.6149e-06,7.6149e-06,7.6149e-06,3.3865e-05,3.2381e-06
-2.4757e-05,1.8224e-05,-3.43e-05,7.6149e-06,0.66668,-0.33332,-0.33332,1.9677e-05,6.8644e-06
-2.4757e-05,1.8224e-05,-3.43e-05,7.6149e-06,-0.33332,0.66668,-0.33332,1.9677e-05,6.8644e-06
-2.4757e-05,1.8224e-05,-3.43e-05,7.6149e-06,-0.33332,-0.33332,0.66668,1.9677e-05,6.8644e-06
-0.00019511,8.9925e-05,-0.00013977,3.3865e-05,1.9677e-05,1.9677e-05,1.9677e-05,0.00029754,2.9626e-05
5.2326e-06,-1.4388e-05,-4.6143e-05,3.2381e-06,6.8644e-06,6.8644e-06,6.8644e-06,2.9626e-05,1.8296e-05
67.631,67.631,67.631,67.631,67.631,67.631,67.631,67.631,67.631
