186.43,0.44093,0.66013,0.81129,0.018762,0.53013,0.64597,0.8403,0.31018,0.60655
18,0.18919,0.58039,0.68933,0.0054139,0.31307,0.4872,0.7718,-0.023684,0.45481
325.71,0.59788,0.74118,1.0178,0.042562,0.79548,0.83079,0.90688,0.5938,0.81582
0.0044508,1.2957,0.33396,-1.1709,0.011612,-0.32551,0.56119,0.15432,0.47983,0.75403
1.2957,860.23,-65.161,85.205,-17.326,-183.66,102.22,45.944,229.6,93.137
0.33396,-65.161,969.62,39.723,-8.0775,-85.623,47.657,21.419,107.04,43.421
-1.1709,85.205,39.723,948.06,10.562,111.96,-62.316,-28.008,-139.97,-56.777
0.011612,-17.326,-8.0775,10.562,997.85,-22.767,12.672,5.6954,28.463,11.546
-0.32551,-183.66,-85.623,111.96,-22.767,758.66,134.33,60.372,301.71,122.39
0.56119,102.22,47.657,-62.316,12.672,134.33,925.24,-33.602,-167.93,-68.119
0.15432,45.944,21.419,-28.008,5.6954,60.372,-33.602,984.9,-75.474,-30.616
0.47983,229.6,107.04,-139.97,28.463,301.71,-167.93,-75.474,622.82,-153
0.75403,93.137,43.421,-56.777,11.546,122.39,-68.119,-30.616,-153,937.93
