176.51,0.54589,0.74489,0.0001051,0.052823,0.73312,0.7591,0.70628,0.060697,0.23175,0.079932,0.98442
3.9474,0.077922,0.41176,1.7144e-05,0.029522,0.64423,0.66126,0.63166,0.038532,0.14498,0.055658,0.92454
342,0.96954,0.99216,0.00037085,0.092735,0.94992,0.97505,0.9197,0.12209,0.30488,0.15108,0.99971
0.00012919,-0.0019929,-0.021141,-0.00017227,-0.025748,-0.0013675,-0.021863,0.0038857,0.021629,0.063914,0.010687,0.017874
-0.0019929,14.867,-6.0327,0.019565,11.43,5.9393,7.1675,-4.2624,8.1713,-2.6003,16.823,-12.681
-0.021141,-6.0327,35.391,0.11253,10.782,3.438,9.734,-1.0477,22.258,9.5502,21.217,-29.828
-0.00017227,0.019565,0.11253,1000,-0.7322,0.034696,-0.33176,0.40044,0.039053,0.40019,-0.10258,0.69115
-0.025748,11.43,10.782,-0.7322,847.25,-1.7141,-74.979,77.767,-29.013,11.843,-41.737,82.566
-0.0013675,5.9393,3.438,0.034696,-1.7141,675.94,-319.26,-317.54,5.3652,-2.9214,-0.27579,-26.012
-0.021863,7.1675,9.734,-0.33176,-74.979,-319.26,646.28,-278.74,5.1013,16.722,-10.279,26.16
0.0038857,-4.2624,-1.0477,0.40044,77.767,-317.54,-278.74,643.49,34.113,4.8773,31.458,-56.406
0.021629,8.1713,22.258,0.039053,-29.013,5.3652,5.1013,34.113,842.28,-118.35,-144.54,-81.043
0.063914,-2.6003,9.5502,0.40019,11.843,-2.9214,16.722,4.8773,-118.35,595.14,39.289,-108.55
0.010687,16.823,21.217,-0.10258,-41.737,-0.27579,-10.279,31.458,-144.54,39.289,727.45,-50.073
0.017874,-12.681,-29.828,0.69115,82.566,-26.012,26.16,-56.406,-81.043,-108.55,-50.073,792.48
