216.45,0.64692,0.70946,0.68311,0.011692,0.39052,0.83434,1.0196,0.62911,0.0084578,0.21654,0.093543,0.061037
55.2,0.19841,0.21961,0.5073,0.0018632,0.16144,0.17067,0.39347,0.017833,0.0036171,0.10639,0.066524,0.0010373
347.37,0.96629,0.93333,1.0898,0.015213,0.42888,0.99852,1.1972,0.83031,0.018199,0.25089,0.10668,0.113
0.00063321,-0.0060257,-0.14631,-0.21416,0.043074,0.077427,0.021137,-0.10307,-0.18081,0.065165,0.28782,0.10687,-0.5431
-0.0060257,28.25,-6.2597,20.446,-1.777,14.725,68.088,-27.397,-42.13,20.111,16.53,-62.137,46.597
-0.14631,-6.2597,72.14,44.021,-11.66,-37.823,-116.34,69.167,107.05,-24.428,-100.09,-45.335,183.36
-0.21416,20.446,44.021,236.17,-9.2572,96.62,137.37,51.217,-45.285,14.991,-155.18,205.12,258.52
0.043074,-1.777,-11.66,-9.2572,9947.9,-125.46,-108.79,-13.146,112.32,19.195,-487.54,43.111,3.3659
0.077427,14.725,-37.823,96.62,-125.46,4260.9,467.39,-3137.4,2601.7,-70.05,-1623.6,-102.06,-329.07
0.021137,68.088,-116.34,137.37,-108.79,467.39,2511.3,-1049.8,-1517,193.83,-640.84,-163.65,-392.09
-0.10307,-27.397,69.167,51.217,-13.146,-3137.4,-1049.8,3998.6,-2864.1,-160.22,-554.79,18.623,172.34
-0.18081,-42.13,107.05,-45.285,112.32,2601.7,-1517,-2864.1,4534.2,-90.214,1068.9,121.08,501.52
0.065165,20.111,-24.428,14.991,19.195,-70.05,193.83,-160.22,-90.214,9557.3,231.81,-640.6,-384.97
0.28782,16.53,-100.09,-155.18,-487.54,-1623.6,-640.84,-554.79,1068.9,231.81,5236.7,791.97,50.512
0.10687,-62.137,-45.335,205.12,43.111,-102.06,-163.65,18.623,121.08,-640.6,791.97,5675.9,-151.63
-0.5431,46.597,183.36,258.52,3.3659,-329.07,-392.09,172.34,501.52,-384.97,50.512,-151.63,1525.7
