1392.4,1313.2,360.98,-495.73,943.34,943.34,943.34,1019.6,-955.52
663.24,493.28,-269.24,-1049.3,298.61,298.61,298.61,1.2977,-2557.3
2971.9,2943.7,682.3,217.91,1285.7,1285.7,1285.7,5566.3,-311.49
0.0013303,-0.0011965,-0.00031504,-2.6055e-05,5.1589e-05,5.1589e-05,5.1589e-05,-2.9954e-05,1.3394e-05
-0.0011965,0.0011416,0.00029917,1.3687e-05,-4.9875e-05,-4.9875e-05,-4.9875e-05,1.5131e-05,2.412e-05
-0.00031504,0.00029917,0.00023309,-4.1615e-05,-4.9613e-05,-4.9613e-05,-4.9613e-05,1.2676e-05,1.5456e-05
-2.6055e-05,1.3687e-05,-4.1615e-05,2.3836e-05,8.7959e-06,8.7959e-06,8.7959e-06,-2.8868e-07,-7.4953e-06
5.1589e-05,-4.9875e-05,-4.9613e-05,8.7959e-06,0.66668,-0.33332,-0.33332,-3.6267e-06,-7.007e-06
5.1589e-05,-4.9875e-05,-4.9613e-05,8.7959e-06,-0.33332,0.66668,-0.33332,-3.6267e-06,-7.007e-06
5.1589e-05,-4.9875e-05,-4.9613e-05,8.7959e-06,-0.33332,-0.33332,0.66668,-3.6267e-06,-7.007e-06
-2.9954e-05,1.5131e-05,1.2676e-05,-2.8868e-07,-3.6267e-06,-3.6267e-06,-3.6267e-06,9.9916e-06,7.1131e-06
1.3394e-05,2.412e-05,1.5456e-05,-7.4953e-06,-7.007e-06,-7.007e-06,-7.007e-06,7.1131e-06,5.3033e-05
73.067,73.067,73.067,73.067,73.067,73.067,73.067,73.067,73.067
