1265.3,1167.9,373.19,-635.93,1035,1035,1035,921.18,-424.01
629.56,335.47,76.48,-1041.4,520.38,520.38,520.38,0.027106,-2108.1
3564.9,3563.7,674.33,-18.917,1343.3,1343.3,1343.3,8660.7,451.48
0.0020371,-0.0017623,-0.00056202,-0.00013329,1.9345e-05,1.9345e-05,1.9345e-05,-7.8721e-05,1.8108e-05
-0.0017623,0.00154,0.00048889,0.00012038,-1.7061e-05,-1.7061e-05,-1.7061e-05,6.2956e-05,-1.7419e-05
-0.00056202,0.00048889,0.00026791,1.8583e-05,-2.5966e-05,-2.5966e-05,-2.5966e-05,2.132e-05,-1.5394e-05
-0.00013329,0.00012038,1.8583e-05,2.5326e-05,1.3266e-06,1.3266e-06,1.3266e-06,3.4413e-06,-1.6136e-06
1.9345e-05,-1.7061e-05,-2.5966e-05,1.3266e-06,0.66667,-0.33333,-0.33333,-1.077e-06,6.4916e-07
1.9345e-05,-1.7061e-05,-2.5966e-05,1.3266e-06,-0.33333,0.66667,-0.33333,-1.077e-06,6.4916e-07
1.9345e-05,-1.7061e-05,-2.5966e-05,1.3266e-06,-0.33333,-0.33333,0.66667,-1.077e-06,6.4916e-07
-7.8721e-05,6.2956e-05,2.132e-05,3.4413e-06,-1.077e-06,-1.077e-06,-1.077e-06,5.3411e-06,1.6168e-06
1.8108e-05,-1.7419e-05,-1.5394e-05,-1.6136e-06,6.4916e-07,6.4916e-07,6.4916e-07,1.6168e-06,9.7631e-06
76.851,76.851,76.851,76.851,76.851,76.851,76.851,76.851,76.851
