402.6,815.81,728.34,589.84,0.080103,45.46,883.21,904.42,858.96,52.56,184.83,94.245,985.53
22.727,591.72,203.92,394.14,0.017687,24.778,362.55,380.1,340.88,9.719,67.779,46.274,867.73
1094.7,1000,1000,880.41,0.30133,100.94,1157.6,1178.4,1141.1,89.785,248.37,133.7,999.69
6.0228e-05,-7.4771e-05,0.00013914,0.00023217,1.5851e-05,-0.0014214,-0.0029752,0.00069626,0.0021179,-0.002695,0.0031488,-0.0021066,-0.0019361
-7.4771e-05,0.00047154,-0.00046554,-0.00058631,-3.6339e-05,0.0035709,0.0075646,-0.0018361,-0.0054137,-0.001249,-0.0054463,0.0071669,0.005293
0.00013914,-0.00046554,0.00095794,0.0011919,2.5937e-05,-0.0095329,-0.00066426,-0.0047885,0.0047378,-0.0030655,0.015148,-0.01636,-0.013168
0.00023217,-0.00058631,0.0011919,0.0016586,4.1879e-05,-0.012107,-0.0053884,-0.0038577,0.0082354,-0.009242,0.021344,-0.020076,-0.016857
1.5851e-05,-3.6339e-05,2.5937e-05,4.1879e-05,0.99999,-0.001531,0.00019297,-0.00090414,0.00063229,-0.0012434,0.00019855,0.00060577,0.0012822
-0.0014214,0.0035709,-0.0095329,-0.012107,-0.001531,0.43714,-0.039791,-0.25792,0.30507,0.048401,-0.16348,0.16504,0.14048
-0.0029752,0.0075646,-0.00066426,-0.0053884,0.00019297,-0.039791,0.65082,-0.34253,-0.30285,0.089674,-0.034705,0.0096864,-0.039019
0.00069626,-0.0018361,-0.0047885,-0.0038577,-0.00090414,-0.25792,-0.34253,0.54289,-0.19906,-0.016358,-0.071567,0.083954,0.094915
0.0021179,-0.0054137,0.0047378,0.0082354,0.00063229,0.30507,-0.30285,-0.19906,0.49587,-0.064675,0.091708,-0.080848,-0.045428
-0.002695,-0.001249,-0.0030655,-0.009242,-0.0012434,0.048401,0.089674,-0.016358,-0.064675,0.34047,-0.1943,0.024963,0.079033
0.0031488,-0.0054463,0.015148,0.021344,0.00019855,-0.16348,-0.034705,-0.071567,0.091708,-0.1943,0.31799,-0.27092,-0.23228
-0.0021066,0.0071669,-0.01636,-0.020076,0.00060577,0.16504,0.0096864,0.083954,-0.080848,0.024963,-0.27092,0.33164,0.23029
-0.0019361,0.005293,-0.013168,-0.016857,0.0012822,0.14048,-0.039019,0.094915,-0.045428,0.079033,-0.23228,0.23029,0.1957
73.652,73.652,73.652,73.652,73.652,73.652,73.652,73.652,73.652,73.652,73.652,73.652,73.652
