223.57,29.493,-494.14,28.838,7.8949,6.1483,166.08,6.8112,0.15388,13.055,107.56,8.1755,15.74,2.8151,18.73,6.8851,55.555,32.638,-1068.2,-47.591,-47.591,-47.591,0.0031423,-40.355,-3.4533e+05,-78.587,-282.35
547.2,247.42,-179.7,249.18,172.13,496.39,470.33,320.37,210.97,571.58,995.13,992.43,999.38,992.65,999.41,996.3,991.63,335.02,-401.47,42.669,42.669,42.669,11.042,103.5,15833,83.271,172.55
0.84886,-0.096882,0.12807,-0.1008,-0.013226,-0.12204,-0.087482,-0.11398,-0.027204,-0.016676,0.030123,0.0059816,-0.022045,0.017451,0.031968,-0.0073448,0.031387,-0.020416,0.20108,0.055267,0.055267,0.055267,-0.0056872,-0.035257,2.8938e-05,-0.022519,-0.0020615
-0.096882,0.77823,0.018521,-0.1934,0.026543,-0.035102,0.0065784,-0.083755,-0.12334,0.028185,0.020123,-0.051317,0.073702,0.085509,0.065547,-0.07891,-0.1143,0.11109,0.11849,-0.0067167,-0.0067167,-0.0067167,-0.0068685,-0.1426,2.6792e-06,0.081884,-0.085752
0.12807,0.018521,0.86575,0.03451,0.021328,0.12196,0.096429,0.092664,-0.01862,0.035149,-0.031585,-0.026363,0.04941,0.0044917,-0.015932,-0.018077,-0.085055,0.06833,-0.16896,-0.066283,-0.066283,-0.066283,0.0039824,-0.022931,-2.8664e-05,0.058403,-0.033652
-0.1008,-0.1934,0.03451,0.82534,0.017541,-0.04612,0.0015559,-0.09019,-0.10596,0.0118,0.034336,-0.054923,0.035629,0.076702,0.060803,-0.078416,-0.076917,0.075829,0.11307,0.0059323,0.0059323,0.0059323,-0.0070886,-0.11185,-2.1679e-05,0.052314,-0.11099
-0.013226,0.026543,0.021328,0.017541,0.91225,-0.0012588,-0.043767,0.0081244,0.020362,0.061673,0.042781,0.096055,-0.17806,-0.10078,-0.039535,0.043988,-0.046669,0.0031986,0.047104,-0.020904,-0.020904,-0.020904,0.0070905,-0.046645,-1.68e-05,-0.07009,-0.05277
-0.12204,-0.035102,0.12196,-0.04612,-0.0012588,0.87425,-0.080861,-0.08766,0.004259,-0.057342,0.036652,0.059004,0.027282,-0.012165,0.01558,-0.056364,0.10262,-0.046872,0.15073,0.061597,0.061597,0.061597,-0.004555,0.014424,2.8657e-05,-0.041904,0.03605
-0.087482,0.0065784,0.096429,0.0015559,-0.043767,-0.080861,0.86371,-0.0042434,0.030289,0.12995,-0.039265,0.090188,-0.039553,-0.068241,0.046243,0.071345,0.085207,-0.048673,0.17323,0.020275,0.020275,0.020275,0.0037314,-0.031366,5.8086e-05,-0.0051576,0.096465
-0.11398,-0.083755,0.092664,-0.09019,0.0081244,-0.08766,-0.0042434,0.83091,-0.020768,-0.17448,-0.0070925,-0.08977,-0.01815,0.048796,-0.12521,-0.0076294,-0.046554,0.002459,0.14154,0.057576,0.057576,0.057576,-0.0099539,0.013011,-3.6587e-05,-0.051602,-0.058075
-0.027204,-0.12334,-0.01862,-0.10596,0.020362,0.004259,0.030289,-0.020768,0.91375,-0.0021349,0.049406,-0.039993,0.057226,0.0024055,0.093525,-0.059054,-0.084002,0.045236,0.010665,-0.012671,-0.012671,-0.012671,-0.002641,-0.088343,5.4328e-05,0.075239,-0.081929
-0.016676,0.028185,0.035149,0.0118,0.061673,-0.057342,0.12995,-0.17448,-0.0021349,0.33252,0.11585,0.050865,0.12366,-0.043948,-0.12157,-0.020357,-0.20916,-0.15211,-0.085433,0.095824,0.095824,0.095824,-0.0097411,0.12034,-1.1946e-05,0.0008263,-0.0094724
0.030123,0.020123,-0.031585,0.034336,0.042781,0.036652,-0.039265,-0.0070925,0.049406,0.11585,0.42239,-0.00092075,0.15953,0.08006,-0.28188,0.1416,0.059913,-0.11903,0.1207,-0.039158,-0.039158,-0.039158,0.00081244,9.2949e-05,-3.3471e-05,0.20854,-0.089185
0.0059816,-0.051317,-0.026363,-0.054923,0.096055,0.059004,0.090188,-0.08977,-0.039993,0.050865,-0.00092075,0.10794,0.011944,-0.076608,0.014519,0.1356,0.060667,0.087548,-0.01385,0.041563,0.041563,0.041563,-0.017874,0.11189,-2.0279e-05,-0.030226,-0.03393
-0.022045,0.073702,0.04941,0.035629,-0.17806,0.027282,-0.039553,-0.01815,0.057226,0.12366,0.15953,0.011944,0.41459,0.066468,-0.02831,0.2016,-0.098253,-0.036076,0.016933,-0.0047308,-0.0047308,-0.0047308,0.0065018,0.0072673,-2.6098e-05,-0.23057,-0.2092
0.017451,0.085509,0.0044917,0.076702,-0.10078,-0.012165,-0.068241,0.048796,0.0024055,-0.043948,0.08006,-0.076608,0.066468,0.089631,-0.029712,-0.036326,-0.0070813,-0.053518,0.079707,-0.044647,-0.044647,-0.044647,0.018088,-0.11107,8.4443e-06,0.02215,-0.025903
0.031968,0.065547,-0.015932,0.060803,-0.039535,0.01558,0.046243,-0.12521,0.093525,-0.12157,-0.28188,0.014519,-0.02831,-0.029712,0.33863,-0.068381,-0.044404,0.18529,0.086591,-0.041946,-0.041946,-0.041946,-0.00060556,0.04202,5.3999e-05,-0.18208,-0.036395
-0.0073448,-0.07891,-0.018077,-0.078416,0.043988,-0.056364,0.071345,-0.0076294,-0.059054,-0.020357,0.1416,0.1356,0.2016,-0.036326,-0.068381,0.46219,0.24622,0.16731,-0.080853,-0.018111,-0.018111,-0.018111,-0.0046524,-0.014798,-7.8936e-05,-0.10631,-0.16951
0.031387,-0.1143,-0.085055,-0.076917,-0.046669,0.10262,0.085207,-0.046554,-0.084002,-0.20916,0.059913,0.060667,-0.098253,-0.0070813,-0.044404,0.24622,0.42174,0.10582,-0.0079494,-0.055066,-0.055066,-0.055066,0.0050562,-0.1755,-2.236e-05,0.10043,0.052837
-0.020416,0.11109,0.06833,0.075829,0.0031986,-0.046872,-0.048673,0.002459,0.045236,-0.15211,-0.11903,0.087548,-0.036076,-0.053518,0.18529,0.16731,0.10582,0.54381,-0.016733,0.074561,0.074561,0.074561,0.0013955,0.10825,-7.8663e-05,0.16422,-0.19965
0.20108,0.11849,-0.16896,0.11307,0.047104,0.15073,0.17323,0.14154,0.010665,-0.085433,0.1207,-0.01385,0.016933,0.079707,0.086591,-0.080853,-0.0079494,-0.016733,0.62626,-0.038603,-0.038603,-0.038603,0.002256,0.10145,7.9981e-05,0.0017108,-0.072442
0.055267,-0.0067167,-0.066283,0.0059323,-0.020904,0.061597,0.020275,0.057576,-0.012671,0.095824,-0.039158,0.041563,-0.0047308,-0.044647,-0.041946,-0.018111,-0.055066,0.074561,-0.038603,0.94223,-0.057767,-0.057767,0.0055648,-0.064047,-4.856e-05,0.022353,-0.028348
0.055267,-0.0067167,-0.066283,0.0059323,-0.020904,0.061597,0.020275,0.057576,-0.012671,0.095824,-0.039158,0.041563,-0.0047308,-0.044647,-0.041946,-0.018111,-0.055066,0.074561,-0.038603,-0.057767,0.94223,-0.057767,0.0055648,-0.064047,-4.856e-05,0.022353,-0.028348
0.055267,-0.0067167,-0.066283,0.0059323,-0.020904,0.061597,0.020275,0.057576,-0.012671,0.095824,-0.039158,0.041563,-0.0047308,-0.044647,-0.041946,-0.018111,-0.055066,0.074561,-0.038603,-0.057767,-0.057767,0.94223,0.0055648,-0.064047,-4.856e-05,0.022353,-0.028348
-0.0056872,-0.0068685,0.0039824,-0.0070886,0.0070905,-0.004555,0.0037314,-0.0099539,-0.002641,-0.0097411,0.00081244,-0.017874,0.0065018,0.018088,-0.00060556,-0.0046524,0.0050562,0.0013955,0.002256,0.0055648,0.0055648,0.0055648,0.99868,0.0066846,-6.3901e-06,-0.001878,-0.0018349
-0.035257,-0.1426,-0.022931,-0.11185,-0.046645,0.014424,-0.031366,0.013011,-0.088343,0.12034,9.2949e-05,0.11189,0.0072673,-0.11107,0.04202,-0.014798,-0.1755,0.10825,0.10145,-0.064047,-0.064047,-0.064047,0.0066846,0.79489,4.4623e-06,0.091903,-0.043987
2.8938e-05,2.6792e-06,-2.8664e-05,-2.1679e-05,-1.68e-05,2.8657e-05,5.8086e-05,-3.6587e-05,5.4328e-05,-1.1946e-05,-3.3471e-05,-2.0279e-05,-2.6098e-05,8.4443e-06,5.3999e-05,-7.8936e-05,-2.236e-05,-7.8663e-05,7.9981e-05,-4.856e-05,-4.856e-05,-4.856e-05,-6.3901e-06,4.4623e-06,4.7336e-08,-4.2844e-05,5.1514e-05
-0.022519,0.081884,0.058403,0.052314,-0.07009,-0.041904,-0.0051576,-0.051602,0.075239,0.0008263,0.20854,-0.030226,-0.23057,0.02215,-0.18208,-0.10631,0.10043,0.16422,0.0017108,0.022353,0.022353,0.022353,-0.001878,0.091903,-4.2844e-05,0.66913,0.056467
-0.0020615,-0.085752,-0.033652,-0.11099,-0.05277,0.03605,0.096465,-0.058075,-0.081929,-0.0094724,-0.089185,-0.03393,-0.2092,-0.025903,-0.036395,-0.16951,0.052837,-0.19965,-0.072442,-0.028348,-0.028348,-0.028348,-0.0018349,-0.043987,5.1514e-05,0.056467,0.24212
111.17,111.17,111.17,111.17,111.17,111.17,111.17,111.17,111.17,111.17,111.17,111.17,111.17,111.17,111.17,111.17,111.17,111.17,111.17,111.17,111.17,111.17,111.17,111.17,111.17,111.17,111.17
313.99,119.54,-284.61,132.19,60.046,246.38,256.53,111.45,90.33,180.79,579.34,532.97,284.68,371.98,567.88,779.98,360.4,144.77,-595.01,2.8226,2.8226,2.8226,1.9739,35.53,-1.1715e+05,13.397,-26.025
1,1,1,1,1,1,1,1,1,1,1,1,1,1,1,1,1,1,1,1,1,1,1,1,1,1,1
