233.53,131.92,183.23,171.94,42.093,132.73,132.98,31.658,166.78,112.13,220.83,817.99,339.23,636.79,288.92,779.83,344.26,81.283,-16.265,388.24,388.24,388.24,0.27631,-53.029,-83154,193.52,-7.1896
172.38,26.689,82.785,84.596,6.0062,21.599,23.502,4.0523,7.4237,1.1354,8.5608,64.961,52.166,65.414,12.134,165.16,6.9009,1.7947,-32.642,181.74,181.74,181.74,0.0069645,-108.23,-2.2246e+05,-221.33,-274.51
334.12,221.88,249.81,245.81,130.34,222.42,236.74,85.842,231.18,478.85,997.83,999.91,976.95,996.96,996.49,998.59,986.17,336.8,-1.7709,448.2,448.2,448.2,1.2826,28.527,48094,801.59,505.88
0.99197,-0.0069092,-0.0049797,-0.0096931,0.0067425,-0.0056134,-0.0078239,-0.00014356,-0.0054581,0.034317,0.008326,-0.024225,0.019491,-0.019728,0.030283,-0.013699,0.025969,0.024422,0.001557,-0.004144,-0.004144,-0.004144,-6.667e-05,0.00034625,-0.00025707,-0.018183,-0.047589
-0.0069092,0.99055,-0.0020399,-0.0065543,0.0069674,-0.0082134,-0.010062,-0.0016138,-0.001016,0.034073,-0.01374,-0.0011274,0.043334,-0.020346,0.0092619,-0.03558,0.050294,0.021063,0.0015759,0.0014416,0.0014416,0.0014416,-5.5109e-05,0.0031017,-0.00021211,-0.016459,-0.028066
-0.0049797,-0.0020399,0.99503,-0.0062544,0.0017737,-0.0018545,-0.002787,0.0015875,-0.0066351,0.010604,0.025471,-0.031655,-0.0020775,-0.023061,0.032067,0.0023685,-0.00093889,0.0089455,0.00041204,-0.0079392,-0.0079392,-0.0079392,-3.6799e-05,-0.00025531,-0.00016884,-0.014855,-0.031534
-0.0096931,-0.0065543,-0.0062544,0.98367,0.012231,-0.0026412,-0.0065361,-0.00057489,-0.0079248,0.063027,0.013671,-0.037229,0.0078963,0.00094431,0.051471,0.0030618,0.020241,0.048829,0.0032578,-0.0028787,-0.0028787,-0.0028787,-8.1358e-05,-0.0037849,-0.0002334,0.022597,-0.063275
0.0067425,0.0069674,0.0017737,0.012231,0.98682,0.00291,0.006686,0.0031096,0.00089886,-0.065051,0.021021,0.0030037,-0.017035,-0.028672,-0.018315,0.0039647,-0.031218,-0.048362,-0.0033628,-0.0064722,-0.0064722,-0.0064722,6.9186e-05,0.0038049,-0.00014704,-0.024426,0.049872
-0.0056134,-0.0082134,-0.0018545,-0.0026412,0.00291,0.99123,-0.0095203,-0.00087835,-0.00045468,0.013275,-0.010892,0.0014858,0.04011,-0.030426,-2.0883e-05,-0.036833,0.042736,0.0048616,0.00035164,-0.00088543,-0.00088543,-0.00088543,-4.5944e-05,0.0046078,-0.00011516,-0.0436,-0.022726
-0.0078239,-0.010062,-0.002787,-0.0065361,0.006686,-0.0095203,0.98858,-0.0016284,-0.0012199,0.031961,-0.014797,-0.0019724,0.04246,-0.022337,0.0072996,-0.035721,0.049124,0.019024,0.0012904,0.00023769,0.00023769,0.00023769,-6.9241e-05,0.0032309,-0.00015218,-0.039837,-0.041073
-0.00014356,-0.0016138,0.0015875,-0.00057489,0.0031096,-0.00087835,-0.0016284,0.99814,0.0031315,0.013869,-0.021188,0.015467,0.0063344,0.019976,-0.012631,-0.0029473,0.010094,0.0093879,0.00067033,0.0055264,0.0055264,0.0055264,-1.2188e-05,-0.00095743,-0.00013105,-6.9677e-05,-0.0078793
-0.0054581,-0.001016,-0.0066351,-0.0079248,0.00089886,-0.00045468,-0.0012199,0.0031315,0.98976,0.0084213,0.046335,-0.04934,-0.0063122,-0.038367,0.051135,0.0058208,-0.0065783,0.0087575,0.0004643,-0.012229,-0.012229,-0.012229,-2.6956e-05,-8.0055e-05,-0.00021166,0.0048081,-0.024012
0.034317,0.034073,0.010604,0.063027,-0.065051,0.013275,0.031961,0.013869,0.0084213,0.67644,0.082389,0.03408,-0.083632,-0.12432,-0.11286,0.018782,-0.15308,-0.24188,-0.016932,-0.027823,-0.027823,-0.027823,0.00033365,0.018457,-0.00015537,-0.1467,0.23842
0.008326,-0.01374,0.025471,0.013671,0.021021,-0.010892,-0.014797,-0.021188,0.046335,0.082389,0.73202,0.22797,0.079143,0.21638,-0.21443,-0.053409,0.10741,0.045719,0.0035054,0.066811,0.066811,0.066811,-5.9479e-05,-0.0041508,-0.0002583,-0.058599,-0.023243
-0.024225,-0.0011274,-0.031655,-0.037229,0.0030037,0.0014858,-0.0019724,0.015467,-0.04934,0.03408,0.22797,0.76031,-0.052583,-0.16892,0.2459,0.048092,-0.055019,0.039769,0.001946,-0.059236,-0.059236,-0.059236,-0.00011856,-0.00296,-4.1063e-05,0.029594,-0.11552
0.019491,0.043334,-0.0020775,0.0078963,-0.017035,0.04011,0.04246,0.0063344,-0.0063122,-0.083632,0.079143,-0.052583,0.72498,0.16477,0.01423,0.24524,-0.29066,-0.033313,-0.0043369,-0.014489,-0.014489,-0.014489,7.9681e-05,-0.030601,-0.00014893,0.0035511,-0.050657
-0.019728,-0.020346,-0.023061,0.00094431,-0.028672,-0.030426,-0.022337,0.019976,-0.038367,-0.12432,0.21638,-0.16892,0.16477,0.56047,0.1537,-0.18836,0.1257,-0.10843,-0.0064763,-0.068153,-0.068153,-0.068153,3.9377e-05,0.042432,-0.00023642,-0.096965,0.1053
0.030283,0.0092619,0.032067,0.051471,-0.018315,-2.0883e-05,0.0072996,-0.012631,0.051135,-0.11286,-0.21443,0.2459,0.01423,0.1537,0.72027,-0.028055,0.00065579,-0.098319,-0.0066178,0.050234,0.050234,0.050234,0.00015021,0.0049299,-0.00023579,-0.13291,0.12193
-0.013699,-0.03558,0.0023685,0.0030618,0.0039647,-0.036833,-0.035721,-0.0029473,0.0058208,0.018782,-0.053409,0.048092,0.24524,-0.18836,-0.028055,0.77017,0.24685,-0.013791,0.00082099,0.0057577,0.0057577,0.0057577,-2.7959e-05,0.032778,-0.00015351,-0.047314,0.079884
0.025969,0.050294,-0.00093889,0.020241,-0.031218,0.042736,0.049124,0.010094,-0.0065783,-0.15308,0.10741,-0.055019,-0.29066,0.1257,0.00065579,0.24685,0.67823,-0.085016,-0.0079162,-0.023005,-0.023005,-0.023005,0.00015194,-0.025971,-0.00012923,-0.021917,0.0025004
0.024422,0.021063,0.0089455,0.048829,-0.048362,0.0048616,0.019024,0.0093879,0.0087575,-0.24188,0.045719,0.039769,-0.033313,-0.10843,-0.098319,-0.013791,-0.085016,0.8152,-0.012795,-0.01853,-0.01853,-0.01853,0.00024123,0.017643,-0.00026041,-0.13098,0.18293
0.001557,0.0015759,0.00041204,0.0032578,-0.0033628,0.00035164,0.0012904,0.00067033,0.0004643,-0.016932,0.0035054,0.001946,-0.0043369,-0.0064763,-0.0066178,0.00082099,-0.0079162,-0.012795,0.99907,-0.0015926,-0.0015926,-0.0015926,1.367e-05,0.00097124,0.00012829,-0.013118,0.0091249
-0.004144,0.0014416,-0.0079392,-0.0028787,-0.0064722,-0.00088543,0.00023769,0.0055264,-0.012229,-0.027823,0.066811,-0.059236,-0.014489,-0.068153,0.050234,0.0057577,-0.023005,-0.01853,-0.0015926,0.98015,-0.019852,-0.019852,-1.0118e-05,0.002652,3.2498e-05,-0.03328,-0.014425
-0.004144,0.0014416,-0.0079392,-0.0028787,-0.0064722,-0.00088543,0.00023769,0.0055264,-0.012229,-0.027823,0.066811,-0.059236,-0.014489,-0.068153,0.050234,0.0057577,-0.023005,-0.01853,-0.0015926,-0.019852,0.98015,-0.019852,-1.0118e-05,0.002652,3.2498e-05,-0.03328,-0.014425
-0.004144,0.0014416,-0.0079392,-0.0028787,-0.0064722,-0.00088543,0.00023769,0.0055264,-0.012229,-0.027823,0.066811,-0.059236,-0.014489,-0.068153,0.050234,0.0057577,-0.023005,-0.01853,-0.0015926,-0.019852,-0.019852,0.98015,-1.0118e-05,0.002652,3.2498e-05,-0.03328,-0.014425
-6.667e-05,-5.5109e-05,-3.6799e-05,-8.1358e-05,6.9186e-05,-4.5944e-05,-6.9241e-05,-1.2188e-05,-2.6956e-05,0.00033365,-5.9479e-05,-0.00011856,7.9681e-05,3.9377e-05,0.00015021,-2.7959e-05,0.00015194,0.00024123,1.367e-05,-1.0118e-05,-1.0118e-05,-1.0118e-05,1,-1.6701e-05,-2.8686e-06,-0.00033894,-0.00058185
0.00034625,0.0031017,-0.00025531,-0.0037849,0.0038049,0.0046078,0.0032309,-0.00095743,-8.0055e-05,0.018457,-0.0041508,-0.00296,-0.030601,0.042432,0.0049299,0.032778,-0.025971,0.017643,0.00097124,0.002652,0.002652,0.002652,-1.6701e-05,0.99375,-0.00014045,0.014659,-0.026714
-0.00025707,-0.00021211,-0.00016884,-0.0002334,-0.00014704,-0.00011516,-0.00015218,-0.00013105,-0.00021166,-0.00015537,-0.0002583,-4.1063e-05,-0.00014893,-0.00023642,-0.00023579,-0.00015351,-0.00012923,-0.00026041,0.00012829,3.2498e-05,3.2498e-05,3.2498e-05,-2.8686e-06,-0.00014045,9.3145e-07,0.00033619,-0.00036125
-0.018183,-0.016459,-0.014855,0.022597,-0.024426,-0.0436,-0.039837,-6.9677e-05,0.0048081,-0.1467,-0.058599,0.029594,0.0035511,-0.096965,-0.13291,-0.047314,-0.021917,-0.13098,-0.013118,-0.03328,-0.03328,-0.03328,-0.00033894,0.014659,0.00033619,0.23112,-0.30945
-0.047589,-0.028066,-0.031534,-0.063275,0.049872,-0.022726,-0.041073,-0.0078793,-0.024012,0.23842,-0.023243,-0.11552,-0.050657,0.1053,0.12193,0.079884,0.0025004,0.18293,0.0091249,-0.014425,-0.014425,-0.014425,-0.00058185,-0.026714,-0.00036125,-0.30945,0.4818
71.982,71.982,71.982,71.982,71.982,71.982,71.982,71.982,71.982,71.982,71.982,71.982,71.982,71.982,71.982,71.982,71.982,71.982,71.982,71.982,71.982,71.982,71.982,71.982,71.982,71.982,71.982
