550.67,625.74,695.1,726.29,35.14,641.52,834.12,1119.9,478.41,108.19
268.32,412.5,584.31,596.74,13.138,401.47,586.24,1041.8,-5.3515,35.213
674.72,819.9,827.45,853.25,81.375,1068.2,960.16,1232.5,643.26,186.75
0.20528,0.19857,-0.040586,0.27807,0.0047512,0.10042,0.035203,0.063507,-0.036913,-0.16724
0.19857,0.42784,-0.25492,0.033536,0.014249,0.20807,0.15041,0.25559,0.047512,-0.074413
-0.040586,-0.25492,0.85488,0.051686,0.013765,0.17466,0.047168,0.12801,-0.046647,-0.057206
0.27807,0.033536,0.051686,0.85702,0.0050745,0.0069587,-0.10451,-0.097952,-0.10491,0.099085
0.0047512,0.014249,0.013765,0.0050745,0.99575,-0.041428,0.01852,0.00016252,0.04159,-0.0023731
0.10042,0.20807,0.17466,0.0069587,-0.041428,0.57765,0.13551,-0.052067,0.37028,0.011704
0.035203,0.15041,0.047168,-0.10451,0.01852,0.13551,0.80425,-0.13875,-0.27426,0.085123
0.063507,0.25559,0.12801,-0.097952,0.00016252,-0.052067,-0.13875,0.83445,-0.11347,0.089189
-0.036913,0.047512,-0.046647,-0.10491,0.04159,0.37028,-0.27426,-0.11347,0.51626,0.077483
-0.16724,-0.074413,-0.057206,0.099085,-0.0023731,0.011704,0.085123,0.089189,0.077483,0.92668
33.595,33.595,33.595,33.595,33.595,33.595,33.595,33.595,33.595,33.595
