172.31,0.65887,0.68392,0.72879,0.030902,0.59728,0.83265,1.0982,0.50096,0.11506
68.69,0.4125,0.58431,0.59674,0.013138,0.40147,0.58623,1.0114,-0.0053515,0.035213
297.67,0.8199,0.82745,0.85325,0.081375,1.0682,0.96016,1.2325,0.64326,0.18675
0.0010996,0.16475,0.66709,0.26767,0.033981,0.39125,0.18325,0.34212,-0.049132,-0.30048
0.16475,294.21,-56.962,-159.41,18.188,209.69,156.05,273.11,63.413,9.6784
0.66709,-56.962,657.89,297.48,10.328,185.4,39.939,110.6,-74.803,-170.3
0.26767,-159.41,297.48,617.73,10.643,18.569,-86.806,-60.523,-79.095,198.8
0.033981,18.188,10.328,10.643,995.76,-40.235,18.625,0.46901,40.704,-5.2345
0.39125,209.69,185.4,18.569,-40.235,592.35,140.72,-40.881,366.76,1.1166
0.18325,156.05,39.939,-86.806,18.625,140.72,809.05,-132.46,-273.17,74.271
0.34212,273.11,110.6,-60.523,0.46901,-40.881,-132.46,843.77,-115.34,67.465
-0.049132,63.413,-74.803,-79.095,40.704,366.76,-273.17,-115.34,517.9,66.349
-0.30048,9.6784,-170.3,198.8,-5.2345,1.1166,74.271,67.465,66.349,887.78
