0,54.945,219.61,448.5,9.7409,403.03,883.06,1082.7,666.61,38.007
1299.7,192.98,368.63,840.92,14.157,460.14,993.3,1224,790.5,64.104
9.2539e-06,-8.5184e-05,-4.5535e-05,-2.6625e-05,0.00014343,4.6189e-05,0.00058734,-0.00024662,-0.0002864,0.00028975
-8.5184e-05,0.0086109,0.0066113,-0.00052665,0.01916,-0.0033076,-0.011868,0.0058042,0.0091201,-0.0020134
-4.5535e-05,0.0066113,0.0066309,6.0358e-05,0.020934,-0.0046651,-0.018321,0.0074661,0.012187,-0.0033588
-2.6625e-05,-0.00052665,6.0358e-05,0.00046583,-0.001178,-0.00057926,-0.006226,0.0022096,0.0027793,-0.0025705
0.00014343,0.01916,0.020934,-0.001178,0.94932,-0.039691,-0.13383,0.05321,0.092978,-0.059582
4.6189e-05,-0.0033076,-0.0046651,-0.00057926,-0.039691,0.33986,0.021304,-0.34056,0.31953,0.0031251
0.00058734,-0.011868,-0.018321,-0.006226,-0.13383,0.021304,0.1923,-0.077979,-0.099022,0.073024
-0.00024662,0.0058042,0.0074661,0.0022096,0.05321,-0.34056,-0.077979,0.36611,-0.29347,-0.031511
-0.0002864,0.0091201,0.012187,0.0027793,0.092978,0.31953,-0.099022,-0.29347,0.38692,-0.034553
0.00028975,-0.0020134,-0.0033588,-0.0025705,-0.059582,0.0031251,0.073024,-0.031511,-0.034553,0.0532
53.71,53.71,53.71,53.71,53.71,53.71,53.71,53.71,53.71,53.71
438.11,128.18,285.84,635.08,12.462,425.93,918.84,1130.6,704.7,51.188
1,1,1,1,1,1,1,1,1,1
