0.32805,0.12017,-0.29971,0.13109,0.064046,0.25269,0.27151,0.13007,0.07524,0.19231,0.61785,0.48595,0.31302,0.27495,0.5965,0.71204,0.40834,0.14793,-0.63024,-0.0036578,-0.0036578,-0.0036578,0.0026919,0.032508,36.104,0.20855,-0.064216
0.22357,0.029493,-0.49414,0.028838,0.0078949,0.0061483,0.16608,0.0068112,0.00015388,0.022329,0.10756,0.0081755,0.01574,0.0071024,0.01873,0.0068851,0.055555,0.032638,-1.0682,-0.047591,-0.047591,-0.047591,3.1422e-06,-0.040355,-60.753,-0.14363,-0.36471
0.54719,0.24742,-0.1797,0.24918,0.17213,0.49639,0.47033,0.32037,0.147,0.57158,0.99513,0.99243,0.99938,0.99265,0.99941,0.9963,0.99163,0.33502,-0.40147,0.027806,0.027806,0.027806,0.011042,0.087471,147.46,0.64879,0.35686
9004.5,-766.07,781.93,-686.4,46.198,-736.2,-872.54,-468.35,-200.78,1159.2,-529.06,-297.36,219.05,547.98,81.203,138.58,702.96,390.13,1557.1,251.85,251.85,251.85,-31,-378.49,1.2793,289.55,-368.56
-766.07,9264,541.81,-563.61,238.55,-476.42,-677.86,-325.63,-331.73,798.57,-442.76,-702.67,443.09,762.3,155.77,794.1,58.911,580.26,1042.7,294.31,294.31,294.31,-26.573,-326.29,1.1833,43.808,-165.62
781.93,541.81,9360.7,521.62,39.309,619.35,684.96,374.11,88.713,-942.31,370.15,31.069,-82.809,-292.26,-42.633,179.23,-748.9,-213.43,-1275.9,-161.01,-161.01,-161.01,23.075,282.01,-0.95116,-330.99,382.25
-686.4,-563.61,521.62,9475,-50.031,-418.52,-587.37,-339.36,-155.56,951.35,-373.12,-472.75,-236.23,462.78,217.98,401.12,308.38,134.52,1104.1,152.03,152.03,152.03,-22.363,-299.71,1.5531,-0.58311,-74.664
46.198,238.55,39.309,-50.031,9256.7,135.94,103.88,-112.27,370.19,572.89,154.9,530.35,-2003.4,-96.804,283.57,-414.53,221.15,-973.12,349.07,-304.76,-304.76,-304.76,5.4549,-48.478,0.87664,222.71,200.47
-736.2,-476.42,619.35,-418.52,135.94,9287,-668.82,-322.64,-93.954,658.53,-381.38,181.46,785.64,39.928,-200.74,-583.52,994.83,422.84,1139.9,201.57,201.57,201.57,-21.205,-203.29,0.96034,421.82,-535.08
-872.54,-677.86,684.96,-587.37,103.88,-668.82,9222.8,-370.17,-209.2,981.38,-349.94,-309.25,385.33,409.55,143.2,85.495,650.7,448.09,1306.7,249.94,249.94,249.94,-26.841,-322.04,-0.69871,276.39,-497.96
-468.35,-325.63,374.11,-339.36,-112.27,-322.64,-370.17,9609.5,30.391,504.63,-873.36,217,-217.18,486.66,-510.36,19.366,321.02,-132.56,940.32,33.502,33.502,33.502,-16.098,-179.43,3.3499,10.74,511.18
-200.78,-331.73,88.713,-155.56,370.19,-93.954,-209.2,30.391,9681.4,101.45,71.772,-845.91,767.1,191,305.61,698.82,-246.93,565.92,29.066,222.26,222.26,222.26,-9.1186,-91.989,-0.79624,-287.57,-242.93
1159.2,798.57,-942.31,951.35,572.89,658.53,981.38,504.63,101.45,7656.8,-192.28,1316.5,1655.1,194.26,-1278.2,-162.68,-1081.9,289.77,-2068.1,-80.368,-80.368,-80.368,35.317,543.12,5.4679,-117.45,128.49
-529.06,-442.76,370.15,-373.12,154.9,-381.38,-349.94,-873.36,71.772,-192.28,6351.2,1129.4,606.59,1458.7,-2675.2,297.09,252.18,-789.43,1301.8,51.764,51.764,51.764,-24.227,-124.61,-2.0307,-2321.9,1557.3
-297.36,-702.67,31.069,-472.75,530.35,181.46,-309.25,217,-845.91,1316.5,1129.4,4773.5,606.04,-1961.4,2101.3,1898.4,-156.03,907.13,61.133,348.46,348.46,348.46,-27.693,-245.27,-0.20316,-1426.5,2033.2
219.05,443.09,-82.809,-236.23,-2003.4,785.64,385.33,-217.18,767.1,1655.1,606.59,606.04,3744,783.59,1424.2,629.44,-758.6,-2598.6,605.22,-767.3,-767.3,-767.3,14.74,-257.7,-0.15434,175.52,554.44
547.98,762.3,-292.26,462.78,-96.804,39.928,409.55,486.66,191,194.26,1458.7,-1961.4,783.59,5399.8,857.03,-2646.4,2367.8,-405.96,-622.73,-247.28,-247.28,-247.28,13.813,408.44,3.5304,-862.67,1187.5
81.203,155.77,-42.633,217.98,283.57,-200.74,143.2,-510.36,305.61,-1278.2,-2675.2,2101.3,1424.2,857.03,6958.2,-795.62,197.34,-200.76,287.86,-68.98,-68.98,-68.98,-2.9207,197.4,0.012142,-189.71,1927.2
138.58,794.1,179.23,401.12,-414.53,-583.52,85.495,19.366,698.82,-162.68,297.09,1898.4,629.44,-2646.4,-795.62,6019.6,2838.6,-653.27,304.16,-332.57,-332.57,-332.57,14.51,355.87,0.47858,834.55,-405.38
702.96,58.911,-748.9,308.38,221.15,994.83,650.7,321.02,-246.93,-1081.9,252.18,-156.03,-758.6,2367.8,197.34,2838.6,6943.7,411.87,-1486.4,27.187,27.187,27.187,17.161,30.748,5.2951,425.49,430.41
390.13,580.26,-213.43,134.52,-973.12,422.84,448.09,-132.56,565.92,289.77,-789.43,907.13,-2598.6,-405.96,-200.76,-653.27,411.87,7821.7,62.6,-508.94,-508.94,-508.94,16.843,105.92,0.32035,-2123.1,84.167
1557.1,1042.7,-1275.9,1104.1,349.07,1139.9,1306.7,940.32,29.066,-2068.1,1301.8,61.133,605.22,-622.73,287.86,304.16,-1486.4,62.6,7159.7,-182.61,-182.61,-182.61,48.869,592.81,-4.9664,-465.45,-353.41
251.85,294.31,-161.01,152.03,-304.76,201.57,249.94,33.502,222.26,-80.368,51.764,348.46,-767.3,-247.28,-68.98,-332.57,27.187,-508.94,-182.61,9807.2,-192.8,-192.8,8.9779,84.646,0.3642,8.4435,346.84
251.85,294.31,-161.01,152.03,-304.76,201.57,249.94,33.502,222.26,-80.368,51.764,348.46,-767.3,-247.28,-68.98,-332.57,27.187,-508.94,-182.61,-192.8,9807.2,-192.8,8.9779,84.646,0.3642,8.4435,346.84
251.85,294.31,-161.01,152.03,-304.76,201.57,249.94,33.502,222.26,-80.368,51.764,348.46,-767.3,-247.28,-68.98,-332.57,27.187,-508.94,-182.61,-192.8,-192.8,9807.2,8.9779,84.646,0.3642,8.4435,346.84
-31,-26.573,23.075,-22.363,5.4549,-21.205,-26.841,-16.098,-9.1186,35.317,-24.227,-27.693,14.74,13.813,-2.9207,14.51,17.161,16.843,48.869,8.9779,8.9779,8.9779,9998.9,-12.091,0.16603,5.2082,17.197
-378.49,-326.29,282.01,-299.71,-48.478,-203.29,-322.04,-179.43,-91.989,543.12,-124.61,-245.27,-257.7,408.44,197.4,355.87,30.748,105.92,592.81,84.646,84.646,84.646,-12.091,9817.3,1.2273,151.34,-81.948
1.2793,1.1833,-0.95116,1.5531,0.87664,0.96034,-0.69871,3.3499,-0.79624,5.4679,-2.0307,-0.20316,-0.15434,3.5304,0.012142,0.47858,5.2951,0.32035,-4.9664,0.3642,0.3642,0.3642,0.16603,1.2273,0.012682,0.80859,0.6888
289.55,43.808,-330.99,-0.58311,222.71,421.82,276.39,10.74,-287.57,-117.45,-2321.9,-1426.5,175.52,-862.67,-189.71,834.55,425.49,-2123.1,-465.45,8.4435,8.4435,8.4435,5.2082,151.34,0.80859,2135.2,-1455.2
-368.56,-165.62,382.25,-74.664,200.47,-535.08,-497.96,511.18,-242.93,128.49,1557.3,2033.2,554.44,1187.5,1927.2,-405.38,430.41,84.167,-353.41,346.84,346.84,346.84,17.197,-81.948,0.6888,-1455.2,2066.9
