0.23485,0.2268,-0.041898,0.17892,0.13262,0.04595,0.13046,0.18232,0.028161,0.068193,0.99566,0.050563,0.99324,0.064293,0.082901,0.081251,0.056019,0.99376,-0.66328,0.60093,0.60093,0.60093,2.4141e-05,0.096297,79.685,0.06543,-0.24444,0.35931,0.18103,0.30816,0.31944,0.057573,0.1485,0.13096,0.059023,0.32098,0.04328,0.12034,0.98944,0.6041,0.54757,0.12123,0.55676,0.60288,0.048893,-0.034124,0.68173,0.68173,0.68173,0.0012308,0.080561,2.1421,-0.1884,-0.22876
0.19512,0.18909,-0.085287,0.15727,0.063498,0.019805,0.059948,0.16771,0.0058568,0.0452,0.99395,0.012854,0.98907,0.046206,0.019773,0.021976,0.023644,0.98916,-0.93896,0.4525,0.4525,0.4525,3.265e-06,0.086901,7.8995,-0.078212,-0.52549,0.24857,0.096069,0.19336,0.22065,0.032141,0.055391,0.044463,0.021097,0.21039,0.0071662,0.03426,0.98113,0.035726,0.049855,0.050349,0.048033,0.034289,0.012328,-0.05757,0.49687,0.49687,0.49687,3.6114e-06,0.011139,-34.905,-0.52754,-0.53333
0.29888,0.29878,0.007715,0.19436,0.22619,0.07762,0.23512,0.19484,0.052718,0.096674,0.99779,0.09022,0.99874,0.094615,0.11586,0.11132,0.096754,0.99862,-0.5011,0.8877,0.8877,0.8877,5.4419e-05,0.10813,118.6,0.32103,-0.031372,0.57731,0.28537,0.50185,0.5015,0.086336,0.27264,0.26577,0.11148,0.51206,0.070584,0.18,0.99806,0.99749,0.98858,0.16691,0.99934,0.99817,0.097581,0.00054264,1.0058,1.0058,1.0058,0.0036834,0.13422,27.099,0.46465,0.0078431
10000,-0.031958,-0.017874,-0.0097031,-0.036377,0.007569,-0.042126,-0.0037706,0.0069741,0.013661,-0.00080257,-0.0072722,-0.0027113,0.01241,0.027418,0.026109,-0.0040106,-0.001677,0.12613,-0.12694,-0.12694,-0.12694,-1.2469e-06,0.0026263,-6.0899,-0.10887,-0.13019,-0.095333,-0.03891,-0.088795,-0.081549,-0.014948,-0.047968,-0.055167,0.023684,-0.087041,0.017795,0.0037112,-0.0016468,0.22655,-0.13534,0.0011859,-0.13388,0.22627,0.022439,-0.016501,-0.14705,-0.14705,-0.14705,-0.0010768,0.034454,-16.117,-0.28401,-0.064723
-0.031958,10000,-0.019676,-0.010205,-0.039737,0.0085447,-0.045865,-0.0038039,0.0077992,0.01442,-0.00087968,-0.0070881,-0.0029007,0.012983,0.029644,0.028194,-0.0036072,-0.0018546,0.13576,-0.13702,-0.13702,-0.13702,-8.3958e-07,0.0029783,-7.616,-0.11791,-0.13717,-0.10301,-0.042681,-0.095559,-0.087933,-0.015927,-0.052429,-0.059969,0.024919,-0.093721,0.019039,0.0025636,-0.001611,0.24688,-0.15169,0.00012512,-0.15032,0.24661,0.023635,-0.017703,-0.15838,-0.15838,-0.15838,-0.0011631,0.036841,-16.922,-0.30704,-0.073607
-0.017874,-0.019676,10000,-0.0050358,-0.024095,0.0059887,-0.027365,-0.0013872,0.0052571,0.0072746,-0.00054212,-0.0018001,-0.0015806,0.0061994,0.017081,0.016143,7.1482e-05,-0.0011906,0.076425,-0.078279,-0.078279,-0.078279,1.0159e-06,0.0021254,-7.4306,-0.068544,-0.068445,-0.059173,-0.026395,-0.053747,-0.04997,-0.0084865,-0.031883,-0.035506,0.012329,-0.052863,0.010376,-0.0027957,-0.00042847,0.14797,-0.10322,-0.0033401,-0.10303,0.14792,0.011773,-0.009794,-0.089488,-0.089488,-0.089488,-0.0006669,0.020017,-8.2655,-0.17681,-0.053114
-0.0097031,-0.010205,-0.0050358,10000,-0.010781,0.0017637,-0.012749,-0.0016634,0.0017533,0.004921,-0.00023268,-0.0036385,-0.0009094,0.0046713,0.0086568,0.0083039,-0.0025299,-0.00045775,0.040879,-0.040474,-0.040474,-0.040474,-1.2751e-06,0.00058862,-0.13465,-0.034019,-0.047332,-0.030207,-0.011226,-0.028807,-0.026157,-0.0051254,-0.014161,-0.016858,0.0086705,-0.028151,0.0059675,0.0036831,-0.00081368,0.068171,-0.033439,0.0023799,-0.032623,0.068019,0.008169,-0.0054489,-0.047468,-0.047468,-0.047468,-0.00034188,0.01159,-5.9613,-0.089733,-0.014145
-0.036377,-0.039737,-0.024095,-0.010781,10000,0.01123,-0.054337,-0.0034096,0.0099905,0.015431,-0.0010636,-0.0053777,-0.0032499,0.013458,0.034367,0.032558,-0.001509,-0.0023017,0.15515,-0.15801,-0.15801,-0.15801,8.9101e-07,0.0039616,-12.611,-0.13745,-0.14585,-0.1192,-0.051721,-0.10915,-0.10108,-0.017606,-0.062862,-0.070707,0.026366,-0.10724,0.021334,-0.00234,-0.0012463,0.29332,-0.19551,-0.0040969,-0.19467,0.29313,0.025107,-0.020018,-0.18141,-0.18141,-0.18141,-0.0013443,0.041205,-17.772,-0.35582,-0.098638
0.007569,0.0085447,0.0059887,0.0017637,0.01123,10000,0.012528,0.00018092,-0.0027177,-0.0026466,0.00025708,-0.0004261,0.00064637,-0.0020421,-0.0075081,-0.0070411,-0.0011772,0.00058841,-0.032635,0.034051,0.034051,0.034051,-1.2458e-06,-0.0011524,4.8877,0.030451,0.02444,0.025913,0.012563,0.022925,0.021594,0.0033622,0.014906,0.016115,-0.0043379,0.02263,-0.0042446,0.0035062,-7.8024e-05,-0.068086,0.053797,0.0032867,0.054034,-0.06812,-0.0041919,0.0040884,0.038391,0.038391,0.038391,0.00029141,-0.0081536,2.8418,0.077661,0.029051
-0.042126,-0.045865,-0.027365,-0.012749,-0.054337,0.012528,9999.9,-0.0042401,0.011217,0.018182,-0.001212,-0.0070804,-0.0037799,0.016004,0.0396,0.037556,-0.0025706,-0.002605,0.17947,-0.18234,-0.18234,-0.18234,4.4653e-07,0.0044066,-13.355,-0.15814,-0.17217,-0.13742,-0.0589,-0.12628,-0.11674,-0.020554,-0.071788,-0.081106,0.031166,-0.12401,0.024812,-0.0010433,-0.0016295,0.33578,-0.21917,-0.0034008,-0.21796,0.33552,0.029644,-0.023224,-0.20973,-0.20973,-0.20973,-0.0015503,0.047948,-21.053,-0.41004,-0.10952
-0.0037706,-0.0038039,-0.0013872,-0.0016634,-0.0034096,0.00018092,-0.0042401,10000,0.00030806,0.0022419,-6.9517e-05,-0.0023165,-0.00037081,0.0022581,0.0031551,0.003071,-0.0018542,-0.00011391,0.015679,-0.015043,-0.015043,-0.015043,-1.1149e-06,3.7055e-05,1.2701,-0.012137,-0.021844,-0.011088,-0.00331,-0.011069,-0.0098351,-0.0021675,-0.0044359,-0.0057311,0.0040399,-0.010754,0.0024324,0.003195,-0.00051326,0.022369,-0.0053317,0.0023469,-0.004773,0.022267,0.0037773,-0.0021622,-0.018069,-0.018069,-0.018069,-0.00012602,0.0047489,-2.8165,-0.032751,-0.00051476
0.0069741,0.0077992,0.0052571,0.0017533,0.0099905,-0.0027177,0.011217,0.00030806,10000,-0.0025895,0.00022731,2.0649e-05,0.00060355,-0.0020844,-0.0068224,-0.0064163,-0.00068585,0.00051288,-0.029976,0.031061,0.031061,0.031061,-8.6424e-07,-0.00097406,3.8981,0.027562,0.024099,0.023579,0.011094,0.021066,0.019746,0.0031785,0.013246,0.014473,-0.004304,0.020766,-0.003963,0.002423,1.8339e-05,-0.060847,0.04606,0.0023773,0.046169,-0.060859,-0.0041384,0.0037876,0.035201,0.035201,0.035201,0.00026538,-0.0076251,2.8474,0.070587,0.024487
0.013661,0.01442,0.0072746,0.004921,0.015431,-0.0026466,0.018182,0.0022419,-0.0025895,10000,0.00033436,0.0048303,0.0012747,-0.0064333,-0.012256,-0.011742,0.0032795,0.0006652,-0.057621,0.057207,0.057207,0.057207,1.5945e-06,-0.00089085,0.61813,0.048247,0.065522,0.042739,0.016146,0.040599,0.036933,0.0071592,0.020284,0.024,-0.01199,0.039694,-0.008365,-0.0046139,0.0010817,-0.097316,0.049562,-0.0028899,0.048492,-0.097115,-0.011306,0.0076572,0.066954,0.066954,0.066954,0.00048356,-0.016238,8.2311,0.12702,0.021529
-0.00080257,-0.00087968,-0.00054212,-0.00023268,-0.0010636,0.00025708,-0.001212,-6.9517e-05,0.00022731,0.00033436,10000,-0.00010197,-7.1378e-05,0.00028874,0.00076206,0.00072119,-1.7196e-05,-5.1963e-05,0.0034267,-0.0034988,-0.0034988,-0.0034988,3.1104e-08,9.0943e-05,-0.30267,-0.0030524,-0.0031541,-0.0026417,-0.0011605,-0.0024104,-0.002236,-0.00038517,-0.0014066,-0.0015751,0.0005693,-0.0023693,0.00046857,-8.4217e-05,-2.3855e-05,0.0065474,-0.0044551,-0.00011666,-0.0044409,0.0065441,0.00054277,-0.00044082,-0.0040093,-0.0040093,-0.0040093,-2.9785e-05,0.00090454,-0.38284,-0.0078892,-0.0022682
-0.0072722,-0.0070881,-0.0018001,-0.0036385,-0.0053777,-0.0004261,-0.0070804,-0.0023165,2.0649e-05,0.0048303,-0.00010197,10000,-0.00074194,0.0050357,0.0057643,0.0056835,-0.0049147,-0.00012142,0.029922,-0.02796,-0.02796,-0.02796,-3.1021e-06,-0.00022303,4.4813,-0.021746,-0.047433,-0.020387,-0.0047671,-0.021156,-0.018463,-0.0044506,-0.0069158,-0.0097938,0.0088222,-0.020456,0.0048656,0.0088722,-0.0012927,0.036809,0.0014897,0.0067113,0.0029386,0.036548,0.0082115,-0.0042391,-0.03427,-0.03427,-0.03427,-0.00023254,0.009536,-6.2004,-0.059909,0.0066613
-0.0027113,-0.0029007,-0.0015806,-0.0009094,-0.0032499,0.00064637,-0.0037799,-0.00037081,0.00060355,0.0012747,-7.1378e-05,-0.00074194,10000,0.0011705,0.0024825,0.0023678,-0.00044172,-0.00014738,0.011486,-0.011518,-0.011518,-0.011518,-1.6772e-07,0.00022283,-0.44018,-0.0098352,-0.012175,-0.0086384,-0.0034572,-0.0080878,-0.0074091,-0.0013787,-0.0042819,-0.0049601,0.0022186,-0.0079225,0.0016329,0.00049222,-0.00016737,0.020304,-0.011676,0.00023211,-0.011522,0.020274,0.0020991,-0.0015089,-0.013379,-0.013379,-0.013379,-9.7612e-05,0.0031638,-1.5135,-0.025719,-0.0054689
0.01241,0.012983,0.0061994,0.0046713,0.013458,-0.0020421,0.016004,0.0022581,-0.0020844,-0.0064333,0.00028874,0.0050357,0.0011705,10000,-0.010983,-0.010554,0.0036044,0.00055836,-0.052195,0.051475,0.051475,0.051475,1.893e-06,-0.00067167,-0.38767,0.04305,0.061998,0.038358,0.013912,0.036791,0.033314,0.0066297,0.01766,0.021214,-0.011373,0.035925,-0.0076802,-0.0054573,0.0011241,-0.085444,0.039523,-0.0036459,0.038377,-0.085231,-0.010703,0.0069879,0.060551,0.060551,0.060551,0.00043436,-0.014927,7.836,0.11387,0.015981
0.027418,0.029644,0.017081,0.0086568,0.034367,-0.0075081,0.0396,0.0031551,-0.0068224,-0.012256,0.00076206,0.0057643,0.0024825,-0.010983,10000,-0.024244,0.0027889,0.0016136,-0.11655,0.1178,0.1178,0.1178,5.028e-07,-0.0026225,6.9985,0.10154,0.11648,0.088607,0.036987,0.082029,0.075558,0.013603,0.045357,0.051738,-0.021144,0.080473,-0.016295,-0.0015801,0.001313,-0.21326,0.13284,0.00039198,0.13174,-0.21304,-0.020066,0.015173,0.13602,0.13602,0.13602,0.0010003,-0.031522,14.343,0.26417,0.0649
0.026109,0.028194,0.016143,0.0083039,0.032558,-0.0070411,0.037556,0.003071,-0.0064163,-0.011742,0.00072119,0.0056835,0.0023678,-0.010554,-0.024244,10000,0.0028433,0.0015228,-0.11094,0.11203,0.11203,0.11203,6.1218e-07,-0.0024561,6.3797,0.096463,0.11166,0.084238,0.034995,0.078087,0.071881,0.012992,0.042962,0.049092,-0.020279,0.076592,-0.015541,-0.0018845,0.0012927,-0.20219,0.12484,6.7077e-05,0.12375,-0.20198,-0.019238,0.014458,0.12944,0.12944,0.12944,0.00095105,-0.03007,13.766,0.2511,0.060729
-0.0040106,-0.0036072,7.1482e-05,-0.0025299,-0.001509,-0.0011772,-0.0025706,-0.0018542,-0.00068585,0.0032795,-1.7196e-05,-0.0049147,-0.00044172,0.0036044,0.0027889,0.0028433,10000,5.2519e-05,0.016116,-0.014139,-0.014139,-0.014139,-2.8679e-06,-0.00048105,4.9415,-0.009971,-0.032606,-0.01003,-0.00066331,-0.011433,-0.0095675,-0.0027829,-0.0018207,-0.0038698,0.0061181,-0.010935,0.0028953,0.0081877,-0.001081,0.0126,0.015135,0.0063576,0.016385,0.012377,0.0056547,-0.0024215,-0.018196,-0.018196,-0.018196,-0.00011547,0.0057171,-4.3534,-0.029081,0.012979
-0.001677,-0.0018546,-0.0011906,-0.00045775,-0.0023017,0.00058841,-0.002605,-0.00011391,0.00051288,0.0006652,-5.1963e-05,-0.00012142,-0.00014738,0.00055836,0.0016136,0.0015228,5.2519e-05,10000,0.0071814,-0.0073805,-0.0073805,-0.0073805,1.2789e-07,0.00020949,-0.76671,-0.006488,-0.0062403,-0.005586,-0.0025318,-0.0050494,-0.0047058,-0.00078699,-0.0030475,-0.0033745,0.0011215,-0.0049696,0.00096759,-0.00035506,-2.9838e-05,0.0141,-0.010087,-0.00038816,-0.010082,0.014097,0.0010729,-0.00091656,-0.008416,-0.008416,-0.008416,-6.2931e-05,0.0018652,-0.74921,-0.0167,-0.0052454
0.12613,0.13576,0.076425,0.040879,0.15515,-0.032635,0.17947,0.015679,-0.029976,-0.057621,0.0034267,0.029922,0.011486,-0.052195,-0.11655,-0.11094,0.016116,0.0071814,9999.5,0.5393,0.5393,0.5393,4.6498e-06,-0.011341,27.205,0.46303,0.54882,0.40515,0.16618,0.37687,0.34634,0.063239,0.20462,0.23491,-0.099794,0.36949,-0.075385,-0.013922,0.0067833,-0.96548,0.58215,-0.0035614,0.5762,-0.96432,-0.094581,0.069966,0.62428,0.62428,0.62428,0.0045756,-0.14593,67.864,1.2072,0.27976
-0.12694,-0.13702,-0.078279,-0.040474,-0.15801,0.034051,-0.18234,-0.015043,0.031061,0.057207,-0.0034988,-0.02796,-0.011518,0.051475,0.1178,0.11203,-0.014139,-0.0073805,0.5393,9999.5,-0.54442,-0.54442,-3.2007e-06,0.011872,-30.539,-0.4686,-0.54412,-0.40932,-0.16976,-0.37961,-0.34936,-0.063227,-0.20849,-0.23838,0.098837,-0.37232,0.075601,0.0098007,-0.0063565,0.98156,-0.60421,0.00018874,-0.5988,0.98049,0.093752,-0.070311,-0.62921,-0.62921,-0.62921,-0.0046214,0.14629,-67.109,-1.2201,-0.29346
-0.12694,-0.13702,-0.078279,-0.040474,-0.15801,0.034051,-0.18234,-0.015043,0.031061,0.057207,-0.0034988,-0.02796,-0.011518,0.051475,0.1178,0.11203,-0.014139,-0.0073805,0.5393,-0.54442,9999.5,-0.54442,-3.2007e-06,0.011872,-30.539,-0.4686,-0.54412,-0.40932,-0.16976,-0.37961,-0.34936,-0.063227,-0.20849,-0.23838,0.098837,-0.37232,0.075601,0.0098007,-0.0063565,0.98156,-0.60421,0.00018874,-0.5988,0.98049,0.093752,-0.070311,-0.62921,-0.62921,-0.62921,-0.0046214,0.14629,-67.109,-1.2201,-0.29346
-0.12694,-0.13702,-0.078279,-0.040474,-0.15801,0.034051,-0.18234,-0.015043,0.031061,0.057207,-0.0034988,-0.02796,-0.011518,0.051475,0.1178,0.11203,-0.014139,-0.0073805,0.5393,-0.54442,-0.54442,9999.5,-3.2007e-06,0.011872,-30.539,-0.4686,-0.54412,-0.40932,-0.16976,-0.37961,-0.34936,-0.063227,-0.20849,-0.23838,0.098837,-0.37232,0.075601,0.0098007,-0.0063565,0.98156,-0.60421,0.00018874,-0.5988,0.98049,0.093752,-0.070311,-0.62921,-0.62921,-0.62921,-0.0046214,0.14629,-67.109,-1.2201,-0.29346
-1.2469e-06,-8.3958e-07,1.0159e-06,-1.2751e-06,8.9101e-07,-1.2458e-06,4.4653e-07,-1.1149e-06,-8.6424e-07,1.5945e-06,3.1104e-08,-3.1021e-06,-1.6772e-07,1.893e-06,5.028e-07,6.1218e-07,-2.8679e-06,1.2789e-07,4.6498e-06,-3.2007e-06,-3.2007e-06,-3.2007e-06,10000,-4.8386e-07,0.0038427,-1.2123e-06,-1.6156e-05,-1.9848e-06,1.6291e-06,-3.3356e-06,-2.4004e-06,-1.1718e-06,1.2952e-06,2.2674e-07,3.0718e-06,-3.0761e-06,1.098e-06,5.6218e-06,-6.798e-07,-3.2721e-06,1.8069e-05,4.4568e-06,1.888e-05,-3.4153e-06,2.8095e-06,-8.3097e-07,-4.9995e-06,-4.9995e-06,-4.9995e-06,-2.3975e-08,2.2052e-06,-0.0022255,-5.3451e-06,1.2724e-05
0.0026263,0.0029783,0.0021254,0.00058862,0.0039616,-0.0011524,0.0044066,3.7055e-05,-0.00097406,-0.00089085,9.0943e-05,-0.00022303,0.00022283,-0.00067167,-0.0026225,-0.0024561,-0.00048105,0.00020949,-0.011341,0.011872,0.011872,0.011872,-4.8386e-07,10000,1.8061,0.010656,0.0081926,0.0090454,0.0044467,0.007965,0.0075201,0.001152,0.005261,0.0056599,-0.0014493,0.0078675,-0.0014633,0.0013635,-4.3489e-05,-0.023968,0.019305,0.0012589,0.019407,-0.023983,-0.0014043,0.0014149,0.013352,0.013352,0.013352,0.00010168,-0.0028087,0.9444,0.027123,0.010495
-6.0899,-7.616,-7.4306,-0.13465,-12.611,4.8877,-13.355,1.2701,3.8981,0.61813,-0.30267,4.4813,-0.44018,-0.38767,6.9985,6.3797,4.9415,-0.76671,27.205,-30.539,-30.539,-30.539,0.0038427,1.8061,4.1773,-29.463,-3.8397,-23.829,-14.933,-19.021,-18.883,-1.899,-16.886,-16.725,0.41516,-19.058,2.895,-10.908,0.96637,73.681,-78.417,-9.1648,-79.717,73.903,0.60848,-3.0841,-32.617,-32.617,-32.617,-0.26581,5.4358,6.0581,-72.202,-46.216
-0.10887,-0.11791,-0.068544,-0.034019,-0.13745,0.030451,-0.15814,-0.012137,0.027562,0.048247,-0.0030524,-0.021746,-0.0098352,0.04305,0.10154,0.096463,-0.009971,-0.006488,0.46303,-0.4686,-0.4686,-0.4686,-1.2123e-06,0.010656,-29.463,9999.6,-0.45812,-0.35265,-0.1482,-0.32587,-0.30043,-0.053791,-0.18145,-0.20647,0.083106,-0.31977,0.064557,0.0040412,-0.0049639,0.85201,-0.53715,-0.0033567,-0.5331,0.8512,0.078913,-0.06019,-0.54056,-0.54056,-0.54056,-0.0039804,0.12485,-56.317,-1.0516,-0.264
-0.13019,-0.13717,-0.068445,-0.047332,-0.14585,0.02444,-0.17217,-0.021844,0.024099,0.065522,-0.0031541,-0.047433,-0.012175,0.061998,0.11648,0.11166,-0.032606,-0.0062403,0.54882,-0.54412,-0.54412,-0.54412,-1.6156e-05,0.0081926,-3.8397,-0.45812,9999.4,-0.4063,-0.15224,-0.38672,-0.35147,-0.068501,-0.19165,-0.22746,0.11531,-0.378,0.079896,0.046707,-0.010615,0.92104,-0.46045,0.029747,-0.44988,0.91906,0.10868,-0.073043,-0.6375,-0.6375,-0.6375,-0.0045978,0.15513,-79.219,-1.2073,-0.19745
-0.095333,-0.10301,-0.059173,-0.030207,-0.1192,0.025913,-0.13742,-0.011088,0.023579,0.042739,-0.0026417,-0.020387,-0.0086384,0.038358,0.088607,0.084238,-0.01003,-0.005586,0.40515,-0.40932,-0.40932,-0.40932,-1.9848e-06,0.0090454,-23.829,-0.35265,-0.4063,9999.7,-0.1282,-0.28517,-0.26259,-0.047365,-0.1573,-0.17958,0.073773,-0.27974,0.0567,0.0061675,-0.0046405,0.73994,-0.45894,-0.00081993,-0.45504,0.73916,0.07,-0.052773,-0.47279,-0.47279,-0.47279,-0.0034753,0.10969,-50.06,-0.91769,-0.22376
-0.03891,-0.042681,-0.026395,-0.011226,-0.051721,0.012563,-0.0589,-0.00331,0.011094,0.016146,-0.0011605,-0.0047671,-0.0034572,0.013912,0.036987,0.034995,-0.00066331,-0.0025318,0.16618,-0.16976,-0.16976,-0.16976,1.6291e-06,0.0044467,-14.933,-0.1482,-0.15224,-0.1282,9999.9,-0.11689,-0.10847,-0.01864,-0.068403,-0.076525,0.02747,-0.1149,0.022695,-0.0044281,-0.001118,0.31824,-0.21749,-0.0059343,-0.21685,0.31809,0.026197,-0.021363,-0.19446,-0.19446,-0.19446,-0.0014454,0.043806,-18.463,-0.3829,-0.11094
-0.088795,-0.095559,-0.053747,-0.028807,-0.10915,0.022925,-0.12628,-0.011069,0.021066,0.040599,-0.0024104,-0.021156,-0.0080878,0.036791,0.082029,0.078087,-0.011433,-0.0050494,0.37687,-0.37961,-0.37961,-0.37961,-3.3356e-06,0.007965,-19.021,-0.32587,-0.38672,-0.28517,-0.11689,9999.7,-0.24379,-0.044539,-0.14395,-0.1653,0.070324,-0.26011,0.053084,0.0099783,-0.0047953,0.6793,-0.40908,0.0026497,-0.40486,0.67848,0.066647,-0.049262,-0.43946,-0.43946,-0.43946,-0.0032206,0.10276,-47.828,-0.84968,-0.19645
-0.081549,-0.087933,-0.04997,-0.026157,-0.10108,0.021594,-0.11674,-0.0098351,0.019746,0.036933,-0.002236,-0.018463,-0.0074091,0.033314,0.075558,0.071881,-0.0095675,-0.0047058,0.34634,-0.34936,-0.34936,-0.34936,-2.4004e-06,0.0075201,-18.883,-0.30043,-0.35147,-0.26259,-0.10847,-0.24379,9999.8,-0.040716,-0.13334,-0.15269,0.063867,-0.23908,0.04863,0.0072762,-0.004193,0.62827,-0.38389,0.00091151,-0.38028,0.62756,0.060562,-0.045193,-0.404,-0.404,-0.404,-0.0029651,0.094112,-43.389,-0.7826,-0.18575
-0.014948,-0.015927,-0.0084865,-0.0051254,-0.017606,0.0033622,-0.020554,-0.0021675,0.0031785,0.0071592,-0.00038517,-0.0044506,-0.0013787,0.0066297,0.013603,0.012992,-0.0027829,-0.00078699,0.063239,-0.063227,-0.063227,-0.063227,-1.1718e-06,0.001152,-1.899,-0.053791,-0.068501,-0.047365,-0.01864,-0.044539,-0.040716,10000,-0.023181,-0.027018,0.012499,-0.043604,0.0090478,0.0034175,-0.0010014,0.11029,-0.061315,0.0018471,-0.060367,0.11011,0.011813,-0.0083368,-0.073608,-0.073608,-0.073608,-0.00053541,0.01754,-8.5439,-0.14095,-0.028163
-0.047968,-0.052429,-0.031883,-0.014161,-0.062862,0.014906,-0.071788,-0.0044359,0.013246,0.020284,-0.0014066,-0.0069158,-0.0042819,0.01766,0.045357,0.042962,-0.0018207,-0.0030475,0.20462,-0.20849,-0.20849,-0.20849,1.2952e-06,0.005261,-16.886,-0.18145,-0.19165,-0.1573,-0.068403,-0.14395,-0.13334,-0.023181,9999.9,-0.093393,0.034636,-0.14144,0.028109,-0.0034281,-0.0016051,0.38757,-0.25929,-0.0056784,-0.25823,0.38734,0.032989,-0.026387,-0.23928,-0.23928,-0.23928,-0.0017739,0.054286,-23.337,-0.46959,-0.13103
-0.055167,-0.059969,-0.035506,-0.016858,-0.070707,0.016115,-0.081106,-0.0057311,0.014473,0.024,-0.0015751,-0.0097938,-0.0049601,0.021214,0.051738,0.049092,-0.0038698,-0.0033745,0.23491,-0.23838,-0.23838,-0.23838,2.2674e-07,0.0056599,-16.725,-0.20647,-0.22746,-0.17958,-0.076525,-0.1653,-0.15269,-0.027018,-0.093393,9999.9,0.041202,-0.16229,0.032559,-0.00034691,-0.0022478,0.43733,-0.28259,-0.0036317,-0.28087,0.43698,0.039169,-0.030439,-0.27443,-0.27443,-0.27443,-0.0020263,0.062933,-27.859,-0.53575,-0.14054
0.023684,0.024919,0.012329,0.0086705,0.026366,-0.0043379,0.031166,0.0040399,-0.004304,-0.01199,0.0005693,0.0088222,0.0022186,-0.011373,-0.021144,-0.020279,0.0061181,0.0011215,-0.099794,0.098837,0.098837,0.098837,3.0718e-06,-0.0014493,0.41516,0.083106,0.11531,0.073773,0.02747,0.070324,0.063867,0.012499,0.034636,0.041202,10000,0.068724,-0.014558,-0.0088746,0.0019732,-0.16667,0.082121,-0.0057161,0.080146,-0.1663,-0.0199,0.013297,0.11589,0.11589,0.11589,0.00083493,-0.028273,14.518,0.21917,0.034851
-0.087041,-0.093721,-0.052863,-0.028151,-0.10724,0.02263,-0.12401,-0.010754,0.020766,0.039694,-0.0023693,-0.020456,-0.0079225,0.035925,0.080473,0.076592,-0.010935,-0.0049696,0.36949,-0.37232,-0.37232,-0.37232,-3.0761e-06,0.0078675,-19.058,-0.31977,-0.378,-0.27974,-0.1149,-0.26011,-0.23908,-0.043604,-0.14144,-0.16229,0.068724,9999.7,0.051999,0.0092301,-0.0046389,0.66716,-0.40339,0.0021531,-0.39933,0.66637,0.065141,-0.048274,-0.4309,-0.4309,-0.4309,-0.0031591,0.10065,-46.726,-0.83354,-0.19413
0.017795,0.019039,0.010376,0.0059675,0.021334,-0.0042446,0.024812,0.0024324,-0.003963,-0.008365,0.00046857,0.0048656,0.0016329,-0.0076802,-0.016295,-0.015541,0.0028953,0.00096759,-0.075385,0.075601,0.075601,0.075601,1.098e-06,-0.0014633,2.895,0.064557,0.079896,0.0567,0.022695,0.053084,0.04863,0.0090478,0.028109,0.032559,-0.014558,0.051999,10000,-0.0032227,0.0010977,-0.13328,0.07667,-0.0015171,0.075657,-0.13308,-0.013775,0.0099035,0.087811,0.087811,0.087811,0.00064069,-0.020764,9.9317,0.16881,0.035917
0.0037112,0.0025636,-0.0027957,0.0036831,-0.00234,0.0035062,-0.0010433,0.003195,0.002423,-0.0046139,-8.4217e-05,0.0088722,0.00049222,-0.0054573,-0.0015801,-0.0018845,0.0081877,-0.00035506,-0.013922,0.0098007,0.0098007,0.0098007,5.6218e-06,0.0013635,-10.908,0.0040412,0.046707,0.0061675,-0.0044281,0.0099783,0.0072762,0.0034175,-0.0034281,-0.00034691,-0.0088746,0.0092301,-0.0032227,10000,0.0019445,0.0080901,-0.050717,-0.012696,-0.053032,0.0084994,-0.0081211,0.0024554,0.015032,0.015032,0.015032,7.4096e-05,-0.0064654,6.424,0.016757,-0.035879
-0.0016468,-0.001611,-0.00042847,-0.00081368,-0.0012463,-7.8024e-05,-0.0016295,-0.00051326,1.8339e-05,0.0010817,-2.3855e-05,-0.0012927,-0.00016737,0.0011241,0.001313,0.0012927,-0.001081,-2.9838e-05,0.0067833,-0.0063565,-0.0063565,-0.0063565,-6.798e-07,-4.3489e-05,0.96637,-0.0049639,-0.010615,-0.0046405,-0.001118,-0.0047953,-0.004193,-0.0010014,-0.0016051,-0.0022478,0.0019732,-0.0046389,0.0010977,0.0019445,10000,0.0084862,5.6853e-05,0.0014677,0.0003761,0.0084287,0.0018374,-0.00095829,-0.0077742,-0.0077742,-0.0077742,-5.2908e-05,0.0021504,-1.3858,-0.013644,0.0013261
0.22655,0.24688,0.14797,0.068171,0.29332,-0.068086,0.33578,0.022369,-0.060847,-0.097316,0.0065474,0.036809,0.020304,-0.085444,-0.21326,-0.20219,0.0126,0.0141,-0.96548,0.98156,0.98156,0.98156,-3.2721e-06,-0.023968,73.681,0.85201,0.92104,0.73994,0.31824,0.6793,0.62827,0.11029,0.38757,0.43733,-0.16667,0.66716,-0.13328,0.0080901,0.0084862,9998.2,1.1895,0.020288,1.1833,-1.8103,-0.15858,0.12483,1.1284,1.1284,1.1284,0.008347,-0.25752,112.52,2.2082,0.59599
-0.13534,-0.15169,-0.10322,-0.033439,-0.19551,0.053797,-0.21917,-0.0053317,0.04606,0.049562,-0.0044551,0.0014897,-0.011676,0.039523,0.13284,0.12484,0.015135,-0.010087,0.58215,-0.60421,-0.60421,-0.60421,1.8069e-05,0.019305,-78.417,-0.53715,-0.46045,-0.45894,-0.21749,-0.40908,-0.38389,-0.061315,-0.25929,-0.28259,0.082121,-0.40339,0.07667,-0.050717,5.6853e-05,1.1895,9999.1,-0.049114,-0.91252,1.1898,0.07905,-0.07341,-0.68392,-0.68392,-0.68392,-0.0051644,0.14746,-54.211,-1.3743,-0.48564
0.0011859,0.00012512,-0.0033401,0.0023799,-0.0040969,0.0032867,-0.0034008,0.0023469,0.0023773,-0.0028899,-0.00011666,0.0067113,0.00023211,-0.0036459,0.00039198,6.7077e-05,0.0063576,-0.00038816,-0.0035614,0.00018874,0.00018874,0.00018874,4.4568e-06,0.0012589,-9.1648,-0.0033567,0.029747,-0.00081993,-0.0059343,0.0026497,0.00091151,0.0018471,-0.0056784,-0.0036317,-0.0057161,0.0021531,-0.0015171,-0.012696,0.0014677,0.020288,-0.049114,10000,-0.050891,0.020601,-0.0051842,0.00097702,0.0031845,0.0031845,0.0031845,-5.6847e-06,-0.0031192,4.2001,-0.0037464,-0.03286
-0.13388,-0.15032,-0.10303,-0.032623,-0.19467,0.054034,-0.21796,-0.004773,0.046169,0.048492,-0.0044409,0.0029386,-0.011522,0.038377,0.13174,0.12375,0.016385,-0.010082,0.5762,-0.5988,-0.5988,-0.5988,1.888e-05,0.019407,-79.717,-0.5331,-0.44988,-0.45504,-0.21685,-0.40486,-0.38028,-0.060367,-0.25823,-0.28087,0.080146,-0.39933,0.075657,-0.053032,0.0003761,1.1833,-0.91252,-0.050891,9999.1,1.1837,0.077218,-0.072545,-0.67715,-0.67715,-0.67715,-0.0051197,0.14547,-52.814,-1.3629,-0.48848
0.22627,0.24661,0.14792,0.068019,0.29313,-0.06812,0.33552,0.022267,-0.060859,-0.097115,0.0065441,0.036548,0.020274,-0.085231,-0.21304,-0.20198,0.012377,0.014097,-0.96432,0.98049,0.98049,0.98049,-3.4153e-06,-0.023983,73.903,0.8512,0.91906,0.73916,0.31809,0.67848,0.62756,0.11011,0.38734,0.43698,-0.1663,0.66637,-0.13308,0.0084994,0.0084287,-1.8103,1.1898,0.020601,1.1837,9998.2,-0.15823,0.12467,1.1271,1.1271,1.1271,0.0083382,-0.25714,112.26,2.2059,0.59642
0.022439,0.023635,0.011773,0.008169,0.025107,-0.0041919,0.029644,0.0037773,-0.0041384,-0.011306,0.00054277,0.0082115,0.0020991,-0.010703,-0.020066,-0.019238,0.0056547,0.0010729,-0.094581,0.093752,0.093752,0.093752,2.8095e-06,-0.0014043,0.60848,0.078913,0.10868,0.07,0.026197,0.066647,0.060562,0.011813,0.032989,0.039169,-0.0199,0.065141,-0.013775,-0.0081211,0.0018374,-0.15858,0.07905,-0.0051842,0.077218,-0.15823,10000,0.012591,0.10986,0.10986,0.10986,0.00079215,-0.026747,13.673,0.20799,0.033829
-0.016501,-0.017703,-0.009794,-0.0054489,-0.020018,0.0040884,-0.023224,-0.0021622,0.0037876,0.0076572,-0.00044082,-0.0042391,-0.0015089,0.0069879,0.015173,0.014458,-0.0024215,-0.00091656,0.069966,-0.070311,-0.070311,-0.070311,-8.3097e-07,0.0014149,-3.0841,-0.06019,-0.073043,-0.052773,-0.021363,-0.049262,-0.045193,-0.0083368,-0.026387,-0.030439,0.013297,-0.048274,0.0099035,0.0024554,-0.00095829,0.12483,-0.07341,0.00097702,-0.072545,0.12467,0.012591,10000,-0.08154,-0.08154,-0.08154,-0.00059617,0.01918,-9.0585,-0.15718,-0.03481
-0.14705,-0.15838,-0.089488,-0.047468,-0.18141,0.038391,-0.20973,-0.018069,0.035201,0.066954,-0.0040093,-0.03427,-0.013379,0.060551,0.13602,0.12944,-0.018196,-0.008416,0.62428,-0.62921,-0.62921,-0.62921,-4.9995e-06,0.013352,-32.617,-0.54056,-0.6375,-0.47279,-0.19446,-0.43946,-0.404,-0.073608,-0.23928,-0.27443,0.11589,-0.4309,0.087811,0.015032,-0.0077742,1.1284,-0.68392,0.0031845,-0.67715,1.1271,0.10986,-0.08154,9999.3,-0.72808,-0.72808,-0.0053391,0.16997,-78.78,-1.4089,-0.32954
-0.14705,-0.15838,-0.089488,-0.047468,-0.18141,0.038391,-0.20973,-0.018069,0.035201,0.066954,-0.0040093,-0.03427,-0.013379,0.060551,0.13602,0.12944,-0.018196,-0.008416,0.62428,-0.62921,-0.62921,-0.62921,-4.9995e-06,0.013352,-32.617,-0.54056,-0.6375,-0.47279,-0.19446,-0.43946,-0.404,-0.073608,-0.23928,-0.27443,0.11589,-0.4309,0.087811,0.015032,-0.0077742,1.1284,-0.68392,0.0031845,-0.67715,1.1271,0.10986,-0.08154,-0.72808,9999.3,-0.72808,-0.0053391,0.16997,-78.78,-1.4089,-0.32954
-0.14705,-0.15838,-0.089488,-0.047468,-0.18141,0.038391,-0.20973,-0.018069,0.035201,0.066954,-0.0040093,-0.03427,-0.013379,0.060551,0.13602,0.12944,-0.018196,-0.008416,0.62428,-0.62921,-0.62921,-0.62921,-4.9995e-06,0.013352,-32.617,-0.54056,-0.6375,-0.47279,-0.19446,-0.43946,-0.404,-0.073608,-0.23928,-0.27443,0.11589,-0.4309,0.087811,0.015032,-0.0077742,1.1284,-0.68392,0.0031845,-0.67715,1.1271,0.10986,-0.08154,-0.72808,-0.72808,9999.3,-0.0053391,0.16997,-78.78,-1.4089,-0.32954
-0.0010768,-0.0011631,-0.0006669,-0.00034188,-0.0013443,0.00029141,-0.0015503,-0.00012602,0.00026538,0.00048356,-2.9785e-05,-0.00023254,-9.7612e-05,0.00043436,0.0010003,0.00095105,-0.00011547,-6.2931e-05,0.0045756,-0.0046214,-0.0046214,-0.0046214,-2.3975e-08,0.00010168,-0.26581,-0.0039804,-0.0045978,-0.0034753,-0.0014454,-0.0032206,-0.0029651,-0.00053541,-0.0017739,-0.0020263,0.00083493,-0.0031591,0.00064069,7.4096e-05,-5.2908e-05,0.008347,-0.0051644,-5.6847e-06,-0.0051197,0.0083382,0.00079215,-0.00059617,-0.0053391,-0.0053391,-0.0053391,10000,0.0012396,-0.56668,-0.01036,-0.0025147
0.034454,0.036841,0.020017,0.01159,0.041205,-0.0081536,0.047948,0.0047489,-0.0076251,-0.016238,0.00090454,0.009536,0.0031638,-0.014927,-0.031522,-0.03007,0.0057171,0.0018652,-0.14593,0.14629,0.14629,0.14629,2.2052e-06,-0.0028087,5.4358,0.12485,0.15513,0.10969,0.043806,0.10276,0.094112,0.01754,0.054286,0.062933,-0.028273,0.10065,-0.020764,-0.0064654,0.0021504,-0.25752,0.14746,-0.0031192,0.14547,-0.25714,-0.026747,0.01918,0.16997,0.16997,0.16997,0.0012396,10000,19.293,0.32657,0.068902
-16.117,-16.922,-8.2655,-5.9613,-17.772,2.8418,-21.053,-2.8165,2.8474,8.2311,-0.38284,-6.2004,-1.5135,7.836,14.343,13.766,-4.3534,-0.74921,67.864,-67.109,-67.109,-67.109,-0.0022255,0.9444,6.0581,-56.317,-79.219,-50.06,-18.463,-47.828,-43.389,-8.5439,-23.337,-27.859,14.518,-46.726,9.9317,6.424,-1.3858,112.52,-54.211,4.2001,-52.814,112.26,13.673,-9.0585,-78.78,-78.78,-78.78,-0.56668,19.293,11.359,-148.68,-22.629
-0.28401,-0.30704,-0.17681,-0.089733,-0.35582,0.077661,-0.41004,-0.032751,0.070587,0.12702,-0.0078892,-0.059909,-0.025719,0.11387,0.26417,0.2511,-0.029081,-0.0167,1.2072,-1.2201,-1.2201,-1.2201,-5.3451e-06,0.027123,-72.202,-1.0516,-1.2073,-0.91769,-0.3829,-0.84968,-0.7826,-0.14095,-0.46959,-0.53575,0.21917,-0.83354,0.16881,0.016757,-0.013644,2.2082,-1.3743,-0.0037464,-1.3629,2.2059,0.20799,-0.15718,-1.4089,-1.4089,-1.4089,-0.01036,0.32657,-148.68,9997.3,-0.67117
-0.064723,-0.073607,-0.053114,-0.014145,-0.098638,0.029051,-0.10952,-0.00051476,0.024487,0.021529,-0.0022682,0.0066613,-0.0054689,0.015981,0.0649,0.060729,0.012979,-0.0052454,0.27976,-0.29346,-0.29346,-0.29346,1.2724e-05,0.010495,-46.216,-0.264,-0.19745,-0.22376,-0.11094,-0.19645,-0.18575,-0.028163,-0.13103,-0.14054,0.034851,-0.19413,0.035917,-0.035879,0.0013261,0.59599,-0.48564,-0.03286,-0.48848,0.59642,0.033829,-0.03481,-0.32954,-0.32954,-0.32954,-0.0025147,0.068902,-22.629,-0.67117,9999.7
