709.88,470.98,671.32,1196.5,19.729,475.88,596.18,872.67,396.79,208.06
172.99,281.11,470.59,391.12,10.562,350.94,486.21,678.43,327.49,50.427
1375.8,766.67,854.9,1852.7,29.788,600.6,801.31,1035.4,538.96,322
2.417e-05,2.0718e-05,-1.3811e-05,-5.2496e-06,-0.0016747,8.8977e-05,-5.746e-05,6.787e-05,-2.1693e-05,2.5322e-05
2.0718e-05,0.00012407,7.2545e-05,-2.3599e-05,-0.0017049,0.00014927,-1.0005e-05,7.6656e-05,-6.5858e-05,8.2237e-05
-1.3811e-05,7.2545e-05,0.00016844,-2.0882e-05,0.001992,-2.4092e-05,8.6131e-05,-3.9656e-05,-1.4115e-05,3.8716e-05
-5.2496e-06,-2.3599e-05,-2.0882e-05,2.9191e-05,-0.00053308,-6.0305e-05,-3.8384e-05,-1.5047e-05,4.6426e-05,-5.8156e-05
-0.0016747,-0.0017049,0.001992,-0.00053308,0.30789,-0.011967,0.0015584,-0.0063646,0.0053269,-0.0031707
8.8977e-05,0.00014927,-2.4092e-05,-6.0305e-05,-0.011967,0.33414,8.0518e-05,-0.33302,0.33285,0.00028591
-5.746e-05,-1.0005e-05,8.6131e-05,-3.8384e-05,0.0015584,8.0518e-05,0.001101,-0.00044866,-0.00052912,0.00040437
6.787e-05,7.6656e-05,-3.9656e-05,-1.5047e-05,-0.0063646,-0.33302,-0.00044866,0.33374,-0.33324,1.5577e-05
-2.1693e-05,-6.5858e-05,-1.4115e-05,4.6426e-05,0.0053269,0.33285,-0.00052912,-0.33324,0.33391,-0.00027312
2.5322e-05,8.2237e-05,3.8716e-05,-5.8156e-05,-0.0031707,0.00028591,0.00040437,1.5577e-05,-0.00027312,0.00051809
75.361,75.361,75.361,75.361,75.361,75.361,75.361,75.361,75.361,75.361
