0.33836,0.32052,0.09078,0.10414,0.17071,0.21517,0.083302,0.1697,0.26007,0.98232,0.1173,0.06903,0.13785,0.77621,0.36161,0.064602,0.36024,0.78271,0.014085,0.19191,0.19191,0.19191,0.005976,0.47824,0.45852,-0.089946,0.055686,0.15043,0.42982,0.10759,0.19365,0.32913,0.14859,0.63771,0.44755,0.75378,0.41799,0.18071,0.43003,0.2559,0.62392,-0.41928,0.17282,0.17282,0.17282,0.0039987
0.19142,0.1437,0.05211,0.063171,0.014646,0.047014,0.045715,0.13447,0.051588,0.96331,0.029708,0.0016874,0.04507,0.16544,0.065121,0.0016639,0.057675,0.16323,-0.10188,0.14108,0.14108,0.14108,0.0026966,0.27699,0.27436,-0.21174,0.016428,0.064269,0.23248,0.031557,0.030586,0.04492,0.0055136,0.1093,0.0033866,0.10008,0.07702,0.10516,0.093635,0.075522,0.021564,-0.66944,0.13342,0.13342,0.13342,3.383e-05
0.47667,0.47381,0.12646,0.13119,0.38747,0.43954,0.10759,0.21646,0.44447,0.99898,0.26772,0.21937,0.26601,0.99622,0.9844,0.19215,0.98577,0.9977,0.090367,0.2998,0.2998,0.2998,0.0089883,0.57977,0.57547,0.038085,0.13607,0.30767,0.57055,0.23124,0.50055,0.57744,0.26563,0.98361,0.98688,0.98461,0.98203,0.35729,0.99496,0.81329,0.98711,-0.22628,0.2622,0.2622,0.2622,0.0095684
914.95,-94.932,19.477,-6.1459,-2.3806,-101.6,-7.3646,18.532,-117.89,7.7467,-48.196,5.5572,-46.625,31.503,-12.489,2.2056,-11.355,22.19,54.595,-48.65,-48.65,-48.65,-0.42357,-49.309,-47.457,29.634,3.9967,-7.6164,-49.013,-1.5772,18.044,-59.274,-38.464,7.6751,-7.0142,22.505,-54.7,44.037,39.442,20.746,-2.9328,40.324,-36.807,-36.807,-36.807,1.229
-94.932,893.1,22.435,-4.9421,-6.3774,-113.33,-7.4709,18.283,-131.73,7.2547,-44.632,8.2,-42.868,35.982,-15.521,5.1973,-14.679,26.761,61.302,-50.421,-50.421,-50.421,-0.31118,-64.408,-62.414,33.996,5.6741,-5.9936,-65.042,-0.93953,18.779,-76.313,-33.092,7.8779,-14.836,24.649,-55.303,55.053,47.236,21.95,-3.5456,42.714,-37.958,-37.958,-37.958,1.6114
19.477,22.435,994.94,-0.034828,4.151,22.772,1.3638,-2.6979,27.109,-0.69097,4.7333,-3.7588,3.9898,-7.2585,1.8044,-3.3821,1.7967,-5.8109,-12.998,8.4456,8.4456,8.4456,-0.008116,18.189,17.958,-6.7418,-1.8705,-0.24898,18.799,-0.82912,-5.1976,23.338,1.1567,2.648,3.0148,-4.5085,6.6186,-14.119,-12.853,-7.2539,4.2054,-6.0234,6.1898,6.1898,6.1898,-0.46371
-6.1459,-4.9421,-0.034828,994.64,14.719,-13.546,-1.4058,5.0306,-7.7581,3.9818,-23.039,-6.8784,-23.933,-10.213,8.2843,-8.6118,9.0975,-12.989,3.5507,-11.842,-11.842,-11.842,-0.38664,13.362,13.34,0.47133,-0.55211,-2.7855,12.74,-1.0207,0.02894,19.556,-27.489,4.4329,12.883,-10.183,-9.6052,-7.4077,4.4602,-10.151,-1.8742,7.6791,-10.137,-10.137,-10.137,-0.47672
-2.3806,-6.3774,4.151,14.719,925.98,44.466,-3.9036,1.7087,-7.3036,-9.8445,36.692,39.373,46.992,76.71,-30.437,40.754,-30.595,77.422,2.329,15.28,15.28,15.28,0.6876,-22.052,-21.265,-3.1545,-6.3436,-9.8408,-6.8294,2.5793,41.573,-82.66,73.696,-52.933,10.621,87.6,-8.5948,11.168,-32.563,125.31,-13.314,-21.194,18.472,18.472,18.472,1.5628
-101.6,-113.33,22.772,-13.546,44.466,840.52,-3.9967,14.072,-137.95,13.014,-61.277,-16.596,-66.782,-25.202,12.327,-19.937,12.661,-33.916,66.455,-60.05,-60.05,-60.05,-0.61463,-71.875,-70.965,39.422,14.325,7.5789,-87.327,0.44171,-10.749,-42.951,-75.603,39.135,-28.178,-48.657,-35.443,62.38,90.455,-73.075,-3.9169,54.635,-50.433,-50.433,-50.433,0.97876
-7.3646,-7.4709,1.3638,-1.4058,-3.9036,-3.9967,997.75,4.8912,-10.405,1.299,-12.297,3.4781,-10.577,7.1883,2.4163,2.1735,3.0996,4.7747,4.8081,-7.558,-7.558,-7.558,-0.1891,4.736,4.7783,-0.21293,-1.48,-4.0805,7.2316,0.26574,10.587,-4.7608,-7.4722,-10.541,15.543,9.3404,-8.741,-2.7113,-0.3628,20.316,-7.4498,1.3081,-5.2292,-5.2292,-5.2292,-0.027101
18.532,18.283,-2.6979,5.0306,1.7087,14.072,4.8912,987.77,25.902,-4.4478,34.267,-2.4066,31.834,-16.057,0.0088141,0.63586,-1.6412,-10.201,-11.109,20.547,20.547,20.547,0.51374,-16.047,-16.649,-2.0006,4.0286,11.152,-21.764,1.8783,-17.465,-3.8183,27.301,9.3672,-27.166,-20.388,29.668,8.1405,5.6125,-32.855,5.7965,-10.739,14.946,14.946,14.946,0.24567
-117.89,-131.73,27.109,-7.7581,-7.3036,-137.95,-10.405,25.902,836.35,10.256,-65.031,9.5064,-62.388,48.925,-20.399,4.9648,-18.828,36.054,75.557,-66.662,-66.662,-66.662,-0.55049,-68.694,-65.99,41.121,4.9434,-11.554,-67.186,-2.4361,26.704,-85.116,-49.663,9.4115,-10.377,37.185,-77.872,61.229,51.255,35.228,-3.012,55.53,-50.031,-50.031,-50.031,1.7754
7.7467,7.2547,-0.69097,3.9818,-9.8445,13.014,1.299,-4.4478,10.256,996.88,18.223,4.7458,18.832,4.2371,-3.5559,6.0629,-4.1819,6.5714,-4.5259,10.327,10.327,10.327,0.28605,-8.1167,-8.2854,-1.7935,0.52896,2.831,-8.069,1.1942,-0.38432,-12.463,20.881,-4.9462,-7.4553,4.3815,10.808,3.7458,-2.8079,5.9411,-0.43065,-7.8242,8.5716,8.5716,8.5716,0.28875
-48.196,-44.632,4.7333,-23.039,36.692,-61.277,-12.297,34.267,-65.031,18.223,879.37,-13.246,-118.47,-3.7609,27.572,-23.299,32.608,-21.358,29.058,-66.971,-66.971,-66.971,-1.9332,61.874,62.514,3.5617,-7.7141,-25.292,69.249,-4.6443,32.363,54.926,-120.12,-10.356,86.742,3.54,-71.437,-33.423,7.4122,30.993,-21.41,36.128,-52.896,-52.896,-52.896,-1.6883
5.5572,8.2,-3.7588,-6.8784,39.373,-16.596,3.4781,-2.4066,9.5064,4.7458,-13.246,974.53,-20.55,-29.803,-3.0892,-25.002,-3.367,-28.718,-5.8087,-4.1852,-4.1852,-4.1852,-0.22656,15.837,16.515,4.9193,1.4434,2.3214,9.614,-5.8736,-33.761,59.768,-36.098,52.162,-30.08,-35.339,-8.8605,-7.1492,-1.1166,-79.228,31.613,19.445,-6.6071,-6.6071,-6.6071,-0.86698
-46.625,-42.868,3.9898,-23.933,46.992,-66.782,-10.577,31.834,-62.388,18.832,-118.47,-20.55,881.16,-11.77,23.728,-29.863,28.359,-28.147,27.412,-65.686,-65.686,-65.686,-1.8874,60.608,61.526,6.2952,-6.5452,-23.115,65.447,-6.3987,19.519,68.419,-125.17,8.3444,69.941,-7.2088,-71.931,-31.49,7.9562,3.3285,-9.1749,41.903,-52.898,-52.898,-52.898,-1.8014
31.503,35.982,-7.2585,-10.213,76.71,-25.202,7.1883,-16.057,48.925,4.2371,-3.7609,-29.803,-11.77,863.09,92.25,-30.449,91.283,-132.92,-14.554,8.615,8.615,8.615,-0.40289,2.2446,-3.0411,-16.142,16.07,33.779,-25.568,13.747,-31.127,44.163,-41.732,-10.905,33.299,-151.59,97.766,-8.3086,86.115,-131.06,-53.896,-26.019,-1.8332,-1.8332,-1.8332,-1.4569
-12.489,-15.521,1.8044,8.2843,-30.437,12.327,2.4163,0.0088141,-20.399,-3.5559,27.572,-3.0892,23.728,92.25,894.33,1.9357,-107.08,96.123,0.043806,7.1002,7.1002,7.1002,0.79092,-10.037,-4.014,24.867,-9.595,-19.447,4.3771,-20.14,-31.272,16.53,31.045,92.842,-112.8,94.025,-84.039,16.406,-82.313,-2.0698,106.8,43.777,9.1819,9.1819,9.1819,0.95156
2.2056,5.1973,-3.3821,-8.6118,40.754,-19.937,2.1735,0.63586,4.9648,6.0629,-23.299,-25.002,-29.863,-30.449,1.9357,974.46,2.1505,-30.997,-3.5202,-9.5083,-9.5083,-9.5083,-0.39859,21.341,21.885,4.0062,0.77677,0.34459,15.915,-5.482,-28.169,61.313,-44.787,45.768,-17.766,-34.856,-12.37,-10.679,0.73706,-71.354,25.444,20.02,-10.685,-10.685,-10.685,-1.0001
-11.355,-14.679,1.7967,9.0975,-30.595,12.661,3.0996,-1.6412,-18.828,-4.1819,32.608,-3.367,28.359,91.283,-107.08,2.1505,891.24,95.98,-0.6353,9.5855,9.5855,9.5855,0.87701,-13.928,-7.9017,25.433,-8.9392,-17.954,-0.30065,-20.068,-34.103,14.698,35.195,95.508,-118.69,92.166,-81.137,18.911,-81.415,-7.0368,108.82,43.288,11.009,11.009,11.009,1.031
22.19,26.761,-5.8109,-12.989,77.422,-33.916,4.7747,-10.201,36.054,6.5714,-21.358,-28.718,-28.147,-132.92,96.123,-30.997,95.98,868.1,-8.6438,-1.8627,-1.8627,-1.8627,-0.6767,9.271,4.0621,-15.666,14.686,29.349,-16.547,13.597,-21.951,44.805,-56.33,-18.201,49.685,-145.9,86.537,-11.991,87.402,-116.36,-60.463,-21.993,-9.6658,-9.6658,-9.6658,-1.5932
54.595,61.302,-12.998,3.5507,2.329,66.455,4.8081,-11.109,75.557,-4.5259,29.058,-5.8087,27.412,-14.554,0.043806,-3.5202,-0.6353,-8.6438,964.05,30.38,30.38,30.38,0.26003,36.074,35.423,-17.462,-3.8636,2.3578,37.23,-1.2285,-15.114,46.908,21.758,5.0764,-2.8347,-8.2103,25.834,-30.23,-33.891,-16.435,12.092,-20.855,23.07,23.07,23.07,-0.86393
-48.65,-50.421,8.4456,-11.842,15.28,-60.05,-7.558,20.547,-66.662,10.327,-66.971,-4.1852,-65.686,8.615,7.1002,-9.5083,9.5855,-1.8627,30.38,955.53,-44.475,-44.475,-0.95593,9.7266,10.642,11.571,-1.8925,-13.167,12.835,-2.6326,18.924,4.3587,-63.921,-0.58838,33.246,8.5641,-48.663,0.62657,16.126,18.46,-9.1403,29.138,-34.64,-34.64,-34.64,-0.31116
-48.65,-50.421,8.4456,-11.842,15.28,-60.05,-7.558,20.547,-66.662,10.327,-66.971,-4.1852,-65.686,8.615,7.1002,-9.5083,9.5855,-1.8627,30.38,-44.475,955.53,-44.475,-0.95593,9.7266,10.642,11.571,-1.8925,-13.167,12.835,-2.6326,18.924,4.3587,-63.921,-0.58838,33.246,8.5641,-48.663,0.62657,16.126,18.46,-9.1403,29.138,-34.64,-34.64,-34.64,-0.31116
-48.65,-50.421,8.4456,-11.842,15.28,-60.05,-7.558,20.547,-66.662,10.327,-66.971,-4.1852,-65.686,8.615,7.1002,-9.5083,9.5855,-1.8627,30.38,-44.475,-44.475,955.53,-0.95593,9.7266,10.642,11.571,-1.8925,-13.167,12.835,-2.6326,18.924,4.3587,-63.921,-0.58838,33.246,8.5641,-48.663,0.62657,16.126,18.46,-9.1403,29.138,-34.64,-34.64,-34.64,-0.31116
-0.42357,-0.31118,-0.008116,-0.38664,0.6876,-0.61463,-0.1891,0.51374,-0.55049,0.28605,-1.9332,-0.22656,-1.8874,-0.40289,0.79092,-0.39859,0.87701,-0.6767,0.26003,-0.95593,-0.95593,-0.95593,999.97,1.3145,1.3022,-0.13755,-0.13128,-0.36147,1.4129,-0.020737,0.58456,1.1377,-1.9573,-0.48165,1.8371,-0.23366,-0.78573,-0.81737,0.14378,0.51903,-0.64043,0.32295,-0.76803,-0.76803,-0.76803,-0.036556
-49.309,-64.408,18.189,13.362,-22.052,-71.875,4.736,-16.047,-68.694,-8.1167,61.874,15.837,60.608,2.2446,-10.037,21.341,-13.928,9.271,36.074,9.7266,9.7266,9.7266,1.3145,872.7,-127.64,26.977,18.123,27.13,-142.68,8.9305,-12.598,-128.59,65.682,3.7571,-76.846,-20.315,39.222,87.902,73.131,-32.308,-8.8636,0.86994,7.4589,7.4589,7.4589,2.9367
-47.457,-62.414,17.958,13.34,-21.265,-70.965,4.7783,-16.649,-65.99,-8.2854,62.514,16.515,61.526,-3.0411,-4.014,21.885,-7.9017,4.0621,35.423,10.642,10.642,10.642,1.3022,-127.64,871.64,25.223,18.787,28.71,-143.92,10.295,-10.905,-130.9,66.335,-2.3366,-71.032,-25.714,45.782,87.321,77.798,-31.816,-15.324,-2.7653,7.9987,7.9987,7.9987,2.9108
29.634,33.996,-6.7418,0.47133,-3.1545,39.422,-0.21293,-2.0006,41.121,-1.7935,3.5617,4.9193,6.2952,-16.142,24.867,4.0062,25.433,-15.666,-17.462,11.571,11.571,11.571,-0.13755,26.977,25.223,982.49,-2.186,1.1993,28.273,4.7236,13.15,11.235,6.9758,-35.727,42.091,-9.3381,27.288,-24.177,-4.8746,23.94,-27.364,-24.822,9.12,9.12,9.12,-0.62122
3.9967,5.6741,-1.8705,-0.55211,-6.3436,14.325,-1.48,4.0286,4.9434,0.52896,-7.7141,1.4434,-6.5452,16.07,-9.595,0.77677,-8.9392,14.686,-3.8636,-1.8925,-1.8925,-1.8925,-0.13128,18.123,18.787,-2.186,995.45,-7.8481,23.685,-2.8764,5.5315,13.11,-3.6416,0.43952,7.0477,21.152,-16.751,-11.819,-21.137,20.607,7.6356,2.5082,-0.41813,-0.41813,-0.41813,-0.24647
-7.6164,-5.9936,-0.24898,-2.7855,-9.8408,7.5789,-4.0805,11.152,-11.554,2.831,-25.292,2.3214,-23.115,33.779,-19.447,0.34459,-17.954,29.349,2.3578,-13.167,-13.167,-13.167,-0.36147,27.13,28.71,1.1993,-7.8481,983.78,37.375,-5.9191,12.555,17.803,-17.024,3.9971,12.371,41.598,-41.973,-15.432,-32.412,39.069,14.496,12.914,-8.2666,-8.2666,-8.2666,-0.31802
-49.013,-65.042,18.799,12.74,-6.8294,-87.327,7.2316,-21.764,-67.186,-8.069,69.249,9.614,65.447,-25.568,4.3771,15.915,-0.30065,-16.547,37.23,12.835,12.835,12.835,1.4129,-142.68,-143.92,28.273,23.685,37.375,834.07,11.901,-24.432,-131.09,63.932,8.9417,-85.953,-54.541,61.657,97.672,98.052,-70.272,-15.473,-1.6608,7.9307,7.9307,7.9307,2.981
-1.5772,-0.93953,-0.82912,-1.0207,2.5793,0.44171,0.26574,1.8783,-2.4361,1.1942,-4.6443,-5.8736,-6.3987,13.747,-20.14,-5.482,-20.068,13.597,-1.2285,-2.6326,-2.6326,-2.6326,-0.020737,8.9305,10.295,4.7236,-2.8764,-5.9191,11.901,994.41,-9.5361,20.849,-7.6317,26.199,-20.11,14.592,-23.295,-3.2526,-19.773,-9.8503,25.914,13.421,-1.8587,-1.8587,-1.8587,-0.14989
18.044,18.779,-5.1976,0.02894,41.573,-10.749,10.587,-17.465,26.704,-0.38432,32.363,-33.761,19.519,-31.127,-31.272,-28.169,-34.103,-21.951,-15.114,18.924,18.924,18.924,0.58456,-12.598,-10.905,13.15,5.5315,12.555,-24.432,-9.5361,930.07,62.076,-2.4731,99.123,-102.45,-44.552,2.9164,12.774,-8.396,-138.14,71.621,24.346,10.311,10.311,10.311,-0.29284
-59.274,-76.313,23.338,19.556,-82.66,-42.951,-4.7608,-3.8183,-85.116,-12.463,54.926,59.768,68.419,44.163,16.53,61.313,14.698,44.805,46.908,4.3587,4.3587,4.3587,1.1377,-128.59,-130.9,11.235,13.11,17.803,-131.09,20.849,62.076,783.04,100.67,-109.37,19.854,35.917,50.868,81.866,78.369,125.88,-85.559,-36.006,8.9334,8.9334,8.9334,3.7625
-38.464,-33.092,1.1567,-27.489,73.696,-75.603,-7.4722,27.301,-49.663,20.881,-120.12,-36.098,-125.17,-41.732,31.045,-44.787,35.195,-56.33,21.758,-63.921,-63.921,-63.921,-1.9573,65.682,66.335,6.9758,-3.6416,-17.024,63.932,-7.6317,-2.4731,100.67,857.42,34.068,54.262,-41.998,-62.443,-34.218,16.816,-52.708,1.8381,47.349,-54.127,-54.127,-54.127,-2.3157
7.6751,7.8779,2.648,4.4329,-52.933,39.135,-10.541,9.3672,9.4115,-4.9462,-10.356,52.162,8.3444,-10.905,92.842,45.768,95.508,-18.201,5.0764,-0.58838,-0.58838,-0.58838,-0.48165,3.7571,-2.3366,-35.727,0.43952,3.9971,8.9417,26.199,99.123,-109.37,34.068,816.05,171.07,4.3763,74.756,-17.801,51.752,175.74,-149.38,-74.712,3.6909,3.6909,3.6909,0.39109
-7.0142,-14.836,3.0148,12.883,10.621,-28.178,15.543,-27.166,-10.377,-7.4553,86.742,-30.08,69.941,33.299,-112.8,-17.766,-118.69,49.685,-2.8347,33.246,33.246,33.246,1.8371,-76.846,-71.032,42.091,7.0477,12.371,-85.953,-20.11,-102.45,19.854,54.262,171.07,776.23,10.705,-34.957,63.353,-36.837,-161.39,147.61,54.133,23.821,23.821,23.821,1.6845
22.505,24.649,-4.5085,-10.183,87.6,-48.657,9.3404,-20.388,37.185,4.3815,3.54,-35.339,-7.2088,-151.59,94.025,-34.856,92.166,-145.9,-8.2103,8.5641,8.5641,8.5641,-0.23366,-20.315,-25.714,-9.3381,21.152,41.598,-54.541,14.592,-44.552,35.917,-41.998,4.3763,10.705,826.51,107.08,8.2492,106.42,-166.87,-49.683,-20.625,-3.2903,-3.2903,-3.2903,-1.1541
-54.7,-55.303,6.6186,-9.6052,-8.5948,-35.443,-8.741,29.668,-77.872,10.808,-71.437,-8.8605,-71.931,97.766,-84.039,-12.37,-81.137,86.537,25.834,-48.663,-48.663,-48.663,-0.78573,39.222,45.782,27.288,-16.751,-41.973,61.657,-23.295,2.9164,50.868,-62.443,74.756,-34.957,107.08,855.19,-10.328,-77.991,41.711,84.229,71.175,-34.051,-34.051,-34.051,-0.27903
44.037,55.053,-14.119,-7.4077,11.168,62.38,-2.7113,8.1405,61.229,3.7458,-33.423,-7.1492,-31.49,-8.3086,16.406,-10.679,18.911,-11.991,-30.23,0.62657,0.62657,0.62657,-0.81737,87.902,87.321,-24.177,-11.819,-15.432,97.672,-3.2526,12.774,81.866,-34.218,-17.801,63.353,8.2492,-10.328,936.66,-46.796,29.601,-6.1809,-12.231,0.62792,0.62792,0.62792,-2.0207
39.442,47.236,-12.853,4.4602,-32.563,90.455,-0.3628,5.6125,51.255,-2.8079,7.4122,-1.1166,7.9562,86.115,-82.313,0.73706,-81.415,87.402,-33.891,16.126,16.126,16.126,0.14378,73.131,77.798,-4.8746,-21.137,-32.412,98.052,-19.773,-8.396,78.369,16.816,51.752,-36.837,106.42,-77.991,-46.796,873.13,50.965,84.775,17.24,17.212,17.212,17.212,-0.82789
20.746,21.95,-7.2539,-10.151,125.31,-73.075,20.316,-32.855,35.228,5.9411,30.993,-79.228,3.3285,-131.06,-2.0698,-71.354,-7.0368,-116.36,-16.435,18.46,18.46,18.46,0.51903,-32.308,-31.816,23.94,20.607,39.069,-70.272,-9.8503,-138.14,125.88,-52.708,175.74,-161.39,-166.87,41.711,29.601,50.965,676.76,94.787,44.494,1.3372,1.3372,1.3372,-1.175
-2.9328,-3.5456,4.2054,-1.8742,-13.314,-3.9169,-7.4498,5.7965,-3.012,-0.43065,-21.41,31.613,-9.1749,-53.896,106.8,25.444,108.82,-60.463,12.092,-9.1403,-9.1403,-9.1403,-0.64043,-8.8636,-15.324,-27.364,7.6356,14.496,-15.473,25.914,71.621,-85.559,1.8381,-149.38,147.61,-49.683,84.229,-6.1809,84.775,94.787,858.94,-59.818,-6.8399,-6.8399,-6.8399,0.065301
40.324,42.714,-6.0234,7.6791,-21.194,54.635,1.3081,-10.739,55.53,-7.8242,36.128,19.445,41.903,-26.019,43.777,20.02,43.288,-21.993,-20.855,29.138,29.138,29.138,0.32295,0.86994,-2.7653,-24.822,2.5082,12.914,-1.6608,13.421,24.346,-36.006,47.349,-74.712,54.133,-20.625,71.175,-12.231,17.24,44.494,-59.818,948.15,23.363,23.363,23.363,0.063364
-36.807,-37.958,6.1898,-10.137,18.472,-50.433,-5.2292,14.946,-50.031,8.5716,-52.896,-6.6071,-52.898,-1.8332,9.1819,-10.685,11.009,-9.6658,23.07,-34.64,-34.64,-34.64,-0.76803,7.4589,7.9987,9.12,-0.41813,-8.2666,7.9307,-1.8587,10.311,8.9334,-54.127,3.6909,23.821,-3.2903,-34.051,0.62792,17.212,1.3372,-6.8399,23.363,972.35,-27.648,-27.648,-0.34535
-36.807,-37.958,6.1898,-10.137,18.472,-50.433,-5.2292,14.946,-50.031,8.5716,-52.896,-6.6071,-52.898,-1.8332,9.1819,-10.685,11.009,-9.6658,23.07,-34.64,-34.64,-34.64,-0.76803,7.4589,7.9987,9.12,-0.41813,-8.2666,7.9307,-1.8587,10.311,8.9334,-54.127,3.6909,23.821,-3.2903,-34.051,0.62792,17.212,1.3372,-6.8399,23.363,-27.648,972.35,-27.648,-0.34535
-36.807,-37.958,6.1898,-10.137,18.472,-50.433,-5.2292,14.946,-50.031,8.5716,-52.896,-6.6071,-52.898,-1.8332,9.1819,-10.685,11.009,-9.6658,23.07,-34.64,-34.64,-34.64,-0.76803,7.4589,7.9987,9.12,-0.41813,-8.2666,7.9307,-1.8587,10.311,8.9334,-54.127,3.6909,23.821,-3.2903,-34.051,0.62792,17.212,1.3372,-6.8399,23.363,-27.648,-27.648,972.35,-0.34535
1.229,1.6114,-0.46371,-0.47672,1.5628,0.97876,-0.027101,0.24567,1.7754,0.28875,-1.6883,-0.86698,-1.8014,-1.4569,0.95156,-1.0001,1.031,-1.5932,-0.86393,-0.31116,-0.31116,-0.31116,-0.036556,2.9367,2.9108,-0.62122,-0.24647,-0.31802,2.981,-0.14989,-0.29284,3.7625,-2.3157,0.39109,1.6845,-1.1541,-0.27903,-2.0207,-0.82789,-1.175,0.065301,0.063364,-0.34535,-0.34535,-0.34535,999.92
