796.62,738.79,847.55,148.77,75.102,1002.8,853.28,1311.5,308.77,32.041,526.53,187.24,50.178
191.54,375.76,647.06,31.057,32.593,692.49,299.55,709.77,17.289,5.7481,363.94,53.986,20.096
1381.3,928.85,992.16,394.96,163.05,1504,1256.1,1654.7,803.2,55.479,813.67,274.37,99.815
0.016867,0.026459,-0.098089,-0.0036624,0.0054936,0.0010611,-0.037367,0.019757,0.018696,0.0066109,0.017976,-0.059722,0.011887
0.026459,0.060921,-0.17404,0.0019944,0.011599,-0.012684,-0.063936,0.030879,0.043564,-0.013969,0.044075,-0.068354,-0.11014
-0.098089,-0.17404,0.59772,0.0031596,-0.048405,0.0028756,0.20335,-0.10817,-0.11103,0.055036,-0.10485,0.33958,0.058196
-0.0036624,0.0019944,0.0031596,0.059911,-0.020992,-0.00038405,0.14648,-0.07402,-0.073623,-0.055584,-0.0093475,-0.11465,-0.084268
0.0054936,0.011599,-0.048405,-0.020992,0.90072,0.010349,-0.013779,0.015997,0.0056413,0.040604,-0.28738,0.0047447,-0.035903
0.0010611,-0.012684,0.0028756,-0.00038405,0.010349,0.35055,0.0083783,-0.33167,0.31779,-0.054478,-0.027454,-0.028918,0.10581
-0.037367,-0.063936,0.20335,0.14648,-0.013779,0.0083783,0.45178,-0.23052,-0.23892,-0.015728,-0.076543,-0.2337,-0.089482
0.019757,0.030879,-0.10817,-0.07402,0.015997,-0.33167,-0.23052,0.45366,-0.21467,-0.031164,0.027234,0.11256,0.071547
0.018696,0.043564,-0.11103,-0.073623,0.0056413,0.31779,-0.23892,-0.21467,0.46755,0.023317,0.054665,0.14147,-0.034276
0.0066109,-0.013969,0.055036,-0.055584,0.040604,-0.054478,-0.015728,-0.031164,0.023317,0.9711,0.11298,-0.049631,0.0056476
0.017976,0.044075,-0.10485,-0.0093475,-0.28738,-0.027454,-0.076543,0.027234,0.054665,0.11298,0.15655,-0.017535,-0.099344
-0.059722,-0.068354,0.33958,-0.11465,0.0047447,-0.028918,-0.2337,0.11256,0.14147,-0.049631,-0.017535,0.59641,-0.1135
0.011887,-0.11014,0.058196,-0.084268,-0.035903,0.10581,-0.089482,0.071547,-0.034276,0.0056476,-0.099344,-0.1135,0.92127
71.076,71.076,71.076,71.076,71.076,71.076,71.076,71.076,71.076,71.076,71.076,71.076,71.076
