865.3,712.24,857.14,158.16,76.387,998.61,795.74,1262.5,263.89,29.136,527.9,183,43.087
191.54,375.76,647.06,31.057,32.593,692.49,299.55,709.77,17.289,5.7481,363.94,53.986,20.096
1381.3,928.85,992.16,394.96,163.05,1504,1179.6,1550.4,803.2,55.479,813.67,274.37,67.288
0.018496,0.016564,-0.085556,-0.0076534,-0.00052428,0.01362,-0.052094,0.032098,0.018477,0.0078372,0.00010687,-0.078493,0.0011719
0.016564,0.121,-0.25014,0.026232,0.048154,-0.088962,0.025487,-0.044069,0.044902,-0.021422,0.15262,0.045627,-0.045069
-0.085556,-0.25014,0.6941,-0.027544,-0.094711,0.099495,0.09008,-0.013235,-0.11273,0.064478,-0.24235,0.19521,-0.024228
-0.0076534,0.026232,-0.027544,0.069679,-0.0062471,-0.031153,0.18256,-0.10426,-0.073087,-0.05859,0.034435,-0.068664,-0.058018
-0.00052428,0.048154,-0.094711,-0.0062471,0.92291,-0.036007,0.04061,-0.029565,0.0064398,0.03609,-0.22147,0.074082,0.0036607
0.01362,-0.088962,0.099495,-0.031153,-0.036007,0.44733,-0.10513,-0.23656,0.31611,-0.045041,-0.1651,-0.17361,0.023235
-0.052094,0.025487,0.09008,0.18256,0.04061,-0.10513,0.58487,-0.34206,-0.23693,-0.026811,0.08495,-0.064055,0.0073589
0.032098,-0.044069,-0.013235,-0.10426,-0.029565,-0.23656,-0.34206,0.54712,-0.21632,-0.021885,-0.10806,-0.029613,-0.009604
0.018477,0.044902,-0.11273,-0.073087,0.0064398,0.31611,-0.23693,-0.21632,0.46757,0.023158,0.057038,0.144,-0.032837
0.0078372,-0.021422,0.064478,-0.05859,0.03609,-0.045041,-0.026811,-0.021885,0.023158,0.97201,0.099578,-0.063763,-0.0024109
0.00010687,0.15262,-0.24235,0.034435,-0.22147,-0.1651,0.08495,-0.10806,0.057038,0.099578,0.35228,0.18834,0.018132
-0.078493,0.045627,0.19521,-0.068664,0.074082,-0.17361,-0.064055,-0.029613,0.144,-0.063763,0.18834,0.81264,0.0099448
0.0011719,-0.045069,-0.024228,-0.058018,0.0036607,0.023235,0.0073589,-0.009604,-0.032837,-0.0024109,0.018132,0.0099448,0.99173
64.005,64.005,64.005,64.005,64.005,64.005,64.005,64.005,64.005,64.005,64.005,64.005,64.005
