121.72,0.6572,0.77812,0.8559,0.014456,0.41374,0.63058,0.79282,0.37909,0.032066,0.4016,0.17629,0.081073
8.7273,0.131,0.49804,0.65364,5.5859e-05,0.039195,0.38484,0.64596,-0.023684,0.0010381,0.15733,0.017579,0.003797
358.03,0.98222,0.96078,1.157,0.042673,0.75205,0.93738,1.0305,0.70271,0.093036,1.1601,0.34078,0.76617
0.0003684,-0.045325,-0.014581,0.060872,-0.0095567,0.033436,0.089187,0.045157,0.011724,-0.04353,0.047335,-0.08881,-0.057582
-0.045325,32.057,-13.311,-8.6259,-2.4023,-7.2077,-21.12,-3.5921,3.616,34.385,-14.904,44.456,17.011
-0.014581,-13.311,70.647,-14.826,-1.245,-5.4659,68.163,-30.531,-25.067,-27.951,4.5522,19.978,-3.513
0.060872,-8.6259,-14.826,66.007,0.69889,8.8759,23.543,2.1183,-6.7567,-52.189,17.829,-37.815,-4.0418
-0.0095567,-2.4023,-1.245,0.69889,989.92,-43.057,1.7288,-21.232,21.826,1.3974,8.514,-16.642,-14.338
0.033436,-7.2077,-5.4659,8.8759,-43.057,403.26,-0.5355,-280.99,315.75,-38.271,-6.4357,-134.01,10.754
0.089187,-21.12,68.163,23.543,1.7288,-0.5355,472.96,-215.58,-215.04,-5.8331,-13.707,-6.4259,0.70952
0.045157,-3.5921,-30.531,2.1183,-21.232,-280.99,-215.58,497.07,-221.95,-14.626,10.961,-80.331,-7.11
0.011724,3.616,-25.067,-6.7567,21.826,315.75,-215.04,-221.95,462.3,23.645,17.396,53.682,-17.865
-0.04353,34.385,-27.951,-52.189,1.3974,-38.271,-5.8331,-14.626,23.645,931.99,-66.28,-21.44,-25.173
0.047335,-14.904,4.5522,17.829,8.514,-6.4357,-13.707,10.961,17.396,-66.28,43.159,-25.412,-15.675
-0.08881,44.456,19.978,-37.815,-16.642,-134.01,-6.4259,-80.331,53.682,-21.44,-25.412,528.73,28.783
-0.057582,17.011,-3.513,-4.0418,-14.338,10.754,0.70952,-7.11,-17.865,-25.173,-15.675,28.783,60.971
