509.43,11.377,959.7,716.6,0.16159,56.671,812.9,843.49,786.81,111.82,223.04,141.5,991.81
0,0,882.35,270.83,0.0076838,18.396,564.96,579.33,553.73,18.225,99.324,46.931,916.8
1328.1,71.111,996.08,1455.5,1.8085,223.64,1198.7,1228.3,1167,352.2,406.2,277.15,999.92
7.1728e-06,5.4345e-05,7.5647e-05,1.5045e-06,5.2416e-05,3.4191e-05,6.6522e-05,-1.5449e-05,-5.0617e-05,-8.0393e-07,1.4755e-05,-1.7722e-05,8.4483e-05
5.4345e-05,0.012638,0.0034687,0.00019916,-0.00056589,0.0014612,-0.004944,0.0033602,0.0018917,-0.0026547,0.0019094,0.0011697,0.0042446
7.5647e-05,0.0034687,0.0025899,1.1603e-05,-0.00057492,0.00096331,0.00018161,0.00042065,-0.00058097,-0.0005659,0.00034298,0.0002402,0.0028565
1.5045e-06,0.00019916,1.1603e-05,2.1365e-05,6.5171e-05,8.9108e-05,-0.00017561,0.00013883,5.1368e-05,-5.4378e-05,5.7918e-05,-5.6407e-05,0.00023075
5.2416e-05,-0.00056589,-0.00057492,6.5171e-05,0.9944,-0.0030327,0.0018335,-0.0023435,0.00072527,0.0019723,-0.00085524,-0.0017127,0.0072272
3.4191e-05,0.0014612,0.00096331,8.9108e-05,-0.0030327,0.33628,0.0031463,-0.3334,0.33031,0.00037143,-0.00017128,-0.0015006,0.0077852
6.6522e-05,-0.004944,0.00018161,-0.00017561,0.0018335,0.0031463,0.038475,-0.01776,-0.020906,0.0049789,-0.0024521,-0.004269,0.0035188
-1.5449e-05,0.0033602,0.00042065,0.00013883,-0.0023435,-0.3334,-0.01776,0.34225,-0.32434,-0.0022883,0.0011407,0.0013441,0.0021991
-5.0617e-05,0.0018917,-0.00058097,5.1368e-05,0.00072527,0.33031,-0.020906,-0.32434,0.34534,-0.0026554,0.0013202,0.0028271,-0.0055955
-8.0393e-07,-0.0026547,-0.0005659,-5.4378e-05,0.0019723,0.00037143,0.0049789,-0.0022883,-0.0026554,0.0044667,-0.0023206,-0.0035977,-0.00079964
1.4755e-05,0.0019094,0.00034298,5.7918e-05,-0.00085524,-0.00017128,-0.0024521,0.0011407,0.0013202,-0.0023206,0.0015986,0.0014005,0.00011972
-1.7722e-05,0.0011697,0.0002402,-5.6407e-05,-0.0017127,-0.0015006,-0.004269,0.0013441,0.0028271,-0.0035977,0.0014005,0.0043898,-0.0023669
8.4483e-05,0.0042446,0.0028565,0.00023075,0.0072272,0.0077852,0.0035188,0.0021991,-0.0055955,-0.00079964,0.00011972,-0.0023669,0.026004
81.662,81.662,81.662,81.662,81.662,81.662,81.662,81.662,81.662,81.662,81.662,81.662,81.662
