211.86,0.64439,0.69227,0.52648,0.011512,0.40033,0.90507,1.0952,0.69484,0.012302,0.22422,0.19118,0.028452
14.819,0.22689,0.27059,0.37546,0.0012428,0.15451,0.838,1.0319,0.62251,0.0014803,0.14008,0.062002,0.00023252
358.7,0.9452,0.96863,1.0067,0.014449,0.45132,0.99569,1.2165,0.898,0.028718,0.24658,0.22924,0.15056
0.00012968,-0.040203,0.00025939,-0.013469,-0.0097009,0.028424,-0.030202,0.011008,-0.017455,-0.20361,-0.20377,0.078452,0.17528
-0.040203,40.479,-12.906,30.569,-18.16,-3.3444,88.849,-55.723,-52.396,39.659,53.403,-53.308,-124.32
0.00025939,-12.906,39.96,-35.812,-14.045,-5.4604,79.884,21.529,27.068,35.306,91.182,78.479,29.58
-0.013469,30.569,-35.812,112.63,-29.899,-18.075,35.624,-151.28,-133.24,-169.96,103.82,-180.28,-95.076
-0.0097009,-18.16,-14.045,-29.899,9926.6,-233.55,296.56,-226.45,7.0768,-3.2916,-211.54,-12.377,99.519
0.028424,-3.3444,-5.4604,-18.075,-233.55,3979.3,-299.35,-2802.8,3217.9,-108.81,-1240.3,-714.79,22.262
-0.030202,88.849,79.884,35.624,296.56,-299.35,4512.1,-2129.2,-1829.7,-364.1,624.53,921.15,-89.596
0.011008,-55.723,21.529,-151.28,-226.45,-2802.8,-2129.2,4874.5,-2322.8,170.72,-1000.5,-499.04,22.144
-0.017455,-52.396,27.068,-133.24,7.0768,3217.9,-1829.7,-2322.8,4459.3,279.59,239.44,216.33,-0.22966
-0.20361,39.659,35.306,-169.96,-3.2916,-108.81,-364.1,170.72,279.59,9186.8,-439.68,-141.44,-875.27
-0.20377,53.403,91.182,103.82,-211.54,-1240.3,624.53,-1000.5,239.44,-439.68,6781.1,-786.16,19.506
0.078452,-53.308,78.479,-180.28,-12.377,-714.79,921.15,-499.04,216.33,-141.44,-786.16,3221.1,-42.759
0.17528,-124.32,29.58,-95.076,99.519,22.262,-89.596,22.144,-0.22966,-875.27,19.506,-42.759,1100.5
