1.1694,1.1163,-0.023197,-1.0305,0.94529,0.94529,0.94529,0.27527
0.40717,0.39785,-0.64936,-1.5643,0.32666,0.32666,0.32666,1.9154e-05
1.682,1.675,0.49581,-0.44399,1.5606,1.5606,1.5606,1.3862
558.41,-671.86,349.84,-192.05,-53.502,-53.502,-53.502,116.17
-671.86,864.89,-556.19,311.11,90.482,90.482,90.482,-187.65
349.84,-556.19,634.45,-353.06,-114.68,-114.68,-114.68,193.16
-192.05,311.11,-353.06,202.67,63.133,63.133,63.133,-111.92
-53.502,90.482,-114.68,63.133,6688.6,-3311.4,-3311.4,-33.962
-53.502,90.482,-114.68,63.133,-3311.4,6688.6,-3311.4,-33.962
-53.502,90.482,-114.68,63.133,-3311.4,-3311.4,6688.6,-33.962
116.17,-187.65,193.16,-111.92,-33.962,-33.962,-33.962,69.931
