0.33836,0.32052,0.09078,0.10414,0.17071,0.21517,0.083302,0.1697,0.26007,0.98232,0.1173,0.06903,0.13785,0.77621,0.36161,0.064602,0.36024,0.78271,0.014085,0.19191,0.19191,0.19191,0.005976,-0.1133,-124.78,0.13133,-0.13176,0.47824,0.45852,-0.089946,0.055686,0.15043,0.42982,0.10759,0.19365,0.32913,0.14859,0.63771,0.44755,0.75378,0.41799,0.18071,0.43003,0.2559,0.62392,-0.41928,0.17282,0.17282,0.17282,0.0039987,0.0011155,-113.45,0.21784,-0.032941
0.19142,0.1437,0.05211,0.063171,0.014646,0.047014,0.045715,0.13447,0.051588,0.96331,0.029708,0.0016874,0.04507,0.16544,0.065121,0.0016639,0.057675,0.16323,-0.10188,0.14108,0.14108,0.14108,0.0026966,-0.25078,-253.67,-0.69963,-0.23529,0.27699,0.27436,-0.21174,0.016428,0.064269,0.23248,0.031557,0.030586,0.04492,0.0055136,0.1093,0.0033866,0.10008,0.07702,0.10516,0.093635,0.075522,0.021564,-0.66944,0.13342,0.13342,0.13342,3.383e-05,-0.26735,-229.8,-0.78363,-0.36863
0.47667,0.47381,0.12646,0.13119,0.38747,0.43954,0.10759,0.21646,0.44447,0.99898,0.26772,0.21937,0.26601,0.99622,0.9844,0.19215,0.98577,0.9977,0.090367,0.2998,0.2998,0.2998,0.0089883,-0.015731,-16.832,0.83384,-0.015686,0.57977,0.57547,0.038085,0.13607,0.30767,0.57055,0.23124,0.50055,0.57744,0.26563,0.98361,0.98688,0.98461,0.98203,0.35729,0.99496,0.81329,0.98711,-0.22628,0.2622,0.2622,0.2622,0.0095684,0.12324,173.58,0.718,0.23137
988.02,-15.35,4.4381,3.8169,-14.57,-9.5221,-0.42513,-1.1631,-17.193,-2.3139,11.812,9.4027,13.579,11.018,-2.9163,10.084,-3.4162,11.547,8.8239,1.1165,1.1165,1.1165,0.25949,-3.2173,-0.94105,35.885,-22.432,-25.317,-25.386,4.1554,2.3156,2.8864,-25.702,2.5367,7.271,-37.248,18.941,-11.666,-5.6655,8.8378,5.066,16.952,11.237,17.164,-8.1335,-3.0343,1.8547,1.8547,1.8547,0.73494,9.5555,0.17944,-6.7312,-56.799
-15.35,980.32,5.6759,4.9027,-18.535,-12.288,-0.49257,-1.5546,-22.036,-2.9657,15.306,11.863,17.495,14.256,-4.2136,12.773,-4.8699,14.979,11.266,1.4961,1.4961,1.4961,0.33678,-3.9164,-1.013,47.134,-28.728,-32.524,-32.583,5.4815,2.9632,3.6864,-33.028,3.1368,8.8882,-47.356,24.278,-14.16,-8.0878,11.4,6.1889,21.837,14.12,21.31,-9.7396,-3.5951,2.4164,2.4164,2.4164,0.94281,12.255,0.19628,-7.4009,-72.807
4.4381,5.6759,998.33,-1.3945,5.6714,3.3666,0.25915,0.30735,6.3716,0.8578,-4.0561,-3.8517,-4.8587,-3.8239,0.15711,-4.0317,0.31213,-3.9305,-3.3553,-0.28786,-0.28786,-0.28786,-0.088053,1.5949,0.18856,-11.088,8.3603,9.2395,9.3198,-1.2379,-0.86745,-1.0954,9.3595,-1.1628,-3.532,14.551,-7.018,5.8631,0.49522,-3.1356,-2.4688,-6.0693,-4.7127,-7.7023,4.345,1.6959,-0.61164,-0.61164,-0.61164,-0.27079,-3.5275,-0.060875,4.8775,21.038
3.8169,4.9027,-1.3945,998.77,4.4199,3.1681,0.05155,0.47304,5.4793,0.73745,-4.0312,-2.694,-4.4724,-3.7268,1.6928,-2.971,1.8772,-3.9688,-2.7417,-0.46034,-0.46034,-0.46034,-0.08942,0.69288,-0.17045,-13.264,7.1115,8.1876,8.164,-1.5738,-0.73031,-0.89876,8.3284,-0.62463,-1.6259,11.255,-6.0393,2.447,3.1312,-2.9329,-1.1264,-5.579,-3.1282,-4.3637,1.493,0.4955,-0.65413,-0.65413,-0.65413,-0.23556,-3.057,0.18327,0.1786,18.114
-14.57,-18.535,5.6714,4.4199,979.22,-9.767,-1.6557,-0.028981,-20.92,-2.8186,10.771,15.555,14.577,10.501,6.7994,15.572,6.53,10.146,11.692,-0.052249,-0.052249,-0.052249,0.22484,-8.4259,0.30193,18.893,-27.822,-29.203,-29.902,1.6713,2.9214,3.7993,-29.419,5.5811,18.231,-53.696,23.031,-31.446,11.083,9.191,12.789,18.24,19.815,35.915,-24.806,-10.094,1.4085,1.4085,1.4085,0.87662,11.474,-0.97896,-34.895,-68.987
-9.5221,-12.288,3.3666,3.1681,-9.767,991.35,0.34031,-1.7507,-13.668,-1.8377,11.536,5.024,11.955,10.49,-8.4828,6.0492,-9.0822,11.505,6.4456,1.7282,1.7282,1.7282,0.26044,0.1299,-1.2808,43.286,-17.519,-21.082,-20.769,5.3198,1.7791,2.1237,-21.537,0.53065,0.18987,-24.622,15.067,1.0024,-15.213,7.9562,0.081049,14.898,5.2746,4.6907,2.4164,1.4015,1.9799,1.9799,1.9799,0.59477,7.687,1.1007,10.559,-45.228
-0.42513,-0.49257,0.25915,0.05155,-1.6557,0.34031,999.56,0.47683,-0.61165,-0.083209,-0.92701,1.8711,-0.24559,-0.69515,3.7639,1.5919,3.8728,-1.0494,0.67083,-0.48803,-0.48803,-0.48803,-0.02476,-1.8002,-0.097405,-7.9813,-0.99369,-0.30072,-0.53329,-1.1171,0.12121,0.20999,-0.22064,1.0223,3.7648,-4.4527,0.6661,-6.8608,6.5166,-0.27088,2.6557,-0.2893,2.6953,6.2255,-5.861,-2.4999,-0.25155,-0.25155,-0.25155,0.019515,0.28237,-0.02037,-10.216,-1.971
-1.1631,-1.5546,0.30735,0.47304,-0.028981,-1.7507,0.47683,999.26,-1.6682,-0.22352,2.7871,-0.95862,2.2054,2.393,-4.9926,-0.52299,-5.1954,2.8986,0.42156,0.75119,0.75119,0.75119,0.066577,1.7405,0.27192,14.756,-1.9388,-3.1875,-2.9139,1.9435,0.17744,0.1495,-3.3389,-0.88881,-3.5638,0.19371,1.8478,6.7167,-8.7305,1.5703,-2.5225,2.7317,-1.7048,-5.1715,5.9952,2.618,0.56681,0.56681,0.56681,0.079398,0.9973,0.083695,11.496,-5.5728
-17.193,-22.036,6.3716,5.4793,-20.92,-13.668,-0.61165,-1.6682,975.32,-3.3219,16.953,13.503,19.492,15.815,-4.1745,14.48,-4.8918,16.572,12.668,1.6012,1.6012,1.6012,0.37241,-4.624,-1.2864,51.487,-32.204,-36.343,-36.442,5.9614,3.3244,4.144,-36.894,3.6446,10.449,-53.482,27.191,-16.768,-8.1122,12.686,7.2804,24.333,16.139,24.659,-11.694,-4.3636,2.6617,2.6617,2.6617,1.0551,13.718,0.17092,-9.695,-81.54
-2.3139,-2.9657,0.8578,0.73745,-2.8186,-1.8377,-0.083209,-0.22352,-3.3219,999.55,2.2795,1.821,2.6226,2.1267,-0.55392,1.9518,-0.65021,2.2278,1.7058,0.21467,0.21467,0.21467,0.050062,-0.62596,0.15562,6.9107,-4.3354,-4.8906,-4.9044,0.79967,0.44751,0.55801,-4.9645,0.49254,1.4139,-7.2055,3.6605,-2.2708,-1.0778,1.7066,0.9853,3.2734,2.1769,3.3314,-1.5857,-0.59258,0.35783,0.35783,0.35783,0.142,1.8463,-0.10391,-1.3268,-10.976
11.812,15.306,-4.0561,-4.0312,10.771,11.536,-0.92701,2.7871,16.953,2.2795,984.09,-4.4112,-15.699,-14.307,15.115,-6.0433,16.009,-16.009,-7.5716,-2.7722,-2.7722,-2.7722,-0.36349,-2.1611,-0.92727,-64.682,21.504,26.865,26.205,-8.0999,-2.1605,-2.5069,27.541,0.44765,3.9233,26.837,-18.706,-8.8897,26.845,-10.569,2.8365,-19.541,-3.8166,0.83752,-9.609,-4.5751,-2.835,-2.835,-2.835,-0.74578,-9.6056,0.43186,-24.926,56.173
9.4027,11.863,-3.8517,-2.694,15.555,5.024,1.8711,-0.95862,13.503,1.821,-4.4112,987.06,-8.0343,-4.727,-11.684,-12.377,-11.749,-3.7939,-8.22,1.0292,1.0292,1.0292,-0.081014,8.6182,-0.087453,5.2656,18.327,17.718,18.603,1.307,-1.959,-2.655,17.681,-5.3606,-18.38,40.558,-14.851,32.455,-19.825,-4.8276,-12.925,-10.091,-17.12,-33.772,26.521,11.027,-0.31015,-0.31015,-0.31015,-0.55332,-7.2974,0.22587,41.34,44.435
13.579,17.495,-4.8587,-4.4724,14.577,11.955,-0.24559,2.2054,19.492,2.6226,-15.699,-8.0343,983.35,-14.354,9.9215,-9.3257,10.705,-15.591,-9.3936,-2.1699,-2.1699,-2.1699,-0.35238,0.7653,-0.93072,-56.52,25.102,29.732,29.416,-6.8741,-2.5589,-3.0892,30.327,-1.2824,-2.2489,36.886,-21.492,2.2062,17.913,-11.023,-1.5115,-20.747,-8.8139,-9.8623,-0.30599,-0.64872,-2.6473,-2.6473,-2.6473,-0.84468,-10.933,0.47894,-9.4241,64.489
11.018,14.256,-3.8239,-3.7268,10.501,10.49,-0.69515,2.393,15.815,2.1267,-14.307,-4.727,-14.354,987.08,12.561,-6.1285,13.344,-14.354,-7.205,-2.3755,-2.3755,-2.3755,-0.32552,-1.3448,0.020847,-56.646,20.137,24.821,24.296,-7.0522,-2.0304,-2.3803,25.412,0.046818,2.263,26.279,-17.446,-5.7264,22.367,-9.6291,1.6626,-17.872,-4.4719,-1.4569,-6.7462,-3.316,-2.5179,-2.5179,-2.5179,-0.69303,-8.9386,1.9361,-19.274,52.377
-2.9163,-4.2136,0.15711,1.6928,6.7994,-8.4828,3.7639,-4.9926,-4.1745,-0.55392,15.115,-11.684,9.9215,12.561,964.13,-8.7604,-37.14,16.08,-1.1021,5.0686,5.0686,5.0686,0.372,14.542,0.11637,92.863,-3.6687,-11.6,-9.5246,12.507,0.20876,-0.27553,-12.545,-7.8572,-30.104,19.385,4.6707,55.759,-62.444,7.4704,-21.275,12.227,-18.141,-46.868,48.673,21.006,3.3371,3.3371,3.3371,0.23874,2.8451,-1.6736,89.049,-14.243
10.084,12.773,-4.0317,-2.971,15.572,6.0492,1.5919,-0.52299,14.48,1.9518,-6.0433,-12.377,-9.3257,-6.1285,-8.7604,987.93,-8.7067,-5.4915,-8.4668,0.58935,0.58935,0.58935,-0.12,7.599,-0.15582,-3.3752,19.463,19.585,20.31,0.16885,-2.0629,-2.7424,19.636,-4.84,-16.293,40.445,-15.933,28.522,-14.712,-5.7474,-11.447,-11.69,-16.122,-30.743,23.01,9.4937,-0.64204,-0.64204,-0.64204,-0.59982,-7.8815,0.28143,34.608,47.698
-3.4162,-4.8699,0.31213,1.8772,6.53,-9.0822,3.8728,-5.1954,-4.8918,-0.65021,16.009,-11.749,10.705,13.344,-37.14,-8.7067,961.53,16.997,-0.8402,5.2723,5.2723,5.2723,0.39294,14.91,0.14315,97.117,-4.5464,-12.835,-10.694,13.057,0.29381,-0.18704,-13.823,-8.0288,-30.845,18.762,5.4633,57.191,-64.681,8.0134,-21.8,13.2,-18.355,-47.824,49.992,21.591,3.5091,3.5091,3.5091,0.27138,3.2609,-1.6742,91.737,-16.627
11.547,14.979,-3.9305,-3.9688,10.146,11.505,-1.0494,2.8986,16.572,2.2278,-16.009,-3.7939,-15.591,-14.354,16.08,-5.4915,16.997,983.86,-7.2806,-2.8875,-2.8875,-2.8875,-0.36675,-2.6811,-0.12387,-66.343,20.953,26.461,25.738,-8.3441,-2.0983,-2.4133,27.152,0.75232,5.0168,25.177,-18.287,-10.864,28.506,-10.532,3.6098,-19.401,-2.9541,2.7099,-11.273,-5.2794,-2.8781,-2.8781,-2.8781,-0.73121,-9.4099,1.9681,-27.724,54.922
8.8239,11.266,-3.3553,-2.7417,11.692,6.4456,0.67083,0.42156,12.668,1.7058,-7.5716,-8.22,-9.3936,-7.205,-1.1021,-8.4668,-0.8402,-7.2806,993.2,-0.37919,-0.37919,-0.37919,-0.16264,3.7875,0.60227,-18.661,16.694,18.151,18.395,-1.9987,-1.7389,-2.2172,18.355,-2.6527,-8.3045,30.075,-13.95,14.014,-1.4721,-6.0199,-5.8138,-11.741,-10.21,-17.367,10.676,4.2464,-1.0998,-1.0998,-1.0998,-0.53597,-6.9925,-0.24285,13.345,41.811
1.1165,1.4961,-0.28786,-0.46034,-0.052249,1.7282,-0.48803,0.75119,1.6012,0.21467,-2.7722,1.0292,-2.1699,-2.3755,5.0686,0.58935,5.2723,-2.8875,-0.37919,999.24,-0.75908,-0.75908,-0.066346,-1.7907,-0.70592,-14.825,1.8482,3.103,2.824,-1.9557,-0.16753,-0.13585,3.2549,0.91956,3.6704,-0.40762,-1.7756,-6.9063,8.8596,-1.5501,2.5977,-2.6861,1.8004,5.3631,-6.1519,-2.6831,-0.5671,-0.5671,-0.5671,-0.076713,-0.9618,0.24201,-11.744,5.3549
1.1165,1.4961,-0.28786,-0.46034,-0.052249,1.7282,-0.48803,0.75119,1.6012,0.21467,-2.7722,1.0292,-2.1699,-2.3755,5.0686,0.58935,5.2723,-2.8875,-0.37919,-0.75908,999.24,-0.75908,-0.066346,-1.7907,-0.70592,-14.825,1.8482,3.103,2.824,-1.9557,-0.16753,-0.13585,3.2549,0.91956,3.6704,-0.40762,-1.7756,-6.9063,8.8596,-1.5501,2.5977,-2.6861,1.8004,5.3631,-6.1519,-2.6831,-0.5671,-0.5671,-0.5671,-0.076713,-0.9618,0.24201,-11.744,5.3549
1.1165,1.4961,-0.28786,-0.46034,-0.052249,1.7282,-0.48803,0.75119,1.6012,0.21467,-2.7722,1.0292,-2.1699,-2.3755,5.0686,0.58935,5.2723,-2.8875,-0.37919,-0.75908,-0.75908,999.24,-0.066346,-1.7907,-0.70592,-14.825,1.8482,3.103,2.824,-1.9557,-0.16753,-0.13585,3.2549,0.91956,3.6704,-0.40762,-1.7756,-6.9063,8.8596,-1.5501,2.5977,-2.6861,1.8004,5.3631,-6.1519,-2.6831,-0.5671,-0.5671,-0.5671,-0.076713,-0.9618,0.24201,-11.744,5.3549
0.25949,0.33678,-0.088053,-0.08942,0.22484,0.26044,-0.02476,0.066577,0.37241,0.050062,-0.36349,-0.081014,-0.35238,-0.32552,0.372,-0.12,0.39294,-0.36675,-0.16264,-0.066346,-0.066346,-0.066346,999.99,-0.064896,-0.012022,-1.5165,0.47035,0.59634,0.57945,-0.191,-0.047058,-0.053957,0.61214,0.019469,0.12242,0.55719,-0.41098,-0.26191,0.65913,-0.23822,0.087904,-0.43847,-0.060112,0.076437,-0.26867,-0.12523,-0.065552,-0.065552,-0.065552,-0.016451,-0.2116,0.010466,-0.65067,1.2344
-3.2173,-3.9164,1.5949,0.69288,-8.4259,0.1299,-1.8002,1.7405,-4.624,-0.62596,-2.1611,8.6182,0.7653,-1.3448,14.542,7.599,14.91,-2.6811,3.7875,-1.7907,-1.7907,-1.7907,-0.064896,992.45,-0.03749,-27.033,-6.8091,-4.4324,-5.3628,-3.8948,0.77678,1.2018,-4.1644,4.376,15.849,-22.412,5.0642,-28.68,25.098,0.057171,11.173,1.0235,12.119,26.866,-24.266,-10.295,-0.75922,-0.75922,-0.75922,0.1714,2.3416,0.27186,-41.345,-15.081
-0.94105,-1.013,0.18856,-0.17045,0.30193,-1.2808,-0.097405,0.27192,-1.2864,0.15562,-0.92727,-0.087453,-0.93072,0.020847,0.11637,-0.15582,0.14315,-0.12387,0.60227,-0.70592,-0.70592,-0.70592,-0.012022,-0.03749,0.013614,-0.31797,0.46243,-0.23095,-0.21774,0.28581,0.040215,-0.10544,-0.25803,-0.02085,0.17782,-0.20397,-0.93355,0.11863,0.23405,-0.075173,-0.64741,0.28624,0.54707,-0.04488,-0.13102,0.51653,-0.56167,-0.56167,-0.56167,0.0021252,0.40976,-0.00804,0.65251,0.32031
35.885,47.134,-11.088,-13.264,18.893,43.286,-7.9813,14.756,51.487,6.9107,-64.682,5.2656,-56.52,-56.646,92.863,-3.3752,97.117,-66.343,-18.661,-14.825,-14.825,-14.825,-1.5165,-27.033,-0.31797,691.15,62.925,88.871,84.07,-39.959,-6.0903,-6.3105,92.061,12.678,54.491,43.518,-56.894,-105.27,163.1,-39.199,38.675,-70.178,16.28,70.733,-96.837,-42.941,-12.463,-12.463,-12.463,-2.3453,-29.869,-1.2774,-196.86,171.18
-22.432,-28.728,8.3603,7.1115,-27.822,-17.519,-0.99369,-1.9388,-32.204,-4.3354,21.504,18.327,25.102,20.137,-3.6687,19.463,-4.5464,20.953,16.694,1.8482,1.8482,1.8482,0.47035,-6.8091,0.46243,62.925,957.89,-47.147,-47.382,7.1963,4.3555,5.4568,-47.823,5.1846,15.248,-71.226,35.48,-24.846,-7.4952,16.285,10.64,31.34,22.113,34.761,-17.822,-6.7955,3.3284,3.3284,3.3284,1.3737,17.873,-0.28869,-17.244,-106.38
-25.317,-32.524,9.2395,8.1876,-29.203,-21.082,-0.30072,-3.1875,-36.343,-4.8906,26.865,17.718,29.732,24.821,-11.6,19.585,-12.835,26.461,18.151,3.103,3.103,3.103,0.59634,-4.4324,-0.23095,88.871,-47.147,945.64,-54.184,10.561,4.8405,5.9513,-55.307,4.0529,10.444,-74.345,40.053,-15.605,-21.418,19.505,7.2319,37.09,20.528,28.395,-9.3644,-3.0542,4.368,4.368,4.368,1.563,20.28,0.42485,-0.21089,-120.14
-25.386,-32.583,9.3198,8.164,-29.902,-20.769,-0.53329,-2.9139,-36.442,-4.9044,26.205,18.603,29.416,24.296,-9.5246,20.31,-10.694,25.738,18.395,2.824,2.824,2.824,0.57945,-5.3628,-0.21774,84.07,-47.382,-54.184,945.87,9.9011,4.8749,6.026,-55.08,4.5717,12.382,-76.252,40.158,-19.159,-17.816,19.24,8.6003,36.705,21.835,31.531,-12.425,-4.3656,4.2069,4.2069,4.2069,1.5636,20.304,0.51522,-5.6462,-120.44
4.1554,5.4815,-1.2379,-1.5738,1.6713,5.3198,-1.1171,1.9435,5.9614,0.79967,-8.0999,1.307,-6.8741,-7.0522,12.507,0.16885,13.057,-8.3441,-1.9987,-1.9557,-1.9557,-1.9557,-0.191,-3.8948,0.28581,-39.959,7.1963,10.561,9.9011,994.8,-0.68741,-0.68173,10.973,1.8909,7.8999,3.6189,-6.5904,-15.113,21.932,-4.8045,5.6017,-8.53,2.927,10.737,-13.74,-6.0574,-1.5869,-1.5869,-1.5869,-0.27454,-3.4846,0.13017,-27.319,19.841
2.3156,2.9632,-0.86745,-0.73031,2.9214,1.7791,0.12121,0.17744,3.3244,0.44751,-2.1605,-1.959,-2.5589,-2.0304,0.20876,-2.0629,0.29381,-2.0983,-1.7389,-0.16753,-0.16753,-0.16753,-0.047058,0.77678,0.040215,-6.0903,4.3555,4.8405,4.8749,-0.68741,999.55,-0.56813,4.9063,-0.57609,-1.7275,7.4893,-3.6617,2.8473,0.47911,-1.6547,-1.2071,-3.1961,-2.3838,-3.8336,2.0841,0.80628,-0.32952,-0.32952,-0.32952,-0.1415,-1.8422,-0.29713,2.216,10.978
2.8864,3.6864,-1.0954,-0.89876,3.7993,2.1237,0.20999,0.1495,4.144,0.55801,-2.5069,-2.655,-3.0892,-2.3803,-0.27553,-2.7424,-0.18704,-2.4133,-2.2172,-0.13585,-0.13585,-0.13585,-0.053957,1.2018,-0.10544,-6.3105,5.4568,5.9513,6.026,-0.68173,-0.56813,999.28,6.0204,-0.84728,-2.639,9.7694,-4.5638,4.4422,-0.33312,-1.9814,-1.8479,-3.8607,-3.2898,-5.5565,3.3698,1.3365,-0.36687,-0.36687,-0.36687,-0.17548,-2.2883,-0.50248,4.1437,13.679
-25.702,-33.028,9.3595,8.3284,-29.419,-21.537,-0.22064,-3.3389,-36.894,-4.9645,27.541,17.681,30.327,25.412,-12.545,19.636,-13.823,27.152,18.355,3.2549,3.2549,3.2549,0.61214,-4.1644,-0.25803,92.061,-47.823,-55.307,-55.08,10.973,4.9063,6.0204,943.72,3.929,9.9044,-74.851,40.662,-14.56,-23.078,19.917,6.8496,37.83,20.384,27.708,-8.3986,-2.6248,4.4973,4.4973,4.4973,1.588,20.599,0.85034,1.7719,-121.97
2.5367,3.1368,-1.1628,-0.62463,5.5811,0.53065,1.0223,-0.88881,3.6446,0.49254,0.44765,-5.3606,-1.2824,0.046818,-7.8572,-4.84,-8.0288,0.75232,-2.6527,0.91956,0.91956,0.91956,0.019469,4.376,-0.02085,12.678,5.1846,4.0529,4.5717,1.8909,-0.57609,-0.84728,3.929,997.42,-9.2242,14.75,-3.9988,16.598,-13.52,-0.59047,-6.4992,-1.6385,-7.4128,-15.942,13.934,5.8849,0.30247,0.30247,0.30247,-0.14128,-1.8993,-0.30302,23.288,11.933
7.271,8.8882,-3.532,-1.6259,18.231,0.18987,3.7648,-3.5638,10.449,1.4139,3.9233,-18.38,-2.2489,2.263,-30.104,-16.293,-30.845,5.0168,-8.3045,3.6704,3.6704,3.6704,0.12242,15.849,0.17782,54.491,15.248,10.444,12.382,7.8999,-1.7275,-2.639,9.9044,-9.2242,966.68,48.417,-11.45,60.217,-51.927,-0.54768,-23.483,-2.9487,-25.749,-56.711,50.865,21.559,1.4893,1.4893,1.4893,-0.39206,-5.3331,-0.0001451,86.321,34.115
-37.248,-47.356,14.551,11.255,-53.696,-24.622,-4.4527,0.19371,-53.482,-7.2055,26.837,40.558,36.886,26.279,19.385,40.445,18.762,25.177,30.075,-0.40762,-0.40762,-0.40762,0.55719,-22.412,-0.20397,43.518,-71.226,-74.345,-76.252,3.6189,7.4893,9.7694,-74.851,14.75,48.417,861.11,58.87,-83.722,31.807,23.188,33.977,46.169,51.847,94.713,-66.299,-27.041,3.4354,3.4354,3.4354,2.2376,29.302,0.25212,-94.354,-176.33
18.941,24.278,-7.018,-6.0393,23.031,15.067,0.6661,1.8478,27.191,3.6605,-18.706,-14.851,-21.492,-17.446,4.6707,-15.933,5.4633,-18.287,-13.95,-1.7756,-1.7756,-1.7756,-0.41098,5.0642,-0.93355,-56.894,35.48,40.053,40.158,-6.5904,-3.6617,-4.5638,40.662,-3.9988,-11.45,58.87,970.04,18.36,9.0599,-13.99,-7.9775,-26.826,-17.738,-27.07,12.783,4.7659,-2.94,-2.94,-2.94,-1.1626,-15.115,0.78892,10.508,89.843
-11.666,-14.16,5.8631,2.447,-31.446,1.0024,-6.8608,6.7167,-16.768,-2.2708,-8.8897,32.455,2.2062,-5.7264,55.759,28.522,57.191,-10.864,14.014,-6.9063,-6.9063,-6.9063,-0.26191,-28.68,0.11863,-105.27,-24.846,-15.605,-19.159,-15.113,2.8473,4.4422,-14.56,16.598,60.217,-83.722,18.36,890.95,96.268,-0.24965,42.453,3.0141,45.744,101.82,-92.357,-39.203,-3.0013,-3.0013,-3.0013,0.61641,8.447,0.76708,-157.74,-54.652
-5.6655,-8.0878,0.49522,3.1312,11.083,-15.213,6.5166,-8.7305,-8.1122,-1.0778,26.845,-19.825,17.913,22.367,-62.444,-14.712,-64.681,28.506,-1.4721,8.8596,8.8596,8.8596,0.65913,25.098,0.23405,163.1,-7.4952,-21.418,-17.816,21.932,0.47911,-0.33312,-23.078,-13.52,-51.927,31.807,9.0599,96.268,891.25,13.414,-36.698,22.088,-30.944,-80.553,84.135,36.335,5.8889,5.8889,5.8889,0.45148,5.4189,-1.0273,154.34,-27.584
8.8378,11.4,-3.1356,-2.9329,9.191,7.9562,-0.27088,1.5703,12.686,1.7066,-10.569,-4.8276,-11.023,-9.6291,7.4704,-5.7474,8.0134,-10.532,-6.0199,-1.5501,-1.5501,-1.5501,-0.23822,0.057171,-0.075173,-39.199,16.285,19.505,19.24,-4.8045,-1.6547,-1.9814,19.917,-0.59047,-0.54768,23.188,-13.99,-0.24965,13.414,992.67,-0.33397,-13.735,-5.1331,-4.9538,-1.6573,-1.048,-1.8061,-1.8061,-1.8061,-0.55146,-7.1318,2.1975,-8.7346,41.982
5.066,6.1889,-2.4688,-1.1264,12.789,0.081049,2.6557,-2.5225,7.2804,0.9853,2.8365,-12.925,-1.5115,1.6626,-21.275,-11.447,-21.8,3.6098,-5.8138,2.5977,2.5977,2.5977,0.087904,11.173,-0.64741,38.675,10.64,7.2319,8.6003,5.6017,-1.2071,-1.8479,6.8496,-6.4992,-23.483,33.977,-7.9775,42.453,-36.698,-0.33397,983.45,-1.9867,-18.12,-39.944,35.871,15.206,1.0619,1.0619,1.0619,-0.27267,-3.7104,-1.3978,60.908,23.768
16.952,21.837,-6.0693,-5.579,18.24,14.898,-0.2893,2.7317,24.333,3.2734,-19.541,-10.091,-20.747,-17.872,12.227,-11.69,13.2,-19.401,-11.741,-2.6861,-2.6861,-2.6861,-0.43847,1.0235,0.28624,-70.178,31.34,37.09,36.705,-8.53,-3.1961,-3.8607,37.83,-1.6385,-2.9487,46.169,-26.826,3.0141,22.088,-13.735,-1.9867,974.14,-11.097,-12.536,-0.15609,-0.71384,-3.2906,-3.2906,-3.2906,-1.0541,-13.645,-0.2113,-11.365,80.496
11.237,14.12,-4.7127,-3.1282,19.815,5.2746,2.6953,-1.7048,16.139,2.1769,-3.8166,-17.12,-8.8139,-4.4719,-18.141,-16.122,-18.355,-2.9541,-10.21,1.8004,1.8004,1.8004,-0.060112,12.119,0.54707,16.28,22.113,20.528,21.835,2.927,-2.3838,-3.2898,20.384,-7.4128,-25.749,51.847,-17.738,45.744,-30.944,-5.1331,-18.12,-11.097,977.06,-46.417,37.71,15.76,-0.027043,-0.027043,-0.027043,-0.6541,-8.6576,-1.8942,60.164,53.051
17.164,21.31,-7.7023,-4.3637,35.915,4.6907,6.2255,-5.1715,24.659,3.3314,0.83752,-33.772,-9.8623,-1.4569,-46.868,-30.743,-47.824,2.7099,-17.367,5.3631,5.3631,5.3631,0.076437,26.866,-0.04488,70.733,34.761,28.395,31.531,10.737,-3.8336,-5.5565,27.708,-15.942,-56.711,94.713,-27.07,101.82,-80.553,-4.9538,-39.944,-12.536,-46.417,901.26,85.212,35.927,1.5294,1.5294,1.5294,-0.9667,-12.947,1.2839,141.36,80.818
-8.1335,-9.7396,4.345,1.493,-24.806,2.4164,-5.861,5.9952,-11.694,-1.5857,-9.609,26.521,-0.30599,-6.7462,48.673,23.01,49.992,-11.273,10.676,-6.1519,-6.1519,-6.1519,-0.26867,-24.266,-0.13102,-96.837,-17.822,-9.3644,-12.425,-13.74,2.0841,3.3698,-8.3986,13.934,50.865,-66.299,12.783,-92.357,84.135,-1.6573,35.871,-0.15609,37.71,85.212,921.49,-33.392,-2.8968,-2.8968,-2.8968,0.41307,5.7441,1.4088,-135.24,-37.986
-3.0343,-3.5951,1.6959,0.4955,-10.094,1.4015,-2.4999,2.618,-4.3636,-0.59258,-4.5751,11.027,-0.64872,-3.316,21.006,9.4937,21.591,-5.2794,4.2464,-2.6831,-2.6831,-2.6831,-0.12523,-10.295,0.51653,-42.941,-6.7955,-3.0542,-4.3656,-6.0574,0.80628,1.3365,-2.6248,5.8849,21.559,-27.041,4.7659,-39.203,36.335,-1.048,15.206,-0.71384,15.76,35.927,-33.392,985.78,-1.314,-1.314,-1.314,0.1493,2.1014,0.35856,-57.803,-14.141
1.8547,2.4164,-0.61164,-0.65413,1.4085,1.9799,-0.25155,0.56681,2.6617,0.35783,-2.835,-0.31015,-2.6473,-2.5179,3.3371,-0.64204,3.5091,-2.8781,-1.0998,-0.5671,-0.5671,-0.5671,-0.065552,-0.75922,-0.56167,-12.463,3.3284,4.368,4.2069,-1.5869,-0.32952,-0.36687,4.4973,0.30247,1.4893,3.4354,-2.94,-3.0013,5.8889,-1.8061,1.0619,-3.2906,-0.027043,1.5294,-2.8968,-1.314,999.48,-0.52456,-0.52456,-0.11877,-1.5228,0.2991,-6.3978,8.8335
1.8547,2.4164,-0.61164,-0.65413,1.4085,1.9799,-0.25155,0.56681,2.6617,0.35783,-2.835,-0.31015,-2.6473,-2.5179,3.3371,-0.64204,3.5091,-2.8781,-1.0998,-0.5671,-0.5671,-0.5671,-0.065552,-0.75922,-0.56167,-12.463,3.3284,4.368,4.2069,-1.5869,-0.32952,-0.36687,4.4973,0.30247,1.4893,3.4354,-2.94,-3.0013,5.8889,-1.8061,1.0619,-3.2906,-0.027043,1.5294,-2.8968,-1.314,-0.52456,999.48,-0.52456,-0.11877,-1.5228,0.2991,-6.3978,8.8335
1.8547,2.4164,-0.61164,-0.65413,1.4085,1.9799,-0.25155,0.56681,2.6617,0.35783,-2.835,-0.31015,-2.6473,-2.5179,3.3371,-0.64204,3.5091,-2.8781,-1.0998,-0.5671,-0.5671,-0.5671,-0.065552,-0.75922,-0.56167,-12.463,3.3284,4.368,4.2069,-1.5869,-0.32952,-0.36687,4.4973,0.30247,1.4893,3.4354,-2.94,-3.0013,5.8889,-1.8061,1.0619,-3.2906,-0.027043,1.5294,-2.8968,-1.314,-0.52456,-0.52456,999.48,-0.11877,-1.5228,0.2991,-6.3978,8.8335
0.73494,0.94281,-0.27079,-0.23556,0.87662,0.59477,0.019515,0.079398,1.0551,0.142,-0.74578,-0.55332,-0.84468,-0.69303,0.23874,-0.59982,0.27138,-0.73121,-0.53597,-0.076713,-0.076713,-0.076713,-0.016451,0.1714,0.0021252,-2.3453,1.3737,1.563,1.5636,-0.27454,-0.1415,-0.17548,1.588,-0.14128,-0.39206,2.2376,-1.1626,0.61641,0.45148,-0.55146,-0.27267,-1.0541,-0.6541,-0.9667,0.41307,0.1493,-0.11877,-0.11877,-0.11877,999.95,-0.58731,0.0097926,0.25911,3.4865
9.5555,12.255,-3.5275,-3.057,11.474,7.687,0.28237,0.9973,13.718,1.8463,-9.6056,-7.2974,-10.933,-8.9386,2.8451,-7.8815,3.2609,-9.4099,-6.9925,-0.9618,-0.9618,-0.9618,-0.2116,2.3416,0.40976,-29.869,17.873,20.28,20.304,-3.4846,-1.8422,-2.2883,20.599,-1.8993,-5.3331,29.302,-15.115,8.447,5.4189,-7.1318,-3.7104,-13.645,-8.6576,-12.947,5.7441,2.1014,-1.5228,-1.5228,-1.5228,-0.58731,992.37,0.74325,4.0408,45.327
0.17944,0.19628,-0.060875,0.18327,-0.97896,1.1007,-0.02037,0.083695,0.17092,-0.10391,0.43186,0.22587,0.47894,1.9361,-1.6736,0.28143,-1.6742,1.9681,-0.24285,0.24201,0.24201,0.24201,0.010466,0.27186,-0.00804,-1.2774,-0.28869,0.42485,0.51522,0.13017,-0.29713,-0.50248,0.85034,-0.30302,-0.0001451,0.25212,0.78892,0.76708,-1.0273,2.1975,-1.3978,-0.2113,-1.8942,1.2839,1.4088,0.35856,0.2991,0.2991,0.2991,0.0097926,0.74325,0.045203,-2.8391,0.10049
-6.7312,-7.4009,4.8775,0.1786,-34.895,10.559,-10.216,11.496,-9.695,-1.3268,-24.926,41.34,-9.4241,-19.274,89.049,34.608,91.737,-27.724,13.345,-11.744,-11.744,-11.744,-0.65067,-41.345,0.65251,-196.86,-17.244,-0.21089,-5.6462,-27.319,2.216,4.1437,1.7719,23.288,86.321,-94.354,10.508,-157.74,154.34,-8.7346,60.908,-11.365,60.164,141.36,-135.24,-57.803,-6.3978,-6.3978,-6.3978,0.25911,4.0408,-2.8391,762.23,-30.876
-56.799,-72.807,21.038,18.114,-68.987,-45.228,-1.971,-5.5728,-81.54,-10.976,56.173,44.435,64.489,52.377,-14.243,47.698,-16.627,54.922,41.811,5.3549,5.3549,5.3549,1.2344,-15.081,0.32031,171.18,-106.38,-120.14,-120.44,19.841,10.978,13.679,-121.97,11.933,34.115,-176.33,89.843,-54.652,-27.584,41.982,23.768,80.496,53.051,80.818,-37.986,-14.141,8.8335,8.8335,8.8335,3.4865,45.327,0.10049,-30.876,730.59
