181.55,0.70759,0.83578,0.022068,0.53654,0.88392,1.1475,0.611,0.015521,0.29447,0.20875,0.023286
17.409,0.46392,0.71373,0.006349,0.30644,0.49789,0.97086,0.036108,0.0068816,0.19901,0.15925,0.0035741
317.27,0.93991,0.94902,0.065111,0.93475,1.1922,1.3321,1.0256,0.028812,0.51108,0.23803,0.03912
0.00047965,0.16547,0.11731,0.021056,-0.041206,-0.18083,-0.055217,-0.014013,0.095278,-0.041566,-0.13555,0.079548
0.16547,128.29,-24.697,26.741,-22.334,-31.014,-25.087,-2.7647,43.499,92.238,-84.174,77.194
0.11731,-24.697,222.97,-22.16,-4.0919,-123.71,-2.851,1.2401,3.4337,-106.94,-12.128,-94.733
0.021056,26.741,-22.16,992.23,-29.253,3.0866,-5.0178,24.234,0.021671,-45.68,1.9603,5.4075
-0.041206,-22.334,-4.0919,-29.253,414.56,55.269,-296.87,288.55,8.9434,-162.38,-24.258,-1.3518
-0.18083,-31.014,-123.71,3.0866,55.269,680.01,-237.16,-292.44,-7.7589,17.175,-18.998,30.647
-0.055217,-25.087,-2.851,-5.0178,-296.87,-237.16,504.22,-198.9,4.6476,-41.981,63.097,-15.291
-0.014013,-2.7647,1.2401,24.234,288.55,-292.44,-198.9,512.55,-4.2965,120.39,87.339,-13.926
0.095278,43.499,3.4337,0.021671,8.9434,-7.7589,4.6476,-4.2965,996.55,5.4222,-4.2887,-0.75722
-0.041566,92.238,-106.94,-45.68,-162.38,17.175,-41.981,120.39,5.4222,719.02,25.178,41.126
-0.13555,-84.174,-12.128,1.9603,-24.258,-18.998,63.097,87.339,-4.2887,25.178,901.61,43.585
0.079548,77.194,-94.733,5.4075,-1.3518,30.647,-15.291,-13.926,-0.75722,41.126,43.585,933.06
