0.98426,0.89087,-0.28912,-1.0143,0.70404,0.70404,0.70404,0.38427
0.53851,0.48246,-0.68165,-1.5887,-0.17102,-0.17102,-0.17102,3.4524e-05
2.6498,2.6474,0.34152,-0.24927,1.26,1.26,1.26,3.6178
279.38,-254.18,1.3571,30.302,6.3852,6.3852,6.3852,-2.5182
-254.18,275.52,-31.335,-16.095,-7.1174,-7.1174,-7.1174,-17.967
1.3571,-31.335,72.524,-29.398,-3.9142,-3.9142,-3.9142,11.145
30.302,-16.095,-29.398,21.186,1.9993,1.9993,1.9993,-3.9693
6.3852,-7.1174,-3.9142,1.9993,668.04,-331.96,-331.96,0.91924
6.3852,-7.1174,-3.9142,1.9993,-331.96,668.04,-331.96,0.91924
6.3852,-7.1174,-3.9142,1.9993,-331.96,-331.96,668.04,0.91924
-2.5182,-17.967,11.145,-3.9693,0.91924,0.91924,0.91924,10.349
