1.5704,1.558,0.045991,-1.2121,1.3692,1.3692,1.3692,1.0364
0.93862,0.91346,-0.18707,-1.6189,1.2882,1.2882,1.2882,1.7267e-05
2.6403,2.6337,0.21586,-0.79097,1.4851,1.4851,1.4851,3.1091
756.52,-254.61,86.691,-173.09,-39.382,-39.382,-39.382,-275.91
-254.61,732.88,93.617,-204.38,-42.326,-42.326,-42.326,-271.3
86.691,93.617,959,141.65,17.936,17.936,17.936,39.277
-173.09,-204.38,141.65,245.31,-58.896,-58.896,-58.896,269.29
-39.382,-42.326,17.936,-58.896,992.12,-7.8815,-7.8815,-21.859
-39.382,-42.326,17.936,-58.896,-7.8815,992.12,-7.8815,-21.859
-39.382,-42.326,17.936,-58.896,-7.8815,-7.8815,992.12,-21.859
-275.91,-271.3,39.277,269.29,-21.859,-21.859,-21.859,344.36
