760.37,693.57,702.61,750.71,13.092,388.24,722.14,881.02,492.79,57.865
355.34,469.7,258.82,604.34,2.3959,181.74,316.5,421.85,17.833,13.845
1012.8,903.23,850.98,963.63,19.75,448.2,986.35,1178.4,760.16,93.827
0.34164,-0.044667,0.16597,-0.02985,-0.0027109,-0.28812,-0.060397,-0.28568,0.0024506,-0.16014
-0.044667,0.02013,-0.035025,0.0023254,0.012464,0.036295,0.10311,-0.0054513,-0.041745,0.048173
0.16597,-0.035025,0.15035,0.03539,-0.025821,-0.21038,-0.14158,-0.10827,0.10211,0.1006
-0.02985,0.0023254,0.03539,0.044332,0.0018693,-0.03554,-0.02828,0.023292,0.058819,0.18385
-0.0027109,0.012464,-0.025821,0.0018693,0.99869,-0.016238,0.0006563,-0.0021796,0.014058,-0.0033264
-0.28812,0.036295,-0.21038,-0.03554,-0.016238,0.66754,0.072326,-0.076605,0.25586,-0.12309
-0.060397,0.10311,-0.14158,-0.02828,0.0006563,0.072326,0.68461,-0.24515,-0.31749,0.1205
-0.28568,-0.0054513,-0.10827,0.023292,-0.0021796,-0.076605,-0.24515,0.70902,-0.21438,0.021722
0.0024506,-0.041745,0.10211,0.058819,0.014058,0.25586,-0.31749,-0.21438,0.52976,0.14482
-0.16014,0.048173,0.1006,0.18385,-0.0033264,-0.12309,0.1205,0.021722,0.14482,0.85613
47.711,47.711,47.711,47.711,47.711,47.711,47.711,47.711,47.711,47.711
