157.87,0.75478,0.7598,1.532,0.014376,0.41993,0.65668,0.86053,0.4406,0.043004
33.913,0.56098,0.48235,0.90284,0.0052441,0.28837,0.49144,0.80876,0.16438,0.026431
251.61,0.8938,0.93725,3.1635,0.03314,0.64438,0.84998,0.96253,0.67416,0.065241
0.0057892,-0.58836,-2.1505,0.15799,0.051623,0.39581,0.39576,0.44501,0.0492,0.098421
-0.58836,922.38,7.9709,-42.145,-13.739,-156.53,100.65,23.443,179.98,-4.6677
-2.1505,7.9709,997.14,-40.14,1.9251,21.613,-11.434,-1.5016,-23.114,0.074474
0.15799,-42.145,-40.14,7.841,3.74,35.618,30.752,32.462,-3.1566,-11.366
0.051623,-13.739,1.9251,3.74,997.44,-29.102,18.093,3.9215,33.024,-0.7242
0.39581,-156.53,21.613,35.618,-29.102,669.29,205.97,44.823,375.53,-8.3151
0.39576,100.65,-11.434,30.752,18.093,205.97,868.88,-29.915,-235.89,5.8355
0.44501,23.443,-1.5016,32.462,3.9215,44.823,-29.915,992.52,-52.306,1.5896
0.0492,179.98,-23.114,-3.1566,33.024,375.53,-235.89,-52.306,572.16,9.9047
0.098421,-4.6677,0.074474,-11.366,-0.7242,-8.3151,5.8355,1.5896,9.9047,999.64
