132.98,0.66178,0.78578,0.85611,0.015192,0.4128,0.60903,0.77578,0.36298,0.030615,0.39209,0.17432,0.078731
8.7273,0.131,0.49804,0.65364,5.5859e-05,0.039195,0.38484,0.64596,-0.023684,0.0010381,0.15733,0.017579,0.003797
358.03,0.98222,0.96078,1.157,0.042673,0.75205,0.93738,1.0305,0.70271,0.093036,1.1601,0.34078,0.76617
0.00038473,-0.06213,0.0096984,0.090042,-0.0050101,0.074472,0.14894,0.035605,-0.038831,-0.47798,0.083338,-0.18335,-0.049228
-0.06213,50.113,-11.528,-37.59,-21.767,-33.713,-71.891,13.599,47.307,179.56,-32.584,146.09,14.74
0.0096984,-11.528,99.181,-9.1324,1.722,-11.285,173.29,-78.597,-67.329,-291.03,16.57,95.203,6.3959
0.090042,-37.59,-9.1324,103.9,17.788,45.701,109.41,-27.759,-73.437,-331.35,50.538,-170.24,-0.44554
-0.0050101,-21.767,1.722,17.788,9627.2,-424.67,-59.465,-171.99,252.73,-378.68,138.93,-180.86,-168.6
0.074472,-33.713,-11.285,45.701,-424.67,3471,21.776,-3258.4,3270.6,-234.2,19.842,-312.47,13.477
0.14894,-71.891,173.29,109.41,-59.465,21.776,1423.8,-681.92,-703.63,21.121,-3.6194,-247.29,14.823
0.035605,13.599,-78.597,-27.759,-171.99,-3258.4,-681.92,3745.4,-2996.2,-177.85,21.035,-32.714,-11.454
-0.038831,47.307,-67.329,-73.437,252.73,3270.6,-703.63,-2996.2,3733.1,56.425,1.1931,279.65,-24.95
-0.47798,179.56,-291.03,-331.35,-378.68,-234.2,21.121,-177.85,56.425,7247.7,-531.72,-413.83,-164.94
0.083338,-32.584,16.57,50.538,138.93,19.842,-3.6194,21.035,1.1931,-531.72,83.689,-73.907,-9.4151
-0.18335,146.09,95.203,-170.24,-180.86,-312.47,-247.29,-32.714,279.65,-413.83,-73.907,1468.9,72.135
-0.049228,14.74,6.3959,-0.44554,-168.6,13.477,14.823,-11.454,-24.95,-164.94,-9.4151,72.135,63.469
