634.72,608.08,-181.94,-895.95,339.91,339.91,339.91,6.4741,480.39
678.02,653.68,-119.76,-849.95,361.61,361.61,361.61,10.09,565.66
0.65986,-0.3117,0.17588,0.11773,0.11968,0.11968,0.11968,0.020265,-0.19727
-0.3117,0.69693,0.089584,0.05509,0.095712,0.095712,0.095712,0.021623,-0.27363
0.17588,0.089584,0.61517,-0.27764,-0.11917,-0.11917,-0.11917,0.0020524,-0.27921
0.11773,0.05509,-0.27764,0.79938,-0.08368,-0.08368,-0.08368,0.0022278,-0.21288
0.11968,0.095712,-0.11917,-0.08368,0.94672,-0.053276,-0.053276,-0.0046873,-0.0049067
0.11968,0.095712,-0.11917,-0.08368,-0.053276,0.94672,-0.053276,-0.0046873,-0.0049067
0.11968,0.095712,-0.11917,-0.08368,-0.053276,-0.053276,0.94672,-0.0046873,-0.0049067
0.020265,0.021623,0.0020524,0.0022278,-0.0046873,-0.0046873,-0.0046873,0.99826,0.028008
-0.19727,-0.27363,-0.27921,-0.21288,-0.0049067,-0.0049067,-0.0049067,0.028008,0.39111
15.609,15.609,15.609,15.609,15.609,15.609,15.609,15.609,15.609
650.38,629.61,-160.58,-879.64,350.64,350.64,350.64,7.9002,527.68
1,1,1,1,1,1,1,1,1
