0.3657,0.26302,0.22454,0.19093,0.11029,0.24331,0.19299,0.15057,0.23723,0.18212,0.94563,0.081622,0.94343,0.18267,0.11904,0.10054,0.09595,0.98911,-0.88598,1.2536,1.2536,1.2536,0.017239,0.054348,9.2837,-0.038204,-0.05
0.27591,0.19885,0.11751,0.052986,0.058799,0.13938,0.13662,0.023752,0.15525,0.014618,0.79594,0.071013,0.79809,0.022797,0.076387,0.062473,0.068825,0.98515,-1.537,0.87953,0.87953,0.87953,1.5092e-05,-0.055462,-293.14,-0.26009,-0.31765
0.46954,0.4208,0.42015,0.40988,0.13722,0.45248,0.30127,0.27047,0.43463,0.59929,0.99737,0.095709,0.99629,0.5857,0.14254,0.14944,0.15308,0.99431,-0.48566,1.5118,1.5118,1.5118,0.068845,0.17365,227.53,0.25387,0.2
965.62,-3.8215,-38.078,10.659,4.8452,-41.583,-8.5451,19.829,-42.503,-18.074,4.9987,-3.9221,5.7422,-20.03,-9.4606,-9.1225,-3.382,1.4142,17.029,-86.675,-86.675,-86.675,-1.5091,-8.8349,0.067197,57.325,16.612
-3.8215,975.38,25.785,-37.969,7.2389,26.285,-16.221,-23.259,21.133,-63.848,23.437,0.31646,22.632,-61.326,-2.222,7.5642,-8.4539,0.2107,96.816,-15.568,-15.568,-15.568,-8.1379,-15.574,0.078931,-19.434,-3.8011
-38.078,25.785,920.58,60.384,-2.946,-84.408,9.4814,53.556,-79.162,56.704,-22.851,-5.2781,-20.927,51.137,-9.0276,-20.748,6.2761,1.5001,-98.909,-88.65,-88.65,-88.65,8.217,8.3177,-0.01491,95.517,25.408
10.659,-37.969,60.384,933.33,9.3408,62.911,-22.064,-47.355,55.024,-94.471,35.479,2.4338,33.812,-89.43,1.0396,16.711,-12.024,-0.35192,148.34,17.275,17.275,17.275,-12.43,-20.875,0.12045,-59.537,-14.29
4.8452,7.2389,-2.946,9.3408,997.46,-2.6985,5.4335,4.2569,-1.1704,19.673,-7.0411,0.34442,-6.9002,19.19,1.6575,-1.0899,2.7138,-0.21414,-28.688,13.859,13.859,13.859,2.4199,5.2863,-0.030055,-0.93308,-0.77725
-41.583,26.285,-84.408,62.911,-2.6985,910.22,9.1719,56.515,-84.447,57.136,-23.183,-5.7057,-21.15,51.269,-9.9491,-21.994,6.2285,1.6423,-100.66,-97.269,-97.269,-97.269,8.3563,7.9537,-0.033728,102.31,27.309
-8.5451,-16.221,9.4814,-22.064,5.4335,9.1719,988.24,-11.143,5.7558,-43.525,15.685,-0.5,15.309,-42.282,-3.0904,3.1469,-5.9394,0.3853,64.148,-25.29,-25.29,-25.29,-5.4058,-11.406,0.13039,-2.0387,0.56453
19.829,-23.259,53.556,-47.355,4.2569,56.515,-11.143,961.76,51.73,-54.657,21.198,3.0543,19.835,-50.645,4.2255,14.29,-6.5509,-0.75943,90.08,43.753,43.753,43.753,-7.5177,-10.261,-0.019013,-60.226,-15.526
-42.503,21.133,-79.162,55.024,-1.1704,-84.447,5.7558,51.73,919.81,43.745,-18.274,-5.6536,-16.406,38.397,-10.447,-20.447,4.4519,1.6913,-80.396,-100.83,-100.83,-100.83,6.6523,4.6716,0.021716,98.459,26.575
-18.074,-63.848,56.704,-94.471,19.673,57.136,-43.525,-54.657,43.745,832.44,61.111,-0.13882,59.234,-161.59,-7.9652,17.13,-22.425,0.88025,251.57,-60.733,-60.733,-60.733,-21.165,-41.941,0.27461,-35.82,-5.7017
4.9987,23.437,-22.851,35.479,-7.0411,-23.183,15.685,21.198,-18.274,61.111,977.63,-0.14131,-21.635,58.804,2.4824,-6.7862,8.1313,-0.25623,-92.248,18.214,18.214,18.214,7.757,15.085,-0.11832,16.07,2.9257
-3.9221,0.31646,-5.2781,2.4338,0.34442,-5.7057,-0.5,3.0543,-5.6536,-0.13882,-0.14131,999.53,-0.028885,-0.44728,-1.043,-1.3076,-0.13463,0.15969,-1.0094,-9.7047,-9.7047,-9.7047,0.075704,-0.55419,-0.0030931,7.3431,2.0709
5.7422,22.632,-20.927,33.812,-6.9002,-21.15,15.309,19.835,-16.406,59.234,-21.635,-0.028885,979.05,57.069,2.6441,-6.2743,7.9082,-0.28485,-89.134,19.871,19.871,19.871,7.4973,14.74,-0.12374,13.883,2.3593
-20.03,-61.326,51.137,-89.43,19.19,51.269,-42.282,-50.645,38.397,-161.59,58.804,-0.44728,57.069,843.97,-8.3711,15.639,-21.703,0.95468,241.79,-64.994,-64.994,-64.994,-20.348,-40.791,0.29115,-29.634,-4.1165
-9.4606,-2.222,-9.0276,1.0396,1.6575,-9.9491,-3.0904,4.2255,-10.447,-7.9652,2.4824,-1.043,2.6441,-8.3711,997.34,-2.0957,-1.3215,0.39179,9.2778,-24.141,-24.141,-24.141,-0.80083,-3.1372,0.097458,14.528,4.2986
-9.1225,7.5642,-20.748,16.711,-1.0899,-21.994,3.1469,14.29,-20.447,17.13,-6.7862,-1.3076,-6.2743,15.639,-2.0957,994.54,1.9666,0.35632,-29.137,-20.898,-20.898,-20.898,2.4254,2.8292,0.057876,24.363,6.4109
-3.382,-8.4539,6.2761,-12.024,2.7138,6.2285,-5.9394,-6.5509,4.4519,-22.425,8.1313,-0.13463,7.9082,-21.703,-1.3215,1.9666,996.97,0.15699,33.369,-10.508,-10.508,-10.508,-2.8096,-5.7411,0.028902,-2.9764,-0.25141
1.4142,0.2107,1.5001,-0.35192,-0.21414,1.6423,0.3853,-0.75943,1.6913,0.88025,-0.25623,0.15969,-0.28485,0.95468,0.39179,0.35632,0.15699,999.94,-0.91041,3.5788,3.5788,3.5788,0.079704,0.39572,-0.0095445,-2.3012,-0.6709
17.029,96.816,-98.909,148.34,-28.688,-100.66,64.148,90.08,-80.396,251.57,-92.248,-1.0094,-89.134,241.79,9.2778,-29.137,33.369,-0.91041,619.14,66.211,66.211,66.211,32.018,61.626,0.16081,72.852,13.93
-86.675,-15.568,-88.65,17.275,13.859,-97.269,-25.29,43.753,-100.83,-60.733,18.214,-9.7047,19.871,-64.994,-24.141,-20.898,-10.508,3.5788,66.211,780,-220,-220,-5.7592,-25.854,-0.29464,138.21,40.499
-86.675,-15.568,-88.65,17.275,13.859,-97.269,-25.29,43.753,-100.83,-60.733,18.214,-9.7047,19.871,-64.994,-24.141,-20.898,-10.508,3.5788,66.211,-220,780,-220,-5.7592,-25.854,-0.29464,138.21,40.499
-86.675,-15.568,-88.65,17.275,13.859,-97.269,-25.29,43.753,-100.83,-60.733,18.214,-9.7047,19.871,-64.994,-24.141,-20.898,-10.508,3.5788,66.211,-220,-220,780,-5.7592,-25.854,-0.29464,138.21,40.499
-1.5091,-8.1379,8.217,-12.43,2.4199,8.3563,-5.4058,-7.5177,6.6523,-21.165,7.757,0.075704,7.4973,-20.348,-0.80083,2.4254,-2.8096,0.079704,32.018,-5.7592,-5.7592,-5.7592,997.31,-5.1948,0.041688,-5.9847,-1.1313
-8.8349,-15.574,8.3177,-20.875,5.2863,7.9537,-11.406,-10.261,4.6716,-41.941,15.085,-0.55419,14.74,-40.791,-3.1372,2.8292,-5.7411,0.39572,61.626,-25.854,-25.854,-25.854,-5.1948,988.93,-0.12119,-0.83115,0.86286
0.067197,0.078931,-0.01491,0.12045,-0.030055,-0.033728,0.13039,-0.019013,0.021716,0.27461,-0.11832,-0.0030931,-0.12374,0.29115,0.097458,0.057876,0.028902,-0.0095445,0.16081,-0.29464,-0.29464,-0.29464,0.041688,-0.12119,0.0022653,-0.83581,-0.99481
57.325,-19.434,95.517,-59.537,-0.93308,102.31,-2.0387,-60.226,98.459,-35.82,16.07,7.3431,13.883,-29.634,14.528,24.363,-2.9764,-2.3012,72.852,138.21,138.21,138.21,-5.9847,-0.83115,-0.83581,876.88,-33.726
16.612,-3.8011,25.408,-14.29,-0.77725,27.309,0.56453,-15.526,26.575,-5.7017,2.9257,2.0709,2.3593,-4.1165,4.2986,6.4109,-0.25141,-0.6709,13.93,40.499,40.499,40.499,-1.1313,0.86286,-0.99481,-33.726,990.65
