163.71,0.51281,0.77941,0.24414,0.00029481,0.12268,0.76891,0.82651,0.70382,0.69868,1.3286,0.16869,0.99457
86.027,0.2809,0.66667,0.22205,0.00022325,0.096003,0.70878,0.77481,0.63334,0.48665,0.92037,0.14355,0.99076
281.25,0.876,0.98039,0.27393,0.0003798,0.14522,0.83757,0.88389,0.77585,0.93203,1.842,0.2055,0.99779
0.0098894,-0.37981,3.0782,-4.879,-0.0036254,-2.4835,2.6732,2.6831,5.1666,2.265,-0.61359,2.9089,0.23928
-0.37981,4029.5,-3222.8,-165.88,-0.21578,-691.31,863.07,838.16,1529.5,-3034.1,-60.547,-285.92,41.415
3.0782,-3222.8,7865.4,18.66,-0.32161,-384.07,663.88,610.58,994.65,-1067.8,1799.2,-217.9,30.182
-4.879,-165.88,18.66,9965.8,0.050196,-16.221,-30.259,-20.035,-3.8137,-240.43,-503.48,9.4699,-0.99327
-0.0036254,-0.21578,-0.32161,0.050196,10000,-0.030649,0.13403,0.11243,0.14308,0.18636,0.94919,-0.043344,0.0055618
-2.4835,-691.31,-384.07,-16.221,-0.030649,9919.7,105.4,101.42,181.76,-335.58,43.567,-34.86,5.0116
2.6732,863.07,663.88,-30.259,0.13403,105.4,9776,-200.44,-305.84,152.88,-909.55,73.195,-9.9106
2.6831,838.16,610.58,-20.035,0.11243,101.42,-200.44,9819,-282.41,197.72,-724.99,65.588,-8.948
5.1666,1529.5,994.65,-3.8137,0.14308,181.76,-305.84,-282.41,9535.8,533.3,-768.55,100.45,-13.96
2.265,-3034.1,-1067.8,-240.43,0.18636,-335.58,152.88,197.72,533.3,7635.6,-2674.2,-53.574,9.7522
-0.61359,-60.547,1799.2,-503.48,0.94919,43.567,-909.55,-724.99,-768.55,-2674.2,1503.5,291.9,-35.88
2.9089,-285.92,-217.9,9.4699,-0.043344,-34.86,73.195,65.588,100.45,-53.574,291.9,9976.1,3.2428
0.23928,41.415,30.182,-0.99327,0.0055618,5.0116,-9.9106,-8.948,-13.96,9.7522,-35.88,3.2428,9999.6
