0.20815,0.10469,-0.17684,0.091111,0.097805,0.14292,0.17342,0.089876,0.051513,0.023333,0.99103,0.10594,0.54326,0.076951,0.70601,0.71236,0.067586,0.53857,-0.40224,0.017492,0.017492,0.017492,0.00057529,0.016465,44.964,-0.17027,0.021569,0.26937,0.18864,-0.19021,0.19815,0.010569,0.18028,0.17888,0.031342,0.1962,0.013672,0.10255,0.99021,0.046993,0.98772,0.10286,0.99725,0.047274,0.014,-0.43864,0.0088206,0.0088206,0.0088206,0.001911,0.12766,77.327,-0.16021,0.048039
0.1278,0.078617,-0.20938,0.081176,0.04695,0.0173,0.076345,0.052047,0.0091679,0.0028281,0.96144,0.01303,0.15981,0.0070585,0.2138,0.21445,0.033472,0.15402,-0.44775,0.0024704,0.0024704,0.0024704,8.7546e-06,-0.047788,-101.11,-0.75241,-0.64706,0.20534,0.13603,-0.2134,0.14648,0.0002143,0.14353,0.13648,0.0027505,0.14919,0.0019902,0.0029465,0.94985,0.0049395,0.9497,0.0064697,0.98434,0.0048893,0.0020225,-0.46939,-0.0033743,-0.0033743,-0.0033743,6.0939e-05,0.083256,-91.59,-0.50572,-0.16863
0.22407,0.14903,-0.076744,0.10913,0.17542,0.20061,0.20203,0.1156,0.12322,0.054319,0.99942,0.27493,0.97667,0.26089,0.98327,0.98681,0.11005,0.97598,-0.17472,0.031925,0.031925,0.031925,0.002258,0.09817,321.11,0.23024,0.61177,0.33825,0.26653,-0.13159,0.28077,0.023401,0.19502,0.19468,0.087105,0.28255,0.022034,0.31269,0.99979,0.17511,0.99969,0.3127,0.99999,0.1752,0.02847,-0.41166,0.037301,0.037301,0.037301,0.014062,0.2144,237.6,0.15991,0.4
963.15,-6.2718,41.597,0.21637,-23.067,-39.766,-38.061,-1.1734,-18.918,3.0762,-3.421,52.169,-11.688,36.626,-36.743,-34.626,15.08,-14.054,100.61,0.71683,0.71683,0.71683,-0.46916,5.2825,-0.068401,31.866,21.938,-22.644,-0.13608,30.341,-20.888,-5.9056,-8.2081,-10.313,10.439,-20.093,-7.7772,-13.02,0.52417,25.964,-3.4457,-11.252,-3.7319,25.468,-7.7652,22.067,17.583,17.583,17.583,-2.8469,-9.0131,0.068288,-33.053,-0.19709
-6.2718,996.39,5.4408,-0.19647,-1.6984,-6.3685,-3.9424,1.4885,-9.2861,1.9986,1.1033,2.4096,-11.934,-0.59823,7.5005,6.1167,1.6563,-11.959,18.327,-0.027807,-0.027807,-0.027807,-0.13082,-4.0836,-0.043123,-13.561,5.5558,-9.6876,-5.8045,7.5346,-11.318,-0.68785,-1.1906,-1.3966,-2.5558,-10.372,-1.1396,-11.047,2.5655,2.81,2.0091,-10.778,-0.52091,2.7143,-0.7999,6.4584,5.116,5.116,5.116,-0.82696,-7.6104,0.069293,-30.452,18.481
41.597,5.4408,951.96,-0.42565,27.32,45.359,44.644,2.1621,17.751,-2.7364,4.7698,-61.712,5.9686,-44.45,51.547,48.21,-17.388,8.8245,-112.59,-0.85319,-0.85319,-0.85319,0.48784,-8.9866,0.068371,-49.968,-23.436,21.779,-3.4392,-32.578,18.56,6.7818,9.3955,11.866,-14.276,18.136,8.879,10.648,0.76391,-30.488,5.3277,8.6365,4.2928,-29.929,9.0817,-22.883,-18.344,-18.344,-18.344,2.9426,6.2752,-0.05747,21.429,10.582
0.21637,-0.19647,-0.42565,999.84,-0.48894,0.95425,0.50945,-0.22273,-0.12193,0.10174,-0.080287,0.64616,-6.3195,0.86848,5.836,5.9147,-0.04934,-6.347,-0.53192,0.19414,0.19414,0.19414,-0.012241,-0.4438,-0.031887,1.4215,1.3118,-0.28247,-0.28792,0.10033,-0.4095,-0.0060945,0.052578,0.11606,-0.056831,-0.45642,-0.066475,1.0447,-0.098076,-0.3425,-0.061329,1.0244,0.037572,-0.35878,-0.0076962,0.2245,0.25201,0.25201,0.25201,-0.074365,-0.42774,0.060622,-0.035984,-0.7334
-23.067,-1.6984,27.32,-0.48894,976.45,-19.918,-26.199,-4.9765,-4.3025,0.39487,-5.535,48.428,-28.306,40.242,-9.1674,-4.4152,11.8,-30.677,59.924,2.1131,2.1131,2.1131,-0.30187,8.0285,-0.044761,56.817,61.546,-6.3317,7.0393,15.105,-2.9863,-4.5772,-4.932,-6.2695,13.484,-4.0211,-6.1555,9.6779,-4.3257,16.585,-6.8977,10.788,-2.3948,16.22,-6.5162,9.1425,8.6927,8.6927,8.6927,-1.8137,1.0522,0.16913,21.098,-14.087
-39.766,-6.3685,45.359,0.95425,-19.918,952.57,-41.599,1.5429,-22.5,4.3867,-1.7971,43.753,11.887,26.54,-64.404,-63.985,14.247,9.9356,108.51,-0.44447,-0.44447,-0.44447,-0.4177,5.2374,-0.097297,34.002,-8.3392,-25.129,-1.2616,32.732,-23.319,-5.5672,-9.1125,-11.461,8.3511,-21.809,-7.614,-27.783,3.0245,29.69,-1.3172,-25.877,-4.1039,29.163,-7.5999,23.311,18.199,18.199,18.199,-2.5422,-9.7422,0.035772,-45.033,3.955
-38.061,-3.9424,44.644,0.50945,-26.199,-41.599,958,-2.5524,-13.962,2.0474,-4.9815,58.177,-0.16856,42.617,-53.766,-50.069,16.26,-2.9088,102.03,0.84973,0.84973,0.84973,-0.41677,10.116,-0.10277,54.882,28.571,-17.151,5.5089,28.31,-13.388,-6.2978,-8.5871,-10.928,14.727,-13.314,-8.2512,-7.5721,-1.62,28.505,-5.848,-5.7184,-3.9772,28.002,-8.6186,19.047,15.539,15.539,15.539,-2.5077,-3.109,0.11253,-8.1146,-12.734
-1.1734,1.4885,2.1621,-0.22273,-4.9765,1.5429,-2.5524,995.51,7.4141,-3.6522,-3.6314,23.322,-2.6855,22.51,4.5176,8.1294,4.2,-3.7813,4.4818,0.87651,0.87651,0.87651,-0.08959,5.9362,-0.016713,-8.3619,16.543,3.6565,5.795,0.41943,5.1577,-1.5947,-0.27386,-0.52605,7.3048,3.9787,-0.73799,25.996,-4.877,-0.15311,-5.0167,26.127,-0.1144,-0.065112,-1.0716,1.4186,0.34333,0.34333,0.34333,-0.48585,4.3547,0.086618,19.944,-26.177
-18.918,-9.2861,17.751,-0.12193,-4.3025,-22.5,-13.962,7.4141,970.78,8.9186,5.1654,-10.377,-25.202,-18.152,-0.050131,-6.006,1.5463,-24.574,51.272,-0.6732,-0.6732,-0.6732,-0.22556,-12.532,-0.02213,6.878,0.62167,-25.742,-16.136,19.54,-29.551,-0.74328,-3.8397,-4.4004,-9.9586,-26.477,-3.2958,-53.796,10.129,12.146,8.2878,-53.047,-1.7456,11.71,-2.3267,13.96,12.446,12.446,12.446,-1.4979,-19.714,0.0076066,-78.118,62.483
3.0762,1.9986,-2.7364,0.10174,0.39487,4.3867,2.0474,-3.6522,8.9186,995.52,-2.7519,15.655,13.342,15.874,-0.99714,1.8884,2.5707,12.638,-6.0139,0.20515,0.20515,0.20515,-0.033424,5.3398,0.1701,-30.198,5.9314,5.1077,4.8747,-2.4109,6.0449,-0.90854,0.67677,0.55684,5.2444,5.0941,0.58451,25.918,-4.3351,-3.4787,-3.9997,25.877,0.32581,-3.2591,0.20468,-0.07143,-1.4764,-1.4764,-1.4764,-0.1434,4.5968,-0.15079,14.414,-23.117
-3.421,1.1033,4.7698,-0.080287,-5.535,-1.7971,-4.9815,-3.6314,5.1654,-2.7519,996.83,21.717,0.16184,20.069,-2.4862,0.59344,4.3099,-0.86574,10.063,0.68504,0.68504,0.68504,-0.087934,5.6148,-0.035127,-1.5356,14.109,2.1567,5.2376,1.9491,3.7118,-1.6362,-0.79303,-1.1625,6.8132,2.7763,-1.0966,19.515,-3.9492,1.9467,-4.3483,19.742,-0.36347,1.9847,-1.4123,2.0371,1.046,1.046,1.046,-0.48628,3.6458,0.059548,16.457,-21.714
52.169,2.4096,-61.712,0.64616,48.428,43.753,58.177,23.322,-10.377,15.655,21.717,815.47,17.65,-159.05,22.029,2.093,-40.813,26.038,-153.46,-4.5195,-4.5195,-4.5195,1.1319,-34.456,0.24362,55.252,-85.08,16.591,-24.351,-44.574,8.7111,15.744,11.735,15.707,-47.352,12.875,12.674,-117.12,22.671,-29.615,28.219,-120.04,5.1337,-29.573,14.112,-41.242,-26.942,-26.942,-26.942,6.5625,-5.1136,-0.14782,-25.567,131.31
-11.688,-11.934,5.9686,-6.3195,-28.306,11.887,-0.16856,-2.6855,-25.202,13.342,0.16184,17.65,722.11,20.228,207.42,206.47,-1.8378,-278.63,30.242,7.3713,7.3713,7.3713,-0.55568,-22.194,-0.069845,149.53,-5.9637,-27.39,-16.954,20.902,-32.147,-0.63412,-3.2013,-1.2274,-6.1143,-32.34,-6.523,-8.484,3.7041,5.9886,2.8535,-8.5339,-0.71321,4.6505,-3.41,18.469,19.463,19.463,19.463,-3.4323,-25.36,-0.058636,-30.086,-19.519
36.626,-0.59823,-44.45,0.86848,40.242,26.54,42.617,22.51,-18.152,15.874,20.069,-159.05,20.228,859.08,4.7011,-14.144,-33.542,27.511,-109.34,-4.4652,-4.4652,-4.4652,0.89786,-31.866,0.1482,46.617,-79.326,5.7205,-25.018,-30.626,-1.8097,12.929,8.3001,11.293,-42.742,2.803,9.6435,-118.2,22.591,-19.615,26.507,-120.35,3.5998,-19.699,11.061,-29.962,-18.745,-18.745,-18.745,5.1539,-9.8751,-0.018806,-47.716,129.69
-36.743,7.5005,51.547,5.836,-9.1674,-64.404,-53.766,4.5176,-0.050131,-0.99714,-2.4862,22.029,207.42,4.7011,748.31,-250.05,12.851,206.08,92.018,-5.2644,-5.2644,-5.2644,0.23756,27.891,0.070472,69.15,-30.831,5.7068,22.122,13.658,16.075,-4.1935,-8.891,-12.781,17.675,16.542,-4.8035,-41.225,0.065071,38.112,-4.6922,-39.16,-4.5831,38.078,-7.3395,0.19437,-0.44864,-0.44864,-0.44864,1.4828,21.298,-0.11884,41.207,-8.9812
-34.626,6.1167,48.21,5.9147,-4.4152,-63.985,-50.069,8.1294,-6.006,1.8884,0.59344,2.093,206.47,-14.144,-250.05,748.55,9.0638,206.08,85.554,-5.9218,-5.9218,-5.9218,0.30714,22.357,0.084573,71.365,-44.171,2.6123,16.755,12.849,11.444,-2.7637,-8.3849,-11.976,11.15,12.889,-3.9803,-61.299,4.0746,37.042,-0.42088,-59.4,-4.3487,36.952,-6.1916,-0.98024,-0.81225,-0.81225,-0.81225,1.8572,17.194,-0.15512,23.038,13.008
15.08,1.6563,-17.388,-0.04934,11.8,14.247,16.26,4.2,1.5463,2.5707,4.3099,-40.813,-1.8378,-33.542,12.851,9.0638,989.96,0.015331,-43.148,-0.76616,-0.76616,-0.76616,0.27756,-6.794,0.18594,14.697,-30.898,6.6184,-3.847,-12.38,5.1365,3.8166,3.1885,4.3095,-9.8427,5.6299,3.419,-18.05,3.8492,-8.7446,5.4431,-18.87,1.4831,-8.7111,3.7644,-10.448,-7.299,-7.299,-7.299,1.6403,0.86346,-0.22925,3.2749,15.285
-14.054,-11.959,8.8245,-6.347,-30.677,9.9356,-2.9088,-3.7813,-24.574,12.638,-0.86574,26.038,-278.63,27.511,206.08,206.08,0.015331,720.25,37.05,7.5958,7.5958,7.5958,-0.60368,-20.513,-0.092518,148.5,-0.97262,-27.878,-15.655,22.753,-32.204,-1.3457,-3.7282,-1.9375,-3.8462,-32.615,-7.1213,-3.1683,2.613,7.3974,1.5058,-3.0857,-0.95065,6.0552,-4.0876,20.103,20.556,20.556,20.556,-3.7101,-24.9,-0.034147,-27.72,-25.456
100.61,18.327,-112.59,-0.53192,59.924,108.51,102.03,4.4818,51.272,-6.0139,10.063,-153.46,30.242,-109.34,92.018,85.554,-43.148,37.05,720.33,-1.7347,-1.7347,-1.7347,1.4051,-14.732,0.013077,-39.471,-33.74,66.481,2.2892,-87.18,62.826,16.95,22.597,28.397,-29.078,60.505,20.752,21.302,-0.49415,-68.699,10.223,16.419,10.07,-67.475,20.548,-67.116,-51.284,-51.284,-51.284,8.4813,27.973,0.01084,112.08,16.471
0.71683,-0.027807,-0.85319,0.19414,2.1131,-0.44447,0.84973,0.87651,-0.6732,0.20515,0.68504,-4.5195,7.3713,-4.4652,-5.2644,-5.9218,-0.76616,7.5958,-1.7347,999.62,-0.38475,-0.38475,0.025001,-0.59273,-0.0017137,-5.3015,-7.5227,-0.31557,-0.84048,-0.34962,-0.57692,0.31155,0.13392,0.14835,-1.3068,-0.33506,0.39885,-3.7218,0.80929,-0.3469,0.88645,-3.753,0.066915,-0.32241,0.41148,-0.22379,-0.346,-0.346,-0.346,0.14696,-0.41985,0.0043771,-4.7463,3.3433
0.71683,-0.027807,-0.85319,0.19414,2.1131,-0.44447,0.84973,0.87651,-0.6732,0.20515,0.68504,-4.5195,7.3713,-4.4652,-5.2644,-5.9218,-0.76616,7.5958,-1.7347,-0.38475,999.62,-0.38475,0.025001,-0.59273,-0.0017137,-5.3015,-7.5227,-0.31557,-0.84048,-0.34962,-0.57692,0.31155,0.13392,0.14835,-1.3068,-0.33506,0.39885,-3.7218,0.80929,-0.3469,0.88645,-3.753,0.066915,-0.32241,0.41148,-0.22379,-0.346,-0.346,-0.346,0.14696,-0.41985,0.0043771,-4.7463,3.3433
0.71683,-0.027807,-0.85319,0.19414,2.1131,-0.44447,0.84973,0.87651,-0.6732,0.20515,0.68504,-4.5195,7.3713,-4.4652,-5.2644,-5.9218,-0.76616,7.5958,-1.7347,-0.38475,-0.38475,999.62,0.025001,-0.59273,-0.0017137,-5.3015,-7.5227,-0.31557,-0.84048,-0.34962,-0.57692,0.31155,0.13392,0.14835,-1.3068,-0.33506,0.39885,-3.7218,0.80929,-0.3469,0.88645,-3.753,0.066915,-0.32241,0.41148,-0.22379,-0.346,-0.346,-0.346,0.14696,-0.41985,0.0043771,-4.7463,3.3433
-0.46916,-0.13082,0.48784,-0.012241,-0.30187,-0.4177,-0.41677,-0.08959,-0.22556,-0.033424,-0.087934,1.1319,-0.55568,0.89786,0.23756,0.30714,0.27756,-0.60368,1.4051,0.025001,0.025001,0.025001,999.99,0.057487,0.0021649,-0.90691,0.42319,-0.41398,-0.058495,0.49663,-0.42831,-0.10959,-0.10087,-0.1276,0.17923,-0.422,-0.10109,0.38402,-0.049721,0.23218,-0.095492,0.40795,-0.042476,0.22929,-0.096299,0.46154,0.32343,0.32343,0.32343,-0.06508,-0.22701,-0.0020906,-0.90352,-0.28026
5.2825,-4.0836,-8.9866,-0.4438,8.0285,5.2374,10.116,5.9362,-12.532,5.3398,5.6148,-34.456,-22.194,-31.866,27.891,22.357,-6.794,-20.513,-14.732,-0.59273,-0.59273,-0.59273,0.057487,986.98,0.080709,-9.4677,-6.6726,-8.0421,-12.658,-1.0392,-12.057,2.5264,1.4981,2.266,-13.163,-10.202,1.4628,-32.783,7.2947,-4.9569,8.0345,-33.171,0.68902,-5.0504,2.2697,-0.80617,0.53133,0.53133,0.53133,0.24819,-10.9,0.060843,-41.916,47.834
-0.068401,-0.043123,0.068371,-0.031887,-0.044761,-0.097297,-0.10277,-0.016713,-0.02213,0.1701,-0.035127,0.24362,-0.069845,0.1482,0.070472,0.084573,0.18594,-0.092518,0.013077,-0.0017137,-0.0017137,-0.0017137,0.0021649,0.080709,0.0012416,-0.36047,-0.24603,0.15935,0.13311,-0.092385,0.18531,-0.019544,0.035609,0.035769,0.10118,0.16607,-0.084435,-0.30632,-0.0030091,-0.14419,-0.0023257,-0.29944,0.0031088,-0.14594,-0.10124,-0.15351,-0.040674,-0.040674,-0.040674,0.0027971,0.098978,-0.00059794,0.3245,0.19213
31.866,-13.561,-49.968,1.4215,56.817,34.002,54.882,-8.3619,6.878,-30.198,-1.5356,55.252,149.53,46.617,69.15,71.365,14.697,148.5,-39.471,-5.3015,-5.3015,-5.3015,-0.90691,-9.4677,-0.36047,296.74,29.98,-30.728,-32.27,9.1441,-48.792,-4.7318,9.9153,9.6078,-10.453,-45.15,12.178,129.3,-6.4228,-58.816,-1.3115,128.73,4.878,-56.05,12.055,39.666,11.974,11.974,11.974,-5.3356,-36.673,0.12225,-247.8,42.79
21.938,5.5558,-23.436,1.3118,61.546,-8.3392,28.571,16.543,0.62167,5.9314,14.109,-85.08,-5.9637,-79.326,-30.831,-44.171,-30.898,-0.97262,-33.74,-7.5227,-7.5227,-7.5227,0.42319,-6.6726,-0.24603,29.98,169.35,-21.009,-12.037,18.066,-24.791,9.5472,-4.2915,-1.0632,-27.128,-21.725,12.256,-26.237,16.315,5.6866,18.386,-27.72,1.7479,5.0096,16.588,33.454,11.043,11.043,11.043,3.0348,-8.5624,0.021223,-122.34,-287.37
-22.644,-9.6876,21.779,-0.28247,-6.3317,-25.129,-17.151,3.6565,-25.742,5.1077,2.1567,16.591,-27.39,5.7205,5.7068,2.6123,6.6184,-27.878,66.481,-0.31557,-0.31557,-0.31557,-0.41398,-8.0421,0.15935,-30.728,-21.009,970.72,-13.988,26.172,-32.862,-2.7843,-4.9824,-5.8786,-4.2328,-30.334,-3.9143,-27.48,6.5324,12.846,4.369,-26.469,-2.0377,12.506,-2.9539,22.682,16.951,16.951,16.951,-2.5607,-20.36,-0.089023,-86.505,27.908
-0.13608,-5.8045,-3.4392,-0.28792,7.0393,-1.2616,5.5089,5.795,-16.136,4.8747,5.2376,-24.351,-16.954,-25.018,22.122,16.755,-3.847,-15.655,2.2892,-0.84048,-0.84048,-0.84048,-0.058495,-12.658,0.13311,-32.27,-12.037,-13.988,985.63,5.2965,-18.507,1.3874,0.29952,0.69093,-12.236,-16.252,0.67887,-31.496,7.548,-2.3266,7.7686,-31.591,0.2003,-2.4079,1.5375,5.3423,4.4473,4.4473,4.4473,-0.44556,-14.353,0.0062702,-60.84,47.441
30.341,7.5346,-32.578,0.10033,15.105,32.732,28.31,0.41943,19.54,-2.4109,1.9491,-44.574,20.902,-30.626,13.658,12.849,-12.38,22.753,-87.18,-0.34962,-0.34962,-0.34962,0.49663,-1.0392,-0.092385,9.1441,18.066,26.172,5.2965,969.83,26.718,4.9993,7.0013,8.5684,-5.7044,25.426,5.9006,8.1022,-1.7918,-19.611,1.3319,6.6552,2.9359,-19.223,5.4107,-25.353,-18.557,-18.557,-18.557,2.9946,13.828,0.12575,58.844,7.0304
-20.888,-11.318,18.56,-0.4095,-2.9863,-23.319,-13.388,5.1577,-29.551,6.0449,3.7118,8.7111,-32.147,-1.8097,16.075,11.444,5.1365,-32.204,62.826,-0.57692,-0.57692,-0.57692,-0.42831,-12.057,0.18531,-48.792,-24.791,-32.862,-18.507,26.718,961.96,-2.2354,-4.4685,-5.1588,-8.2027,-34.88,-3.3154,-33.968,8.5309,10.441,6.6471,-33.062,-1.775,10.124,-2.0932,23.954,17.802,17.802,17.802,-2.6709,-24.655,-0.15694,-105.42,41.345
-5.9056,-0.68785,6.7818,-0.0060945,-4.5772,-5.5672,-6.2978,-1.5947,-0.74328,-0.90854,-1.6362,15.744,-0.63412,12.929,-4.1935,-2.7637,3.8166,-1.3457,16.95,0.31155,0.31155,0.31155,-0.10959,2.5264,-0.019544,-4.7318,9.5472,-2.7843,1.3874,4.9993,-2.2354,998.54,-1.2797,-1.6994,3.7319,-2.4185,-1.3356,6.8476,-1.4277,3.4905,-2.0514,7.1641,-0.58054,3.468,-1.4426,4.2647,2.9797,2.9797,2.9797,-0.64685,-0.48232,-0.020536,-1.7643,-6.8844
-8.2081,-1.1906,9.3955,0.052578,-4.932,-9.1125,-8.5871,-0.27386,-3.8397,0.67677,-0.79303,11.735,-3.2013,8.3001,-8.891,-8.3849,3.1885,-3.7282,22.597,0.13392,0.13392,0.13392,-0.10087,1.4981,0.035609,9.9153,-4.2915,-4.9824,0.29952,7.0013,-4.4685,-1.2797,998.05,-2.4001,2.4739,-4.333,-1.6867,-2.352,0.068938,6.1422,-0.82724,-1.9628,-0.84432,6.017,-1.6528,5.254,4.0338,4.0338,4.0338,-0.60391,-1.7063,0.049115,-6.7147,-5.1169
-10.313,-1.3966,11.866,0.11606,-6.2695,-11.461,-10.928,-0.52605,-4.4004,0.55684,-1.1625,15.707,-1.2274,11.293,-12.781,-11.976,4.3095,-1.9375,28.397,0.14835,0.14835,0.14835,-0.1276,2.266,0.035769,9.6078,-1.0632,-5.8786,0.69093,8.5684,-5.1588,-1.6994,-2.4001,996.99,3.4724,-5.0253,-2.1199,-1.8799,-0.15996,7.5589,-1.2861,-1.3797,-1.0604,7.4235,-2.1353,6.3939,4.8775,4.8775,4.8775,-0.76384,-1.818,0.032689,-7.4952,-5.5589
10.439,-2.5558,-14.276,-0.056831,13.484,8.3511,14.727,7.3048,-9.9586,5.2444,6.8132,-47.352,-6.1143,-42.742,17.675,11.15,-9.8427,-3.8462,-29.078,-1.3068,-1.3068,-1.3068,0.17923,-13.163,0.10118,-10.453,-27.128,-4.2328,-12.236,-5.7044,-8.2027,3.7319,2.4739,3.4724,984.57,-6.2544,2.9278,-36.792,8.1072,-7.4109,9.3511,-37.423,1.1506,-7.4306,3.6782,-4.641,-2.7073,-2.7073,-2.7073,0.98854,-8.5999,-0.13833,-37.89,46.841
-20.093,-10.372,18.136,-0.45642,-4.0211,-21.809,-13.314,3.9787,-26.477,5.0941,2.7763,12.875,-32.34,2.803,16.542,12.889,5.6299,-32.615,60.505,-0.33506,-0.33506,-0.33506,-0.422,-10.202,0.16607,-45.15,-21.725,-30.334,-16.252,25.426,-34.88,-2.4185,-4.333,-5.0253,-6.2544,967.85,-3.3254,-27.114,7.1011,10.056,5.2757,-26.23,-1.7166,9.7598,-2.2212,22.951,16.952,16.952,16.952,-2.6163,-22.376,-0.10711,-95.028,32.791
-7.7772,-1.1396,8.879,-0.066475,-6.1555,-7.614,-8.2512,-0.73799,-3.2958,0.58451,-1.0966,12.674,-6.523,9.6435,-4.8035,-3.9803,3.419,-7.1213,20.752,0.39885,0.39885,0.39885,-0.10109,1.4628,-0.084435,12.178,12.256,-3.9143,0.67887,5.9006,-3.3154,-1.3356,-1.6867,-2.1199,2.9278,-3.3254,998.17,-1.0062,-0.39179,5.4764,-1.2373,-0.63649,-0.79131,5.3587,-1.864,4.0049,3.4489,3.4489,3.4489,-0.6139,-1.2507,0.037139,-1.9389,-0.63144
-13.02,-11.047,10.648,1.0447,9.6779,-27.783,-7.5721,25.996,-53.796,25.918,19.515,-117.12,-8.484,-118.2,-41.225,-61.299,-18.05,-3.1683,21.302,-3.7218,-3.7218,-3.7218,0.38402,-32.783,-0.30632,129.3,-26.237,-27.48,-31.496,8.1022,-33.968,6.8476,-2.352,-1.8799,-36.792,-27.114,-1.0062,827.8,29.005,16.658,27.562,-172.1,-1.4473,15.692,0.74627,-5.4358,3.6061,3.6061,3.6061,1.9266,-26.522,0.20434,-101.94,176.88
0.52417,2.5655,0.76391,-0.098076,-4.3257,3.0245,-1.62,-4.877,10.129,-4.3351,-3.9492,22.671,3.7041,22.591,0.065071,4.0746,3.8492,2.613,-0.49415,0.80929,0.80929,0.80929,-0.049721,7.2947,-0.0030091,-6.4228,16.315,6.5324,7.548,-1.7918,8.5309,-1.4277,0.068938,-0.15996,8.1072,7.1011,-0.39179,29.005,994.38,-0.92125,-5.6111,29.072,0.022208,-0.79255,-0.85766,-0.51941,-1.2244,-1.2244,-1.2244,-0.23513,6.6648,0.05429,28.488,-30.438
25.964,2.81,-30.488,-0.3425,16.585,29.69,28.505,-0.15311,12.146,-3.4787,1.9467,-29.615,5.9886,-19.615,38.112,37.042,-8.7446,7.3974,-68.699,-0.3469,-0.3469,-0.3469,0.23218,-4.9569,-0.14419,-58.816,5.6866,12.846,-2.3266,-19.611,10.441,3.4905,6.1422,7.5589,-7.4109,10.056,5.4764,16.658,-0.92125,978.93,2.001,15.455,2.7594,-20.601,5.4895,-12.612,-10.679,-10.679,-10.679,1.4053,3.026,-0.081755,8.817,8.8461
-3.4457,2.0091,5.3277,-0.061329,-6.8977,-1.3172,-5.848,-5.0167,8.2878,-3.9997,-4.3483,28.219,2.8535,26.507,-4.6922,-0.42088,5.4431,1.5058,10.223,0.88645,0.88645,0.88645,-0.095492,8.0345,-0.0023257,-1.3115,18.386,4.369,7.7686,1.3319,6.6471,-2.0514,-0.82724,-1.2861,9.3511,5.2757,-1.2373,27.562,-5.6111,2.001,993.96,27.818,-0.38706,2.0734,-1.7142,1.6565,0.54102,0.54102,0.54102,-0.51224,5.9712,0.068393,26.122,-31.021
-11.252,-10.778,8.6365,1.0244,10.788,-25.877,-5.7184,26.127,-53.047,25.877,19.742,-120.04,-8.5339,-120.35,-39.16,-59.4,-18.87,-3.0857,16.419,-3.753,-3.753,-3.753,0.40795,-33.171,-0.29944,128.73,-27.72,-26.469,-31.591,6.6552,-33.062,7.1641,-1.9628,-1.3797,-37.423,-26.23,-0.63649,-172.1,29.072,15.455,27.818,827.91,-1.2688,14.507,1.1275,-6.5222,2.7752,2.7752,2.7752,2.0707,-26.174,0.20209,-100.53,177.19
-3.7319,-0.52091,4.2928,0.037572,-2.3948,-4.1039,-3.9772,-0.1144,-1.7456,0.32581,-0.36347,5.1337,-0.71321,3.5998,-4.5831,-4.3487,1.4831,-0.95065,10.07,0.066915,0.066915,0.066915,-0.042476,0.68902,0.0031088,4.878,1.7479,-2.0377,0.2003,2.9359,-1.775,-0.58054,-0.84432,-1.0604,1.1506,-1.7166,-0.79131,-1.4473,0.022208,2.7594,-0.38706,-1.2688,999.61,2.7061,-0.80113,2.0404,1.6555,1.6555,1.6555,-0.25722,-0.65259,0.013263,-2.2619,-0.53178
25.468,2.7143,-29.929,-0.35878,16.22,29.163,28.002,-0.065112,11.71,-3.2591,1.9847,-29.573,4.6505,-19.699,38.078,36.952,-8.7111,6.0552,-67.475,-0.32241,-0.32241,-0.32241,0.22929,-5.0504,-0.14594,-56.05,5.0096,12.506,-2.4079,-19.223,10.124,3.468,6.017,7.4235,-7.4306,9.7598,5.3587,15.692,-0.79255,-20.601,2.0734,14.507,2.7061,979.85,5.3906,-12.409,-10.45,-10.45,-10.45,1.3864,2.857,-0.078016,8.5526,8.9395
-7.7652,-0.7999,9.0817,-0.0076962,-6.5162,-7.5999,-8.6186,-1.0716,-2.3267,0.20468,-1.4123,14.112,-3.41,11.061,-7.3395,-6.1916,3.7644,-4.0876,20.548,0.41148,0.41148,0.41148,-0.096299,2.2697,-0.10124,12.055,16.588,-2.9539,1.5375,5.4107,-2.0932,-1.4426,-1.6528,-2.1353,3.6782,-2.2212,-1.864,0.74627,-0.85766,5.4895,-1.7142,1.1275,-0.80113,5.3906,998.02,3.4777,3.0416,3.0416,3.0416,-0.58198,-0.34515,0.052143,1.6229,-1.4471
22.067,6.4584,-22.883,0.2245,9.1425,23.311,19.047,1.4186,13.96,-0.07143,2.0371,-41.242,18.469,-29.962,0.19437,-0.98024,-10.448,20.103,-67.116,-0.22379,-0.22379,-0.22379,0.46154,-0.80617,-0.15351,39.666,33.454,22.682,5.3423,-25.353,23.954,4.2647,5.254,6.3939,-4.641,22.951,4.0049,-5.4358,-0.51941,-12.612,1.6565,-6.5222,2.0404,-12.409,3.4777,976.22,-16.157,-16.157,-16.157,2.7516,12.746,0.27348,58.652,18.618
17.583,5.116,-18.344,0.25201,8.6927,18.199,15.539,0.34333,12.446,-1.4764,1.046,-26.942,19.463,-18.745,-0.44864,-0.81225,-7.299,20.556,-51.284,-0.346,-0.346,-0.346,0.32343,0.53133,-0.040674,11.974,11.043,16.951,4.4473,-18.557,17.802,2.9797,4.0338,4.8775,-2.7073,16.952,3.4489,3.6061,-1.2244,-10.679,0.54102,2.7752,1.6555,-10.45,3.0416,-16.157,988.24,-11.759,-11.759,1.9524,9.7728,0.15939,40.479,3.3573
17.583,5.116,-18.344,0.25201,8.6927,18.199,15.539,0.34333,12.446,-1.4764,1.046,-26.942,19.463,-18.745,-0.44864,-0.81225,-7.299,20.556,-51.284,-0.346,-0.346,-0.346,0.32343,0.53133,-0.040674,11.974,11.043,16.951,4.4473,-18.557,17.802,2.9797,4.0338,4.8775,-2.7073,16.952,3.4489,3.6061,-1.2244,-10.679,0.54102,2.7752,1.6555,-10.45,3.0416,-16.157,-11.759,988.24,-11.759,1.9524,9.7728,0.15939,40.479,3.3573
17.583,5.116,-18.344,0.25201,8.6927,18.199,15.539,0.34333,12.446,-1.4764,1.046,-26.942,19.463,-18.745,-0.44864,-0.81225,-7.299,20.556,-51.284,-0.346,-0.346,-0.346,0.32343,0.53133,-0.040674,11.974,11.043,16.951,4.4473,-18.557,17.802,2.9797,4.0338,4.8775,-2.7073,16.952,3.4489,3.6061,-1.2244,-10.679,0.54102,2.7752,1.6555,-10.45,3.0416,-16.157,-11.759,-11.759,988.24,1.9524,9.7728,0.15939,40.479,3.3573
-2.8469,-0.82696,2.9426,-0.074365,-1.8137,-2.5422,-2.5077,-0.48585,-1.4979,-0.1434,-0.48628,6.5625,-3.4323,5.1539,1.4828,1.8572,1.6403,-3.7101,8.4813,0.14696,0.14696,0.14696,-0.06508,0.24819,0.0027971,-5.3356,3.0348,-2.5607,-0.44556,2.9946,-2.6709,-0.64685,-0.60391,-0.76384,0.98854,-2.6163,-0.6139,1.9266,-0.23513,1.4053,-0.51224,2.0707,-0.25722,1.3864,-0.58198,2.7516,1.9524,1.9524,1.9524,999.61,-1.4498,0.0046277,-5.7058,-1.0235
-9.0131,-7.6104,6.2752,-0.42774,1.0522,-9.7422,-3.109,4.3547,-19.714,4.5968,3.6458,-5.1136,-25.36,-9.8751,21.298,17.194,0.86346,-24.9,27.973,-0.41985,-0.41985,-0.41985,-0.22701,-10.9,0.098978,-36.673,-8.5624,-20.36,-14.353,13.828,-24.655,-0.48232,-1.7063,-1.818,-8.5999,-22.376,-1.2507,-26.522,6.6648,3.026,5.9712,-26.174,-0.65259,2.857,-0.34515,12.746,9.7728,9.7728,9.7728,-1.4498,982.83,-0.014372,-71.538,39.676
0.068288,0.069293,-0.05747,0.060622,0.16913,0.035772,0.11253,0.086618,0.0076066,-0.15079,0.059548,-0.14782,-0.058636,-0.018806,-0.11884,-0.15512,-0.22925,-0.034147,0.01084,0.0043771,0.0043771,0.0043771,-0.0020906,0.060843,-0.00059794,0.12225,0.021223,-0.089023,0.0062702,0.12575,-0.15694,-0.020536,0.049115,0.032689,-0.13833,-0.10711,0.037139,0.20434,0.05429,-0.081755,0.068393,0.20209,0.013263,-0.078016,0.052143,0.27348,0.15939,0.15939,0.15939,0.0046277,-0.014372,0.0011989,0.31043,0.22492
-33.053,-30.452,21.429,-0.035984,21.098,-45.033,-8.1146,19.944,-78.118,14.414,16.457,-25.567,-30.086,-47.716,41.207,23.038,3.2749,-27.72,112.08,-4.7463,-4.7463,-4.7463,-0.90352,-41.916,0.3245,-247.8,-122.34,-86.505,-60.84,58.844,-105.42,-1.7643,-6.7147,-7.4952,-37.89,-95.028,-1.9389,-101.94,28.488,8.817,26.122,-100.53,-2.2619,8.5526,1.6229,58.652,40.479,40.479,40.479,-5.7058,-71.538,0.31043,666.42,143.71
-0.19709,18.481,10.582,-0.7334,-14.087,3.955,-12.734,-26.177,62.483,-23.117,-21.714,131.31,-19.519,129.69,-8.9812,13.008,15.285,-25.456,16.471,3.3433,3.3433,3.3433,-0.28026,47.834,0.19213,42.79,-287.37,27.908,47.441,7.0304,41.345,-6.8844,-5.1169,-5.5589,46.841,32.791,-0.63144,176.88,-30.438,8.8461,-31.021,177.19,-0.53178,8.9395,-1.4471,18.618,3.3573,3.3573,3.3573,-1.0235,39.676,0.22492,143.71,641.22
