0.94927,0.84362,0.15241,-0.86949,0.90854,0.90854,0.90854,0.025157
0.85445,0.66431,-0.36577,-1.3009,0.27829,0.27829,0.27829,0.024073
1.1261,1.0943,0.55756,-0.24151,1.2432,1.2432,1.2432,0.026955
9106.2,-1377.3,225.84,1929.2,-906.61,-906.61,-906.61,1.1423
-1377.3,7841.9,607.62,3277.3,-1141.2,-1141.2,-1141.2,0.95736
225.84,607.62,8058.7,-2698,-1627.1,-1627.1,-1627.1,5.5383
1929.2,3277.3,-2698,3242.8,-220.89,-220.89,-220.89,4.3705
-906.61,-1141.2,-1627.1,-220.89,7251.9,-2748.1,-2748.1,6.8989
-906.61,-1141.2,-1627.1,-220.89,-2748.1,7251.9,-2748.1,6.8989
-906.61,-1141.2,-1627.1,-220.89,-2748.1,-2748.1,7251.9,6.8989
1.1423,0.95736,5.5383,4.3705,6.8989,6.8989,6.8989,10000
