0.42547,0.34688,-0.23189,-0.41878,-0.033197,-0.033197,-0.033197,0.016809
0.28241,0.17284,-0.26261,-0.4703,-0.063159,-0.063159,-0.063159,0.0012487
0.85167,0.82718,-0.2028,-0.37085,0.044105,0.044105,0.044105,0.078294
4148,-3633.8,-255.61,1009.6,181.51,181.51,181.51,-153.69
-3633.8,3299.7,315.19,-1083.9,-165.26,-165.26,-165.26,-519.92
-255.61,315.19,6225.5,-2534.9,-722.62,-722.62,-722.62,-1659.9
1009.6,-1083.9,-2534.9,2747.2,165.69,165.69,165.69,1410
181.51,-165.26,-722.62,165.69,6897.1,-3102.9,-3102.9,237.94
181.51,-165.26,-722.62,165.69,-3102.9,6897.1,-3102.9,237.94
181.51,-165.26,-722.62,165.69,-3102.9,-3102.9,6897.1,237.94
-153.69,-519.92,-1659.9,1410,237.94,237.94,237.94,5379
