0,32.68,54.902,623.06,0.012403,31.314,453.52,482.25,430.15,9.823,136.58,16.786,786.81
1367.2,437.5,600,1511.8,1.3567,161.16,970.23,1011.3,935.48,176.89,391.01,161.93,999.89
6.7251e-06,3.4702e-05,1.6095e-05,4.6438e-06,-1.4806e-06,-2.6542e-05,-0.00014349,6.4089e-05,9.0355e-05,-0.00013665,5.4104e-05,3.752e-05,3.8134e-07
3.4702e-05,0.00085687,0.00044397,2.949e-05,-0.00026211,-0.00012067,-0.0030969,0.0015967,0.0017201,-0.0046819,0.0017819,0.0035901,-0.00095468
1.6095e-05,0.00044397,0.00039671,-6.754e-06,0.00024911,-0.00028691,-0.0018926,0.00086214,0.0011492,-0.0027552,0.0010405,0.0020036,-0.00046461
4.6438e-06,2.949e-05,-6.754e-06,3.7068e-05,-1.8379e-05,-3.1801e-05,-0.00033498,0.00015881,0.00019086,-0.00026621,9.4048e-05,5.7713e-05,-1.4741e-05
-1.4806e-06,-0.00026211,0.00024911,-1.8379e-05,0.99919,-0.0051571,0.0069717,-0.0060872,-0.00092646,0.00013832,-8.5938e-05,-0.00050835,0.00076341
-2.6542e-05,-0.00012067,-0.00028691,-3.1801e-05,-0.0051571,0.33562,-0.001963,-0.33124,0.33314,-0.00097252,4.2388e-05,0.00068911,-0.00011313
-0.00014349,-0.0030969,-0.0018926,-0.00033498,0.0069717,-0.001963,0.081847,-0.042325,-0.040376,0.027866,-0.010189,-0.016814,0.00527
6.4089e-05,0.0015967,0.00086214,0.00015881,-0.0060872,-0.33124,-0.042325,0.35577,-0.31298,-0.015013,0.0053103,0.0091192,-0.0027765
9.0355e-05,0.0017201,0.0011492,0.00019086,-0.00092646,0.33314,-0.040376,-0.31298,0.35389,-0.014057,0.0052738,0.0084512,-0.0026731
-0.00013665,-0.0046819,-0.0027552,-0.00026621,0.00013832,-0.00097252,0.027866,-0.015013,-0.014057,0.046805,-0.016072,-0.036059,0.0079889
5.4104e-05,0.0017819,0.0010405,9.4048e-05,-8.5938e-05,4.2388e-05,-0.010189,0.0053103,0.0052738,-0.016072,0.0058688,0.012587,-0.0030058
3.752e-05,0.0035901,0.0020036,5.7713e-05,-0.00050835,0.00068911,-0.016814,0.0091192,0.0084512,-0.036059,0.012587,0.031424,-0.007602
3.8134e-07,-0.00095468,-0.00046461,-1.4741e-05,0.00076341,-0.00011313,0.00527,-0.0027765,-0.0026731,0.0079889,-0.0030058,-0.007602,0.002686
83.621,83.621,83.621,83.621,83.621,83.621,83.621,83.621,83.621,83.621,83.621,83.621,83.621
803.6,203,163.51,895.32,0.18402,67.523,664.09,698.53,631.01,75.955,269.04,92.518,975.15
0.95833,0.95833,0.95833,0.95833,0.95833,0.95833,0.95833,0.95833,0.95833,0.95833,0.95833,0.95833,0.95833
1328.1,120,98.039,1111.8,1.3567,161.16,629.99,703.59,542.43,145.35,371.24,115.27,959.48
0.041667,0.041667,0.041667,0.041667,0.041667,0.041667,0.041667,0.041667,0.041667,0.041667,0.041667,0.041667,0.041667
