1.2392,1.1718,0.31212,-0.65045,1.1645,1.1645,1.1645,1.1666
0.55796,0.39814,0.046955,-0.82845,0.6322,0.6322,0.6322,0.00088429
3.4162,3.4159,0.42403,-0.14363,1.5279,1.5279,1.5279,8.417
553.17,-466.24,-65.131,-51.631,-19.517,-19.517,-19.517,-27.833
-466.24,413.48,62.974,35.529,12.644,12.644,12.644,16.703
-65.131,62.974,374.14,-93.746,-25.815,-25.815,-25.815,8.0135
-51.631,35.529,-93.746,57.92,11.87,11.87,11.87,3.9647
-19.517,12.644,-25.815,11.87,671.45,-328.55,-328.55,1.9105
-19.517,12.644,-25.815,11.87,-328.55,671.45,-328.55,1.9105
-19.517,12.644,-25.815,11.87,-328.55,-328.55,671.45,1.9105
-27.833,16.703,8.0135,3.9647,1.9105,1.9105,1.9105,3.935
