0.18601,0.18465,0.011018,0.091559,0.12562,0.075844,0.15656,0.095308,0.021115,0.040963,0.99669,0.045678,0.74542,0.048125,0.47821,0.47889,0.039409,0.74412,-0.39222,0.41509,0.41509,0.41509,7.7286e-05,-0.10257,-12.103,0.013734,-0.024683
0.14488,0.14261,-0.016159,0.074585,0.031407,0.0017091,0.11015,0.071793,0.00053922,0.0024557,0.98062,0.0026066,0.013026,0.0010005,0.026641,0.027405,0.00075353,0.012447,-0.45002,0.3399,0.3399,0.3399,4.5557e-06,-0.13104,-332.55,-0.31856,-0.53726
0.21486,0.21329,0.054843,0.12673,0.1751,0.19263,0.19387,0.1243,0.086084,0.095711,0.99999,0.18025,0.99923,0.15999,0.9982,0.99987,0.11732,0.99927,-0.16258,0.45257,0.45257,0.45257,0.00034355,-0.053215,238,0.4779,0.65882
8181.9,-1890.3,205.75,-409.14,-1164.8,-665.84,-2013.8,-220.96,261.27,248.43,-23.098,-111.23,146.19,352.51,45.95,194.96,-672.99,239.22,-389.67,-385.72,-385.72,-385.72,-9.6439,456.63,-0.00094544,-28.155,19.498
-1890.3,7993.3,515.92,-439.36,-1160.2,-695.47,-2107.4,-237.66,359.19,279.72,-24.861,-89.719,111.42,385.15,37.796,191.63,-718.17,222.08,-275.42,-340.18,-340.18,-340.18,-8.9437,271.29,-0.022332,-28.937,26.431
205.75,515.92,6045,447.01,-771.39,-1197.5,61.638,359.85,-193.63,698.02,-6.2527,-141.34,215.91,-1342,194.41,13.644,1215.7,133.68,-846.16,-693.25,-693.25,-693.25,-5.0333,1079.5,0.1364,80.265,-137.84
-409.14,-439.36,447.01,8963.9,375.69,-235.99,124.26,-725.4,-252.61,-14.555,58.659,588.22,-98.034,435.62,28.778,20.204,240.9,40.074,-2016.9,-169.73,-169.73,-169.73,-7.4937,-217.99,0.081532,37.836,-24.822
-1164.8,-1160.2,-771.39,375.69,6360,1561.7,-1663.5,497.73,396.64,937.95,78.421,-225.05,-500.78,-1085.3,-98.282,-99.052,-512.25,-301.93,-354.62,-208.6,-208.6,-208.6,0.3679,1771.5,-0.0033998,-31.485,3.502
-665.84,-695.47,-1197.5,-235.99,1561.7,6261.6,-696.12,-430.35,827.98,612.4,-104.86,-305.4,206.64,555.52,-250.34,-281.57,567.04,133.56,113.37,-237.32,-237.32,-237.32,-5.5772,-1474.3,0.46543,11.593,-99.862
-2013.8,-2107.4,61.638,124.26,-1663.5,-696.12,7236.6,424.97,390.12,800.69,-110.82,-98.217,206.02,391.86,20.314,206.34,-583.07,249.17,980.1,-99.345,-99.345,-99.345,-10.197,748.26,-0.049375,10.615,-34.87
-220.96,-237.66,359.85,-725.4,497.73,-430.35,424.97,8871.2,523.41,-1167,60.599,433.24,-0.31783,540.27,67.257,122.46,-326.88,39.784,-1549.9,-352.25,-352.25,-352.25,0.93909,-126,0.074313,-39.251,62.576
261.27,359.19,-193.63,-252.61,396.64,827.98,390.12,523.41,7527.5,368.27,37.707,-1112.7,-3.3604,-617.66,-48.455,-140.34,-473.89,-5.5698,-831.49,-681.51,-681.51,-681.51,-10.397,222.45,-0.031886,-141.91,120.71
248.43,279.72,698.02,-14.555,937.95,612.4,800.69,-1167,368.27,3705.5,91.608,849.47,196.23,-1713.1,-93.466,228.52,-1531.2,4.0141,111.03,-384.58,-384.58,-384.58,1.764,556.11,0.19756,-4.6675,-98.831
-23.098,-24.861,-6.2527,58.659,78.421,-104.86,-110.82,60.599,37.707,91.608,9945.7,229.1,20.4,388.22,-5.1985,26.464,126.1,-26.794,232.33,-23.878,-23.878,-23.878,0.076146,171.48,-0.036124,8.872,8.0504
-111.23,-89.719,-141.34,588.22,-225.05,-305.4,-98.217,433.24,-1112.7,849.47,229.1,4816.8,-29.385,-1622.9,118.2,-108.4,-2988.5,84.895,-684.94,142.59,142.59,142.59,5.1362,-1337.6,0.037044,-46.552,-3.7505
146.19,111.42,215.91,-98.034,-500.78,206.64,206.02,-0.31783,-3.3604,196.23,20.4,-29.385,5082.9,40.198,44.088,33.784,-143.69,-4868.6,-166.05,-27.989,-27.989,-27.989,-0.97112,-171.39,0.10975,0.66962,-23.689
352.51,385.15,-1342,435.62,-1085.3,555.52,391.86,540.27,-617.66,-1713.1,388.22,-1622.9,40.198,4010.1,201.13,-87.311,38.64,282,-59.247,-227.86,-227.86,-227.86,-0.94318,-1534,-0.067881,-11.088,10.64
45.95,37.796,194.41,28.778,-98.282,-250.34,20.314,67.257,-48.455,-93.466,-5.1985,118.2,44.088,201.13,5029.1,-4916.9,-265.83,52.3,98.931,-37.31,-37.31,-37.31,0.32934,192.27,0.015225,3.6337,-4.6637
194.96,191.63,13.644,20.204,-99.052,-281.57,206.34,122.46,-140.34,228.52,26.464,-108.4,33.784,-87.311,-4916.9,5069.5,-150.97,79.228,-114.97,0.55264,0.55264,0.55264,0.78208,-32.824,0.018335,30.229,-4.8735
-672.99,-718.17,1215.7,240.9,-512.25,567.04,-583.07,-326.88,-473.89,-1531.2,126.1,-2988.5,-143.69,38.64,-265.83,-150.97,6233.2,-100.18,-128.44,-4.6588,-4.6588,-4.6588,2.0441,267.02,0.41068,-36.074,-92.117
239.22,222.08,133.68,40.074,-301.93,133.56,249.17,39.784,-5.5698,4.0141,-26.794,84.895,-4868.6,282,52.3,79.228,-100.18,5099.6,203.01,-170.8,-170.8,-170.8,0.30634,-24.206,0.039673,23.816,-23.382
-389.67,-275.42,-846.16,-2016.9,-354.62,113.37,980.1,-1549.9,-831.49,111.03,232.33,-684.94,-166.05,-59.247,98.931,-114.97,-128.44,203.01,1862.1,371.65,371.65,371.65,-9.9456,741.54,-0.16723,26.079,-3.6583
-385.72,-340.18,-693.25,-169.73,-208.6,-237.32,-99.345,-352.25,-681.51,-384.58,-23.878,142.59,-27.989,-227.86,-37.31,0.55264,-4.6588,-170.8,371.65,7592.7,-2407.3,-2407.3,2.0828,247.89,-0.21532,109.72,40.016
-385.72,-340.18,-693.25,-169.73,-208.6,-237.32,-99.345,-352.25,-681.51,-384.58,-23.878,142.59,-27.989,-227.86,-37.31,0.55264,-4.6588,-170.8,371.65,-2407.3,7592.7,-2407.3,2.0828,247.89,-0.21532,109.72,40.016
-385.72,-340.18,-693.25,-169.73,-208.6,-237.32,-99.345,-352.25,-681.51,-384.58,-23.878,142.59,-27.989,-227.86,-37.31,0.55264,-4.6588,-170.8,371.65,-2407.3,-2407.3,7592.7,2.0828,247.89,-0.21532,109.72,40.016
-9.6439,-8.9437,-5.0333,-7.4937,0.3679,-5.5772,-10.197,0.93909,-10.397,1.764,0.076146,5.1362,-0.97112,-0.94318,0.32934,0.78208,2.0441,0.30634,-9.9456,2.0828,2.0828,2.0828,9999.8,4.4403,0.00052383,0.96141,-1.8043
456.63,271.29,1079.5,-217.99,1771.5,-1474.3,748.26,-126,222.45,556.11,171.48,-1337.6,-171.39,-1534,192.27,-32.824,267.02,-24.206,741.54,247.89,247.89,247.89,4.4403,6533.9,-0.37874,158.2,-47.205
-0.00094544,-0.022332,0.1364,0.081532,-0.0033998,0.46543,-0.049375,0.074313,-0.031886,0.19756,-0.036124,0.037044,0.10975,-0.067881,0.015225,0.018335,0.41068,0.039673,-0.16723,-0.21532,-0.21532,-0.21532,0.00052383,-0.37874,0.00024128,-0.018801,-0.041326
-28.155,-28.937,80.265,37.836,-31.485,11.593,10.615,-39.251,-141.91,-4.6675,8.872,-46.552,0.66962,-11.088,3.6337,30.229,-36.074,23.816,26.079,109.72,109.72,109.72,0.96141,158.2,-0.018801,48.196,-6.098
19.498,26.431,-137.84,-24.822,3.502,-99.862,-34.87,62.576,120.71,-98.831,8.0504,-3.7505,-23.689,10.64,-4.6637,-4.8735,-92.117,-23.382,-3.6583,40.016,40.016,40.016,-1.8043,-47.205,-0.041326,-6.098,30.724
