1.3734,1.2904,0.38109,-0.46634,0.95993,0.95993,0.95993,0.97954
0.5907,0.44361,-0.26924,-1.094,0.29861,0.29861,0.29861,0.0012977
2.9719,2.9437,0.66382,0.21791,1.2857,1.2857,1.2857,5.5663
1142,-1030.5,-193.98,-40.969,22.248,22.248,22.248,-27.66
-1030.5,961.52,184.06,33.183,-20.558,-20.558,-20.558,11.426
-193.98,184.06,179.03,-42.229,-33.38,-33.38,-33.38,4.6176
-40.969,33.183,-42.229,25.406,8.2186,8.2186,8.2186,0.94701
22.248,-20.558,-33.38,8.2186,6675,-3325,-3325,-1.0563
22.248,-20.558,-33.38,8.2186,-3325,6675,-3325,-1.0563
22.248,-20.558,-33.38,8.2186,-3325,-3325,6675,-1.0563
-27.66,11.426,4.6176,0.94701,-1.0563,-1.0563,-1.0563,7.5767
