121.72,0.6572,0.77812,0.014456,0.41374,0.63058,0.79282,0.37909,0.032066,0.4016,0.17629,0.081073
8.7273,0.131,0.49804,5.5859e-05,0.039195,0.38484,0.64596,-0.023684,0.0010381,0.15733,0.017579,0.003797
358.03,0.98222,0.96078,0.042673,0.75205,0.93738,1.0305,0.70271,0.093036,1.1601,0.34078,0.76617
0.00031227,-0.03737,-0.00090866,-0.010201,0.02525,0.067476,0.043203,0.017955,0.0045985,0.030893,-0.053937,-0.053855
-0.03737,30.93,-15.249,-2.311,-6.0478,-18.043,-3.3153,2.7331,27.565,-12.574,39.515,16.483
-0.00090866,-15.249,67.317,-1.0881,-3.4723,73.451,-30.056,-26.584,-39.673,8.5568,11.485,-4.4208
-0.010201,-2.311,-1.0881,989.91,-43.151,1.4795,-21.254,21.897,1.95,8.3252,-16.242,-14.296
0.02525,-6.0478,-3.4723,-43.151,402.07,-3.7013,-281.27,316.66,-31.253,-8.8331,-128.93,11.297
0.067476,-18.043,73.451,1.4795,-3.7013,464.57,-216.33,-212.63,12.781,-20.066,7.0615,2.1511
0.043203,-3.3153,-30.056,-21.254,-281.27,-216.33,497,-221.73,-12.952,10.388,-79.117,-6.9802
0.017955,2.7331,-26.584,21.897,316.66,-212.63,-221.73,461.61,18.303,19.221,49.811,-18.278
0.0045985,27.565,-39.673,1.95,-31.253,12.781,-12.952,18.303,890.73,-52.183,-51.338,-28.369
0.030893,-12.574,8.5568,8.3252,-8.8331,-20.066,10.388,19.221,-52.183,38.343,-15.198,-14.584
-0.053937,39.515,11.485,-16.242,-128.93,7.0615,-79.117,49.811,-51.338,-15.198,507.07,26.467
-0.053855,16.483,-4.4208,-14.296,11.297,2.1511,-6.9802,-18.278,-28.369,-14.584,26.467,60.723
