0.60337,0.59938,-0.038896,-0.4445,0.33576,0.33576,0.33576,0.22748
0.24287,0.24287,-0.22601,-0.66707,0.23602,0.23602,0.23602,8.3929e-05
1.4769,1.4768,0.039746,-0.35637,0.38564,0.38564,0.38564,1.5602
4702.2,-4655.2,416.31,265.43,-41.334,-41.334,-41.334,-30.689
-4655.2,4689.8,-371.72,-249.06,44.641,44.641,44.641,-32.316
416.31,-371.72,2023,-1228.7,-226.61,-226.61,-226.61,-47.446
265.43,-249.06,-1228.7,1279.7,-48.441,-48.441,-48.441,-9.8791
-41.334,44.641,-226.61,-48.441,6859,-3141,-3141,0.25887
-41.334,44.641,-226.61,-48.441,-3141,6859,-3141,0.25887
-41.334,44.641,-226.61,-48.441,-3141,-3141,6859,0.25887
-30.689,-32.316,-47.446,-9.8791,0.25887,0.25887,0.25887,54.912
