1.0432,0.93167,-0.45168,-1.0893,0.29724,0.29724,0.29724,0.18886
0.8528,0.70555,-0.68261,-1.585,-0.051551,-0.051551,-0.051551,0.055287
1.3023,1.2586,-0.26311,-0.73303,0.59039,0.59039,0.59039,0.46645
549.33,-451.24,32.441,52.197,21.957,21.957,21.957,-34.531
-451.24,446.04,-88.691,-37.454,-4.1206,-4.1206,-4.1206,-30.592
32.441,-88.691,513.79,-146.24,-53.047,-53.047,-53.047,-17.288
52.197,-37.454,-146.24,63.579,14.827,14.827,14.827,13.867
21.957,-4.1206,-53.047,14.827,677.27,-322.73,-322.73,-1.1218
21.957,-4.1206,-53.047,14.827,-322.73,677.27,-322.73,-1.1218
21.957,-4.1206,-53.047,14.827,-322.73,-322.73,677.27,-1.1218
-34.531,-30.592,-17.288,13.867,-1.1218,-1.1218,-1.1218,116.35
