207.32,0.57802,0.79804,0.98072,0.00025777,0.073171,0.61951,0.6568,0.58363,0.085186,0.26026,0.1083,0.98702
38.824,0.11644,0.57255,0.64827,3.4997e-05,0.050809,0.45352,0.48225,0.43015,0.033159,0.13658,0.066268,0.95948
334.82,0.91463,0.96471,1.5118,0.0013567,0.16116,0.79151,0.82008,0.7658,0.17689,0.37917,0.16193,0.99956
0.000152,-0.019393,-0.028618,0.0084972,-0.0002988,-0.044219,-0.041226,-0.035331,0.0088897,0.04056,-0.087829,0.081515,0.048584
-0.019393,22.21,-10.111,-10.549,0.051572,10.692,13.291,7.9686,-2.7236,9.1029,-4.9066,-4.2524,0.21928
-0.028618,-10.111,91.478,2.8103,-0.40794,-32.636,29.704,-0.15723,32.48,-72.74,75.823,-75.829,16.296
0.0084972,-10.549,2.8103,22.116,-0.14727,-14.101,-1.7039,-5.094,9.0068,-27.54,3.1962,-14.742,-19.354
-0.0002988,0.051572,-0.40794,-0.14727,999.96,-3.3183,-0.18852,-1.4303,1.8879,-0.72611,-0.76667,-0.18087,0.99274
-0.044219,10.692,-32.636,-14.101,-3.3183,744.33,-9.9966,-106.57,149.1,-71.408,-69.073,-23.846,77.212
-0.041226,13.291,29.704,-1.7039,-0.18852,-9.9966,704.53,-301.97,-291.97,-20.445,2.6741,-36.208,-13.952
-0.035331,7.9686,-0.15723,-5.094,-1.4303,-106.57,-301.97,651.31,-242.12,-64.519,-50.856,-58.797,13.107
0.0088897,-2.7236,32.48,9.0068,1.8879,149.1,-291.97,-242.12,608.78,6.8904,18.214,-34.948,-64.104
0.04056,9.1029,-72.74,-27.54,-0.72611,-71.408,-20.445,-64.519,6.8904,762.41,-252.95,-159.11,21.192
-0.087829,-4.9066,75.823,3.1962,-0.76667,-69.073,2.6741,-50.856,18.214,-252.95,325.34,20.028,21.643
0.081515,-4.2524,-75.829,-14.742,-0.18087,-23.846,-36.208,-58.797,-34.948,-159.11,20.028,754.39,-4.7329
0.048584,0.21928,16.296,-19.354,0.99274,77.212,-13.952,13.107,-64.104,21.192,21.643,-4.7329,971.97
