0.44589,0.399,0.19575,0.28145,0.27941,0.12307,0.16134,0.33142,0.17265,0.45137,0.75754,0.24381,0.74672,0.45817,0.19734,0.22206,0.21251,0.79197,-0.07346,0.48109,0.48109,0.48109,0.00021635,-0.23049,-23.346,-0.039177,-0.21905
0.34849,0.3036,0.15853,0.23269,0.024584,0.0011182,0.13113,0.14499,0.0016212,0.31628,0.16558,0.0076238,0.23703,0.2462,0.0046116,0.0066361,0.001439,0.15024,-0.15202,0.33435,0.33435,0.33435,1.6626e-05,-0.39449,-263.98,-0.45776,-0.48235
0.68484,0.62619,0.2773,0.41116,0.45098,0.35228,0.19003,0.47278,0.54347,0.58439,0.94366,0.84219,0.94854,0.91572,0.85312,0.82494,0.72836,0.99996,-0.033828,0.70729,0.70729,0.70729,0.00049697,-0.16172,208.39,0.38407,0.011765
950.12,-45.813,-17.625,-13.682,-66.776,-6.156,-15.545,-40.484,-33.644,-53.53,-1.148,5.504,10.788,-11.004,-36.276,6.6628,-32.291,17.468,24.949,-73.922,-73.922,-73.922,-0.031375,3.0735,0.2612,69.113,-89.863
-45.813,953.31,-7.1619,-13.157,-54.003,-5.5461,-14.806,-39.323,-18.589,-47.997,13.207,5.997,21.911,-26.377,-21.76,-7.9113,-9.2131,16.349,27.695,-55.217,-55.217,-55.217,0.021426,-5.0767,0.32739,108.13,-98.566
-17.625,-7.1619,975.99,-4.3066,-37.697,-3.1202,-3.7898,-9.5722,-38.307,-20.145,-29.562,-1.5762,-20.245,31.36,-38.756,29.29,-55.47,7.6744,-1.5695,-50.027,-50.027,-50.027,-0.11205,17.836,-0.066183,-56.588,4.3761
-13.682,-13.157,-4.3066,988.73,-18.67,3.228,0.28256,-9.7145,-7.1778,3.2861,-23.555,19.422,-4.8876,46.286,-38.385,-8.7735,-18.195,31.735,5.5837,-7.7706,-7.7706,-7.7706,0.012965,9.6811,0.14592,53.752,-30.889
-66.776,-54.003,-37.697,-18.67,875.79,15.816,-19.741,-71.877,-38.867,-72.464,-75.689,65.206,-56.344,33.071,-31.129,101.99,-44.805,-34.612,29.953,-118.25,-118.25,-118.25,-0.11921,9.9407,0.23234,52.106,-92.317
-6.156,-5.5461,-3.1202,3.228,15.816,962.84,-1.2202,16.734,-54.145,-21.941,65.977,-95.732,52.179,-56.596,-29.095,-51.575,-60.11,35.059,-9.7663,-16.034,-16.034,-16.034,-0.061083,6.6233,0.045086,12.272,48.878
-15.545,-14.806,-3.7898,0.28256,-19.741,-1.2202,991.16,-14.77,-0.90618,-25.76,15.008,1.3877,11.344,-34.011,10.393,2.6662,10.586,-8.5154,12.757,-28.188,-28.188,-28.188,0.0020746,-7.6032,0.021578,-7.4881,-47.355
-40.484,-39.323,-9.5722,-9.7145,-71.877,16.734,-14.77,945.77,4.6988,-48.184,-32.797,56.253,-29.538,-14.925,21.014,66.532,19.898,-48.2,28.073,-57.475,-57.475,-57.475,-0.00056415,-11.654,0.26478,88.573,-82.965
-33.644,-18.589,-38.307,-7.1778,-38.867,-54.145,-0.90618,4.6988,857.87,-52.108,20.196,-130.88,16.705,-2.9003,-104.99,-0.69241,-186.92,47.182,-24.222,-84.479,-84.479,-84.479,-0.27084,41.813,-0.1346,21.219,128.4
-53.53,-47.997,-20.145,3.2861,-72.464,-21.941,-25.76,-48.184,-52.108,895.98,52.177,-48.464,22.903,-134.77,32.072,47.352,-26.3,-58.983,24.772,-109.01,-109.01,-109.01,-0.11045,-16.664,0.20126,25.548,-45.8
-1.148,13.207,-29.562,-23.555,-75.689,65.977,15.008,-32.797,20.196,52.177,774.18,178.3,-170.11,251.76,-52.754,159.26,-30.398,-34.958,-9.3985,-6.2677,-6.2677,-6.2677,-0.095661,39.565,-0.045564,3.5736,27.706
5.504,5.997,-1.5762,19.422,65.206,-95.732,1.3877,56.253,-130.88,-48.464,178.3,738.7,123.79,-175.11,-34.039,-109.77,-140.44,48.914,-37.751,-19.39,-19.39,-19.39,-0.1778,9.9757,-0.32813,-2.7492,191.21
10.788,21.911,-20.245,-4.8876,-56.344,52.179,11.344,-29.538,16.705,22.903,-170.11,123.79,841.39,132.52,27.916,191.5,-8.7737,-114.48,-16.532,-5.902,-5.902,-5.902,-0.1348,16.497,-0.165,-6.6621,101.86
-11.004,-26.377,31.36,46.286,33.071,-56.596,-34.011,-14.925,-2.9003,-134.77,251.76,-175.11,132.52,570.06,214.06,-14.598,101.77,-157.1,24.248,-46.673,-46.673,-46.673,0.024008,-86.862,0.04973,2.4396,5.0732
-36.276,-21.76,-38.756,-38.385,-31.129,-29.095,10.393,21.014,-104.99,32.072,-52.754,-34.039,27.916,214.06,750.62,-120.71,-189.13,227.96,-11.704,-39.974,-39.974,-39.974,-0.099241,77.68,0.10729,22.447,-32.732
6.6628,-7.9113,29.29,-8.7735,101.99,-51.575,2.6662,66.532,-0.69241,47.352,159.26,-109.77,191.5,-14.598,-120.71,693.88,-3.1539,246.72,10.089,65.472,65.472,65.472,0.24946,7.3683,0.15669,0.447,-148.91
-32.291,-9.2131,-55.47,-18.195,-44.805,-60.11,10.586,19.898,-186.92,-26.3,-30.398,-140.44,-8.7737,101.77,-189.13,-3.1539,726.04,101.94,-44.597,-86.661,-86.661,-86.661,-0.36613,77.64,-0.24253,16.664,193.97
17.468,16.349,7.6744,31.735,-34.612,35.059,-8.5154,-48.2,47.182,-58.983,-34.958,48.914,-114.48,-157.1,227.96,246.72,101.94,711.01,-2.9029,-17.888,-17.888,-17.888,-0.10962,-53.64,-0.20147,3.9931,137.78
24.949,27.695,-1.5695,5.5837,29.953,-9.7663,12.757,28.073,-24.222,24.772,-9.3985,-37.751,-16.532,24.248,-11.704,10.089,-44.597,-2.9029,971.76,26.263,26.263,26.263,-0.078918,14.762,-0.18278,-28.349,120.34
-73.922,-55.217,-50.027,-7.7706,-118.25,-16.034,-28.188,-57.475,-84.479,-109.01,-6.2677,-19.39,-5.902,-46.673,-39.974,65.472,-86.661,-17.888,26.263,839.62,-160.38,-160.38,-0.20923,11.676,0.016087,-58.902,-79.521
-73.922,-55.217,-50.027,-7.7706,-118.25,-16.034,-28.188,-57.475,-84.479,-109.01,-6.2677,-19.39,-5.902,-46.673,-39.974,65.472,-86.661,-17.888,26.263,-160.38,839.62,-160.38,-0.20923,11.676,0.016087,-58.902,-79.521
-73.922,-55.217,-50.027,-7.7706,-118.25,-16.034,-28.188,-57.475,-84.479,-109.01,-6.2677,-19.39,-5.902,-46.673,-39.974,65.472,-86.661,-17.888,26.263,-160.38,-160.38,839.62,-0.20923,11.676,0.016087,-58.902,-79.521
-0.031375,0.021426,-0.11205,0.012965,-0.11921,-0.061083,0.0020746,-0.00056415,-0.27084,-0.11045,-0.095661,-0.1778,-0.1348,0.024008,-0.099241,0.24946,-0.36613,-0.10962,-0.078918,-0.20923,-0.20923,-0.20923,1000,0.08745,-0.00064727,-0.25642,0.42278
3.0735,-5.0767,17.836,9.6811,9.9407,6.6233,-7.6032,-11.654,41.813,-16.664,39.565,9.9757,16.497,-86.862,77.68,7.3683,77.64,-53.64,14.762,11.676,11.676,11.676,0.08745,968.46,0.010857,21.891,-40.688
0.2612,0.32739,-0.066183,0.14592,0.23234,0.045086,0.021578,0.26478,-0.1346,0.20126,-0.045564,-0.32813,-0.165,0.04973,0.10729,0.15669,-0.24253,-0.20147,-0.18278,0.016087,0.016087,0.016087,-0.00064727,0.010857,0.0012278,0.13123,-0.57968
69.113,108.13,-56.588,53.752,52.106,12.272,-7.4881,88.573,21.219,25.548,3.5736,-2.7492,-6.6621,2.4396,22.447,0.447,16.664,3.9931,-28.349,-58.902,-58.902,-58.902,-0.25642,21.891,0.13123,64.532,-27.733
-89.863,-98.566,4.3761,-30.889,-92.317,48.878,-47.355,-82.965,128.4,-45.8,27.706,191.21,101.86,5.0732,-32.732,-148.91,193.97,137.78,120.34,-79.521,-79.521,-79.521,0.42278,-40.688,-0.57968,-27.733,393.38
