891.67,884.28,25.802,-503.11,696.99,696.99,696.99,153.69,73.626
740.99,740.55,-180.91,-1115.4,366.95,366.95,366.95,0.01219,-174.11
1481.2,1474.5,140.36,-212.63,1134.9,1134.9,1134.9,1178.3,728.03
0.08835,-0.097751,0.0022665,-0.0029469,-0.00081392,-0.00081392,-0.00081392,0.00775,-0.0024915
-0.097751,0.11415,-0.0065538,0.0055774,0.00095482,0.00095482,0.00095482,-0.012286,0.0028244
0.0022665,-0.0065538,0.0049419,-0.0024833,-0.00012491,-0.00012491,-0.00012491,0.0025225,0.00018692
-0.0029469,0.0055774,-0.0024833,0.0013586,8.5586e-05,8.5586e-05,8.5586e-05,-0.0016646,4.259e-05
-0.00081392,0.00095482,-0.00012491,8.5586e-05,0.66668,-0.33332,-0.33332,-0.00011776,3.7189e-05
-0.00081392,0.00095482,-0.00012491,8.5586e-05,-0.33332,0.66668,-0.33332,-0.00011776,3.7189e-05
-0.00081392,0.00095482,-0.00012491,8.5586e-05,-0.33332,-0.33332,0.66668,-0.00011776,3.7189e-05
0.00775,-0.012286,0.0025225,-0.0016646,-0.00011776,-0.00011776,-0.00011776,0.003084,-0.00039706
-0.0024915,0.0028244,0.00018692,4.259e-05,3.7189e-05,3.7189e-05,3.7189e-05,-0.00039706,0.00026042
57.735,57.735,57.735,57.735,57.735,57.735,57.735,57.735,57.735
