0,92.308,109.8,627.24,0.0053964,17.618,577.11,597.81,556.85,10.284,5.5206e-05,4.4842e-05,4.4535e-05,2.8141e-05,78.309,34.343,912.87
1359.4,250,282.35,2019.3,0.2717,73.099,955.57,964.22,940.72,15.654,0.00019326,0.00027915,0.00017215,0.00030933,119.25,48.743,999.82
6.4006e-06,-1.2244e-05,6.0218e-05,1.3171e-06,6.4858e-06,0.00016707,-0.00082037,0.00048523,0.00031814,1.5732e-05,5.962e-09,-5.5614e-08,7.2687e-09,-6.2264e-08,-0.00021798,0.00020343,0.00016838
-1.2244e-05,0.00097103,0.00067032,-4.289e-05,2.2359e-05,-0.0037133,0.0053194,-0.0045539,-0.00083642,-0.010001,-2.1751e-08,-6.7075e-07,-4.889e-08,-8.5851e-07,0.0035437,0.0089817,-0.0034113
6.0218e-05,0.00067032,0.0035086,-0.0001211,0.00052933,-0.0021391,-0.002063,-0.000422,0.0017246,-0.006425,-2.7838e-07,-1.385e-06,-1.0452e-07,-1.6389e-06,-0.0032834,0.013272,-0.0013589
1.3171e-06,-4.289e-05,-0.0001211,2.1957e-05,-7.1849e-06,0.00054027,-0.0018738,0.0012168,0.00067615,0.0002051,4.6816e-08,6.3793e-09,4.88e-08,4.2299e-09,0.00010702,0.00075836,0.00037901
6.4858e-06,2.2359e-05,0.00052933,-7.1849e-06,0.99997,-0.0016358,0.0018197,-0.0018194,-0.00018396,0.0012417,1.6559e-08,-2.2654e-08,1.796e-08,-2.1229e-08,-0.00058203,0.0028124,0.0016039
0.00016707,-0.0037133,-0.0021391,0.00054027,-0.0016358,0.36934,-0.091706,-0.26924,0.36139,0.013412,2.7992e-06,2.5468e-06,2.833e-06,2.7846e-06,-0.013442,-0.000578,0.03035
-0.00082037,0.0053194,-0.002063,-0.0018738,0.0018197,-0.091706,0.41098,-0.25084,-0.1591,-0.11436,-3.1128e-07,4.4676e-06,-1.234e-06,4.419e-06,0.022839,-0.17178,-0.068099
0.00048523,-0.0045539,-0.000422,0.0012168,-0.0018194,-0.26924,-0.25084,0.49073,-0.24005,0.063474,1.7062e-06,-6.7535e-07,2.1477e-06,-5.225e-07,-0.017556,0.084701,0.049331
0.00031814,-0.00083642,0.0017246,0.00067615,-0.00018396,0.36139,-0.1591,-0.24005,0.39856,0.050089,-1.0925e-06,-3.2223e-06,-6.8476e-07,-3.3072e-06,-0.004105,0.08534,0.01894
1.5732e-05,-0.010001,-0.006425,0.0002051,0.0012417,0.013412,-0.11436,0.063474,0.050089,0.90473,-1.0392e-06,1.3871e-06,-1.0722e-06,1.3238e-06,-0.10923,-0.1853,0.0057463
5.962e-09,-2.1751e-08,-2.7838e-07,4.6816e-08,1.6559e-08,2.7992e-06,-3.1128e-07,1.7062e-06,-1.0925e-06,-1.0392e-06,1,-8.1357e-12,-2.7812e-11,-1.0698e-11,-2.7238e-07,-2.6009e-06,2.5988e-06
-5.5614e-08,-6.7075e-07,-1.385e-06,6.3793e-09,-2.2654e-08,2.5468e-06,4.4676e-06,-6.7535e-07,-3.2223e-06,1.3871e-06,-8.1357e-12,1,1.4498e-11,-8.3437e-11,-2.578e-07,8.7924e-07,1.9044e-06
7.2687e-09,-4.889e-08,-1.0452e-07,4.88e-08,1.796e-08,2.833e-06,-1.234e-06,2.1477e-06,-6.8476e-07,-1.0722e-06,-2.7812e-11,1.4498e-11,1,1.1803e-11,-6.6772e-07,-8.9714e-07,2.6392e-06
-6.2264e-08,-8.5851e-07,-1.6389e-06,4.2299e-09,-2.1229e-08,2.7846e-06,4.419e-06,-5.225e-07,-3.3072e-06,1.3238e-06,-1.0698e-11,-8.3437e-11,1.1803e-11,1,-1.3818e-07,7.5277e-07,2.1771e-06
-0.00021798,0.0035437,-0.0032834,0.00010702,-0.00058203,-0.013442,0.022839,-0.017556,-0.004105,-0.10923,-2.7238e-07,-2.578e-07,-6.6772e-07,-1.3818e-07,0.044988,0.05842,-0.015752
0.00020343,0.0089817,0.013272,0.00075836,0.0028124,-0.000578,-0.17178,0.084701,0.08534,-0.1853,-2.6009e-06,8.7924e-07,-8.9714e-07,7.5277e-07,0.05842,0.35012,-0.012937
0.00016838,-0.0034113,-0.0013589,0.00037901,0.0016039,0.03035,-0.068099,0.049331,0.01894,0.0057463,2.5988e-06,1.9044e-06,2.6392e-06,2.1771e-06,-0.015752,-0.012937,0.02829
66.977,66.977,66.977,66.977,66.977,66.977,66.977,66.977,66.977,66.977,66.977,66.977,66.977,66.977,66.977,66.977,66.977
618.83,175.38,197.5,1236.2,0.082709,43.174,710.32,726.98,683.81,12.063,0.0001184,0.0001169,0.00011458,0.00012144,98.983,41.726,977.76
1,1,1,1,1,1,1,1,1,1,1,1,1,1,1,1,1
