159.99,0.54027,0.73922,0.034189,0.64907,0.79753,1.111,0.46195,0.11792
111.79,0.084158,0.6549,0.013837,0.42918,0.54998,1.0279,0.031897,0.039089
243.87,0.90476,0.82353,0.075594,1.01,0.92659,1.1949,0.62955,0.21757
0.020766,0.13668,2.2133,-0.069069,0.090082,2.2978,2.2543,2.1642,0.12449
0.13668,30.448,-40.419,-5.3096,0.022366,63.954,17.882,17.854,120.25
2.2133,-40.419,928.51,-18.958,-193.96,31.413,-62.44,131.52,-53.106
-0.069069,-5.3096,-18.958,994.94,-52.066,8.0684,-16.862,35.204,-14.942
0.090082,0.022366,-193.96,-52.066,461.02,79.894,-175.57,363.42,-161.5
2.2978,63.954,31.413,8.0684,79.894,983.93,24.84,-55.054,16.008
2.2543,17.882,-62.44,-16.862,-175.57,24.84,942.48,118.04,-54.824
2.1642,17.854,131.52,35.204,363.42,-55.054,118.04,754.63,106.68
0.12449,120.25,-53.106,-14.942,-161.5,16.008,-54.824,106.68,936.7
