612.5,570.16,188.57,-88.771,411.62,411.62,411.62,196.89,91.702
370.16,285.34,74.174,-218.03,349.78,349.78,349.78,4.9568,-127.91
1206.3,1197.1,288.51,-34.363,459.56,459.56,459.56,885.86,433.93
0.484,-0.43955,-0.10521,-0.15703,-0.065236,-0.065236,-0.065236,-0.047245,-0.055592
-0.43955,0.43574,0.15839,-0.0062143,0.09414,0.09414,0.09414,0.017004,0.020068
-0.10521,0.15839,0.15358,-0.27094,0.068885,0.068885,0.068885,-0.03626,-0.052543
-0.15703,-0.0062143,-0.27094,0.76539,-0.10934,-0.10934,-0.10934,0.12521,0.16926
-0.065236,0.09414,0.068885,-0.10934,0.71036,-0.28964,-0.28964,-0.017773,-0.018562
-0.065236,0.09414,0.068885,-0.10934,-0.28964,0.71036,-0.28964,-0.017773,-0.018562
-0.065236,0.09414,0.068885,-0.10934,-0.28964,-0.28964,0.71036,-0.017773,-0.018562
-0.047245,0.017004,-0.03626,0.12521,-0.017773,-0.017773,-0.017773,0.023184,0.028122
-0.055592,0.020068,-0.052543,0.16926,-0.018562,-0.018562,-0.018562,0.028122,0.038671
43.105,43.105,43.105,43.105,43.105,43.105,43.105,43.105,43.105
