0.58947,0.52878,0.23766,-0.00444,0.46037,0.46037,0.46037,0.092379
0.30304,0.20979,0.21867,-0.032086,0.42334,0.42334,0.42334,0.00052666
0.87165,0.83068,0.26411,0.038152,0.49027,0.49027,0.49027,0.26727
5399.4,-4898.6,-189.39,-123.76,-408.06,-408.06,-408.06,-1.2597
-4898.6,4518.4,-200,76.817,442.51,442.51,442.51,-120.93
-189.39,-200,9926.7,-165.87,-64.591,-64.591,-64.591,-768.22
-123.76,76.817,-165.87,9444.6,-802.99,-802.99,-802.99,-1777.7
-408.06,442.51,-64.591,-802.99,7039.6,-2960.4,-2960.4,-101.74
-408.06,442.51,-64.591,-802.99,-2960.4,7039.6,-2960.4,-101.74
-408.06,442.51,-64.591,-802.99,-2960.4,-2960.4,7039.6,-101.74
-1.2597,-120.93,-768.22,-1777.7,-101.74,-101.74,-101.74,922.12
