309.68,240.41,79.609,164.42,131.98,185.09,164.89,151.44,180.88,219.24,926.69,66.345,924.79,220.88,86.964,83.957,63.415,992.62,-889.48,1074.8,1074.8,1074.8,8.6267,25.298,-50233,52.004,-82.843
202.41,172.42,-181.47,52.986,58.8,32.945,49.624,23.752,20.975,14.618,647.72,20.747,645.08,22.797,2.5969,5.3622,8.0549,985.15,-1537,501.44,501.44,501.44,0.01273,-101.74,-3.3086e+05,-30.548,-282.35
469.54,420.8,420.15,409.88,180.28,452.48,301.27,270.46,434.63,757.49,998.19,95.709,996.84,761.84,142.54,149.44,153.08,999.74,-485.66,1511.8,1511.8,1511.8,68.845,173.65,14286,108.37,227.45
0.95099,0.00057537,-0.13608,0.041707,0.014451,-0.05261,-0.017894,0.050082,-0.044195,-0.046092,0.021368,-0.0043059,0.022006,-0.044054,-0.025081,-0.01613,-0.011488,0.0024371,0.0059173,-0.057711,-0.057711,-0.057711,-0.0068076,-0.038388,-9.7332e-05,-0.013425,0.028414
0.00057537,0.93236,-0.0086577,-0.12617,0.012403,0.074356,-0.054736,-0.076604,0.059456,-0.037319,0.0042838,0.0026258,0.0020525,-0.031464,-0.00087029,0.027547,-0.028507,0.00017679,0.053191,-0.030849,-0.030849,-0.030849,-0.018461,0.011136,8.9784e-06,-0.050058,0.12784
-0.13608,-0.0086577,0.34984,0.13887,0.064736,-0.070833,-0.12905,0.20135,-0.027743,0.015904,0.00038548,0.0040305,0.0018272,0.033792,-0.13971,-0.064049,-0.075403,0.010179,0.0015608,0.0011175,0.0011175,0.0011175,-0.042858,-0.13317,0.00019787,-0.13539,0.23148
0.041707,-0.12617,0.13887,0.56896,0.087865,0.081454,-0.025891,-0.33406,0.033555,0.004393,0.022284,-0.088375,0.020988,0.0026158,-0.11119,-0.058688,-0.14043,0.010514,-0.012959,-0.031005,-0.031005,-0.031005,-0.03713,-0.018042,3.5108e-05,-0.10465,0.14249
0.014451,0.012403,0.064736,0.087865,0.93876,0.036646,-0.003568,0.064144,0.037248,-0.0035018,-0.026194,0.053419,-0.027825,-0.0030205,0.10683,0.080726,0.07627,-0.0089554,-0.030128,-0.011309,-0.011309,-0.011309,0.018125,0.080792,4.9125e-06,0.040717,0.019507
-0.05261,0.074356,-0.070833,0.081454,0.036646,0.79016,0.0885,0.037208,-0.19774,-0.016256,0.046792,-0.063515,0.051776,-0.029479,-0.07772,-0.10673,-0.024259,0.0081545,-0.17016,-0.06291,-0.06291,-0.06291,0.013811,-0.071336,-9.0233e-05,0.040406,-0.14257
-0.017894,-0.054736,-0.12905,-0.025891,-0.003568,0.0885,0.91258,0.021422,0.089158,-0.010642,-0.019254,0.035063,-0.021877,0.00094647,0.013737,0.049157,-0.0065589,-0.0019833,0.095297,-0.015255,-0.015255,-0.015255,-0.019604,0.0083311,-7.4525e-05,-0.057268,0.15658
0.050082,-0.076604,0.20135,-0.33406,0.064144,0.037208,0.021422,0.7189,-0.0032537,0.0065242,0.024313,-0.081159,0.024153,-0.00037001,-0.0803,-0.058244,-0.10035,0.0080529,-0.052461,-0.011716,-0.011716,-0.011716,-0.018339,-0.0055088,0.00013863,-0.051106,0.039713
-0.044195,0.059456,-0.027743,0.033555,0.037248,-0.19774,0.089158,-0.0032537,0.80637,-0.026006,0.050022,-0.068266,0.054586,-0.04022,-0.071089,-0.10032,-0.028669,0.0079435,-0.18947,-0.073862,-0.073862,-0.073862,0.013122,-0.056732,-0.00013935,0.036817,-0.12182
-0.046092,-0.037319,0.015904,0.004393,-0.0035018,-0.016256,-0.010642,0.0065242,-0.026006,0.58618,0.17032,0.010098,0.16824,-0.4089,0.054664,0.048604,0.029152,-0.002865,0.042721,0.0079269,0.0079269,0.0079269,-0.009405,-0.026709,2.9412e-05,0.017192,0.06106
0.021368,0.0042838,0.00038548,0.022284,-0.026194,0.046792,-0.019254,0.024313,0.050022,0.17032,0.91085,0.027382,-0.089731,0.17121,0.028471,0.028514,0.018786,-0.0032598,0.0056018,-0.025582,-0.025582,-0.025582,0.0068804,0.049024,-1.9998e-05,-0.0021842,0.018062
-0.0043059,0.0026258,0.0040305,-0.088375,0.053419,-0.063515,0.035063,-0.081159,-0.068266,0.010098,0.027382,0.93878,0.029617,0.0045518,-0.092685,-0.084101,-0.064938,0.0083341,-0.036532,0.0013209,0.0013209,0.0013209,-0.0080438,-0.061321,2.8442e-06,-0.016918,-0.055587
0.022006,0.0020525,0.0018272,0.020988,-0.027825,0.051776,-0.021877,0.024153,0.054586,0.16824,-0.089731,0.029617,0.90953,0.16949,0.032063,0.032531,0.020365,-0.0035761,0.0086562,-0.025917,-0.025917,-0.025917,0.0066612,0.051816,-8.3934e-06,-0.0028565,0.023484
-0.044054,-0.031464,0.033792,0.0026158,-0.0030205,-0.029479,0.00094647,-0.00037001,-0.04022,-0.4089,0.17121,0.0045518,0.16949,0.59416,0.053352,0.042337,0.029269,-0.0025667,0.020803,0.0039063,0.0039063,0.0039063,-0.006621,-0.024877,-8.5932e-06,0.023835,0.045561
-0.025081,-0.00087029,-0.13971,-0.11119,0.10683,-0.07772,0.013737,-0.0803,-0.071089,0.054664,0.028471,-0.092685,0.032063,0.053352,0.80177,-0.15464,-0.13146,0.016195,0.055583,0.035337,0.035337,0.035337,-0.028623,-0.15092,-0.00012619,-0.065556,-0.069159
-0.01613,0.027547,-0.064049,-0.058688,0.080726,-0.10673,0.049157,-0.058244,-0.10032,0.048604,0.028514,-0.084101,0.032531,0.042337,-0.15464,0.86126,-0.093633,0.013052,-0.010075,0.026518,0.026518,0.026518,-0.011937,-0.11761,-0.00012844,-0.02274,-0.12027
-0.011488,-0.028507,-0.075403,-0.14043,0.07627,-0.024259,-0.0065589,-0.10035,-0.028669,0.029152,0.018786,-0.064938,0.020365,0.029269,-0.13146,-0.093633,0.89948,0.010952,0.034784,0.0084114,0.0084114,0.0084114,-0.024985,-0.088681,7.2957e-06,-0.062408,0.0055441
0.0024371,0.00017679,0.010179,0.010514,-0.0089554,0.0081545,-0.0019833,0.0080529,0.0079435,-0.002865,-0.0032598,0.0083341,-0.0035761,-0.0025667,0.016195,0.013052,0.010952,0.99863,-0.0010226,-0.0010517,-0.0010517,-0.0010517,0.0021927,0.012019,1.1919e-05,0.0050439,0.0053557
0.0059173,0.053191,0.0015608,-0.012959,-0.030128,-0.17016,0.095297,-0.052461,-0.18947,0.042721,0.0056018,-0.036532,0.0086562,0.020803,0.055583,-0.010075,0.034784,-0.0010226,0.19467,0.043451,0.043451,0.043451,0.038009,0.15872,0.00010152,0.0089478,0.18868
-0.057711,-0.030849,0.0011175,-0.031005,-0.011309,-0.06291,-0.015255,-0.011716,-0.073862,0.0079269,-0.025582,0.0013209,-0.025917,0.0039063,0.035337,0.026518,0.0084114,-0.0010517,0.043451,0.69009,-0.30991,-0.30991,0.0048409,0.020966,2.4079e-05,0.021764,0.019095
-0.057711,-0.030849,0.0011175,-0.031005,-0.011309,-0.06291,-0.015255,-0.011716,-0.073862,0.0079269,-0.025582,0.0013209,-0.025917,0.0039063,0.035337,0.026518,0.0084114,-0.0010517,0.043451,-0.30991,0.69009,-0.30991,0.0048409,0.020966,2.4079e-05,0.021764,0.019095
-0.057711,-0.030849,0.0011175,-0.031005,-0.011309,-0.06291,-0.015255,-0.011716,-0.073862,0.0079269,-0.025582,0.0013209,-0.025917,0.0039063,0.035337,0.026518,0.0084114,-0.0010517,0.043451,-0.30991,-0.30991,0.69009,0.0048409,0.020966,2.4079e-05,0.021764,0.019095
-0.0068076,-0.018461,-0.042858,-0.03713,0.018125,0.013811,-0.019604,-0.018339,0.013122,-0.009405,0.0068804,-0.0080438,0.0066612,-0.006621,-0.028623,-0.011937,-0.024985,0.0021927,0.038009,0.0048409,0.0048409,0.0048409,0.98936,-0.023282,-9.9069e-06,-0.025842,0.030158
-0.038388,0.011136,-0.13317,-0.018042,0.080792,-0.071336,0.0083311,-0.0055088,-0.056732,-0.026709,0.049024,-0.061321,0.051816,-0.024877,-0.15092,-0.11761,-0.088681,0.012019,0.15872,0.020966,0.020966,0.020966,-0.023282,0.84657,0.00013083,-0.031702,-0.11145
-9.7332e-05,8.9784e-06,0.00019787,3.5108e-05,4.9125e-06,-9.0233e-05,-7.4525e-05,0.00013863,-0.00013935,2.9412e-05,-1.9998e-05,2.8442e-06,-8.3934e-06,-8.5932e-06,-0.00012619,-0.00012844,7.2957e-06,1.1919e-05,0.00010152,2.4079e-05,2.4079e-05,2.4079e-05,-9.9069e-06,0.00013083,2.0743e-07,-6.5665e-05,0.00019349
-0.013425,-0.050058,-0.13539,-0.10465,0.040717,0.040406,-0.057268,-0.051106,0.036817,0.017192,-0.0021842,-0.016918,-0.0028565,0.023835,-0.065556,-0.02274,-0.062408,0.0050439,0.0089478,0.021764,0.021764,0.021764,-0.025842,-0.031702,-6.5665e-05,0.9199,0.13453
0.028414,0.12784,0.23148,0.14249,0.019507,-0.14257,0.15658,0.039713,-0.12182,0.06106,0.018062,-0.055587,0.023484,0.045561,-0.069159,-0.12027,0.0055441,0.0053557,0.18868,0.019095,0.019095,0.019095,0.030158,-0.11145,0.00019349,0.13453,0.51029
87.227,87.227,87.227,87.227,87.227,87.227,87.227,87.227,87.227,87.227,87.227,87.227,87.227,87.227,87.227,87.227,87.227,87.227,87.227,87.227,87.227,87.227,87.227,87.227,87.227,87.227,87.227
