150,0.76999,0.84608,0.082998,1.0551,0.77721,1.2851,0.22994,0.032382,0.55199,0.1661,0.042792
49.035,0.37576,0.64706,0.032593,0.69249,0.29955,0.70978,0.017289,0.0057481,0.36394,0.053985,0.020096
353.62,0.92885,0.99216,0.16305,1.504,1.0292,1.5504,0.46736,0.055479,0.81367,0.24637,0.061434
0.0035543,-1.2455,-0.88874,0.070009,0.26889,-0.64637,-0.38788,-0.65675,0.030718,0.26707,-0.05021,-0.10554
-1.2455,708.53,-114.26,-31.185,-125.61,265.07,148.91,274.53,0.7254,-81.806,4.6704,-11.268
-0.88874,-114.26,954.89,-10.207,-37.304,108.42,68.229,105.53,0.98456,-25.229,4.3093,-4.5338
0.070009,-31.185,-10.207,984.06,-87.994,0.17848,-45.635,42.359,-4.2967,-51.473,-14.985,-0.47499
0.26889,-125.61,-37.304,-87.994,504.94,-52.445,-299.95,195.11,-25.558,-287.91,-89.565,-0.53504
-0.64637,265.07,108.42,0.17848,-52.445,695.92,-273.08,-220.63,-10.439,-21.11,-38.866,11.88
-0.38788,148.91,68.229,-45.635,-299.95,-273.08,623.22,-76.833,-21.735,-166.85,-78.012,9.3246
-0.65675,274.53,105.53,42.359,195.11,-220.63,-76.833,728.05,3.8231,121.06,11.553,9.8598
0.030718,0.7254,0.98456,-4.2967,-25.558,-10.439,-21.735,3.8231,998.48,-14.62,-5.3848,0.28155
0.26707,-81.806,-25.229,-51.473,-287.91,-21.11,-166.85,121.06,-14.62,832.27,-51.164,-0.68666
-0.05021,4.6704,4.3093,-14.985,-89.565,-38.866,-78.012,11.553,-5.3848,-51.164,980.91,1.0779
-0.10554,-11.268,-4.5338,-0.47499,-0.53504,11.88,9.3246,9.8598,0.28155,-0.68666,1.0779,999.52
