184.43,0.69903,0.88824,0.46266,0.027594,0.57149,0.87781,1.1493,0.57783,0.014633,0.32512,0.21229,0.026568
108.77,0.46392,0.76078,0.079435,0.006349,0.30644,0.49789,0.97086,0.036108,0.012171,0.2298,0.15925,0.0035741
317.27,0.93991,0.94902,0.67571,0.065111,0.93475,1.1922,1.3321,1.0256,0.020402,0.51108,0.23803,0.03671
0.061771,20.108,-4.6023,2.5441,0.79259,9.384,-1.2944,4.6139,-4.7692,-0.13504,4.9537,1.0714,-4.072
20.108,8401.4,-782.24,-1131.7,192.55,1702.4,-1530.3,-526.28,-2228.7,29.327,1002.1,18.097,-0.72785
-4.6023,-782.24,9330.2,-1931.1,117.95,905.81,-300.98,322.35,-583.45,11.169,692.64,-102.39,-132.5
2.5441,-1131.7,-1931.1,2587.8,250.17,1554.2,1066.4,2410.7,856.6,5.4859,1680.3,-521.14,-634.75
0.79259,192.55,117.95,250.17,9974.8,-211.08,147.31,15.461,226.54,-3.2696,-137.43,7.0149,11.011
9.384,1702.4,905.81,1554.2,-211.08,8168.5,1516.3,413.54,2245.1,-30.427,-1118.5,8.9109,34.269
-1.2944,-1530.3,-300.98,1066.4,147.31,1516.3,7836,-1408.9,-2925.2,33.043,643.63,190.95,205.53
4.6139,-526.28,322.35,2410.7,15.461,413.54,-1408.9,8654.9,-1758.7,16.087,-78.824,230.76,266.78
-4.7692,-2228.7,-583.45,856.6,226.54,2245.1,-2925.2,-1758.7,5996.3,46.513,1039.6,221.85,232.52
-0.13504,29.327,11.169,5.4859,-3.2696,-30.427,33.043,16.087,46.513,9999.4,-16.141,-1.5658,-1.4521
4.9537,1002.1,692.64,1680.3,-137.43,-1118.5,643.63,-78.824,1039.6,-16.141,9229.2,67.064,93.599
1.0714,18.097,-102.39,-521.14,7.0149,8.9109,190.95,230.76,221.85,-1.5658,67.064,9956.7,-51.215
-4.072,-0.72785,-132.5,-634.75,11.011,34.269,205.53,266.78,232.52,-1.4521,93.599,-51.215,9939.2
