1.5704,1.558,0.045991,-1.2121,1.3692,1.3692,1.3692,1.0364
0.93862,0.91346,-0.18707,-1.6189,1.2882,1.2882,1.2882,1.7267e-05
2.6403,2.6337,0.21586,-0.79097,1.4851,1.4851,1.4851,3.1091
7555.1,-2557.6,873.47,-1761.4,-396.6,-396.6,-396.6,-2753.5
-2557.6,7315.8,943.6,-2078.4,-426.41,-426.41,-426.41,-2706.6
873.47,943.6,9585.7,1436.6,181.18,181.18,181.18,388.8
-1761.4,-2078.4,1436.6,2358.2,-597.47,-597.47,-597.47,2712.4
-396.6,-426.41,181.18,-597.47,9920.4,-79.584,-79.584,-216.92
-396.6,-426.41,181.18,-597.47,-79.584,9920.4,-79.584,-216.92
-396.6,-426.41,181.18,-597.47,-79.584,-79.584,9920.4,-216.92
-2753.5,-2706.6,388.8,2712.4,-216.92,-216.92,-216.92,3438.6
