191.99,0.46241,0.68567,0.018302,0.45423,0.20771
95.821,0.28111,0.57255,0.010563,0.35094,0.050427
352.21,0.68667,0.8549,0.02748,0.55975,0.322
0.00034128,0.079297,-0.064368,-8.6044,0.55297,0.16262
0.079297,139.48,53.096,-3092.2,205.22,78.929
-0.064368,53.096,148.06,1574,-140.36,-15.962
-8.6044,-3092.2,1574,3.6174e+05,-22636,-5771.6
0.55297,205.22,-140.36,-22636,1675.5,351.55
0.16262,78.929,-15.962,-5771.6,351.55,259.16
