217.13,0.64051,0.72016,0.68985,0.011818,0.39378,0.8419,1.0291,0.63527,0.0086674,0.21767,0.09381,0.060462
55.2,0.19841,0.21961,0.5073,0.0018632,0.16144,0.17067,0.39347,0.017833,0.0036171,0.10639,0.066524,0.0010373
347.37,0.96629,0.93333,1.0898,0.015213,0.46014,0.99852,1.224,0.83031,0.018199,0.25089,0.10668,0.113
0.00036594,-0.0023666,-0.081567,-0.083934,0.028464,0.051629,0.084228,-0.085729,-0.13759,-0.01013,0.19965,0.08083,-0.29612
-0.0023666,30.4,-7.3512,22.674,-1.2394,20.617,69.793,-25.784,-46.407,23.991,14.2,-58.479,46.344
-0.081567,-7.3512,59.017,8.162,-8.7046,-40.653,-135.25,61.261,101.94,-11.907,-71.637,-49.498,128.8
-0.083934,22.674,8.162,161.74,-3.5615,69.658,128.2,9.4845,-60.131,15.738,-52.743,168.75,153.79
0.028464,-1.2394,-8.7046,-3.5615,9949.1,-134.19,-103.2,-17.341,116.85,13.507,-471.59,39.589,17.165
0.051629,20.617,-40.653,69.658,-134.19,4209.7,505.68,-3187.5,2602.7,-143.49,-1563.6,-206.17,-302.82
0.084228,69.793,-135.25,128.2,-103.2,505.68,2619,-1096.9,-1602.3,219.34,-644.65,-124.67,-463.98
-0.085729,-25.784,61.261,9.4845,-17.341,-3187.5,-1096.9,3986.7,-2825.9,-200.01,-490.7,-59.18,167.95
-0.13759,-46.407,101.94,-60.131,116.85,2602.7,-1602.3,-2825.9,4571.4,-56.592,1073,147.29,470.82
-0.01013,23.991,-11.907,15.738,13.507,-143.49,219.34,-200.01,-56.592,9521.3,286.72,-700.76,-305.81
0.19965,14.2,-71.637,-52.743,-471.59,-1563.6,-644.65,-490.7,1073,286.72,5230.9,911.86,117.8
0.08083,-58.479,-49.498,168.75,39.589,-206.17,-124.67,-59.18,147.29,-700.76,911.86,5741.6,-118.32
-0.29612,46.344,128.8,153.79,17.165,-302.82,-463.98,167.95,470.82,-305.81,117.8,-118.32,1376.7
