503.95,436.33,-225.22,-409.7,-32.641,-32.641,-32.641,40.172,26.863
282.41,172.84,-253.09,-470.3,-63.159,-63.159,-63.159,1.922,-302.17
851.67,827.18,-202.8,-370.85,-13.728,-13.728,-13.728,103.92,250.64
0.042374,-0.035748,-0.043053,0.030044,0.002698,0.002698,0.002698,-0.0069138,0.0017036
-0.035748,0.030475,0.032785,-0.0243,-0.0018278,-0.0018278,-0.0018278,0.0044286,-0.0013441
-0.043053,0.032785,0.11972,-0.055113,-0.013803,-0.013803,-0.013803,0.020726,-0.0033928
0.030044,-0.0243,-0.055113,0.030899,0.0049251,0.0049251,0.0049251,-0.0090922,0.0018594
0.002698,-0.0018278,-0.013803,0.0049251,0.66911,-0.33089,-0.33089,-0.0020257,0.00030262
0.002698,-0.0018278,-0.013803,0.0049251,-0.33089,0.66911,-0.33089,-0.0020257,0.00030262
0.002698,-0.0018278,-0.013803,0.0049251,-0.33089,-0.33089,0.66911,-0.0020257,0.00030262
-0.0069138,0.0044286,0.020726,-0.0090922,-0.0020257,-0.0020257,-0.0020257,0.0081169,-0.00063215
0.0017036,-0.0013441,-0.0033928,0.0018594,0.00030262,0.00030262,0.00030262,-0.00063215,0.00016133
45.21,45.21,45.21,45.21,45.21,45.21,45.21,45.21,45.21
