0.42681,0.33059,-0.26149,0.26039,0.28704,0.12048,0.19717,0.27959,0.17877,0.41819,0.60427,0.44483,0.55727,0.48903,0.40389,0.44511,0.35606,0.58036,-0.43323,-0.037448,-0.037448,-0.037448,0.03914,-0.19987,17.467,0.086693,-0.0080496
0.24799,0.0901,-0.36205,0.15601,0.061971,0.0055596,0.011517,0.024205,0.012526,0.058021,0.09406,0.00082217,0.028005,0.00060847,0.0087042,0.018508,0.014009,0.038139,-0.55348,-0.30557,-0.30557,-0.30557,8.5164e-06,-0.56621,-283.57,-0.67687,-0.48235
0.58147,0.49346,-0.12374,0.37104,0.5097,0.26116,0.52513,0.55746,0.35933,0.96789,0.91852,0.98509,0.97525,0.98503,0.95068,0.99696,0.99358,0.99786,-0.30791,0.085375,0.085375,0.085375,0.23543,0.18769,318.5,0.75495,0.38823
8063.7,-1900,756,-580.03,-1877.1,-314.88,-552.75,-1112.7,-1153.3,-1068.4,265.5,-269.6,559.95,1101.3,-169.91,62.365,556.75,163.38,294.16,459.43,459.43,459.43,-175.21,121.07,-0.13757,228.2,212.04
-1900,7347.8,-268.34,-110.09,-2422.6,-977.42,-841.87,-1373.2,-730.72,-1106,406.01,-602.03,-179.36,429.31,-664.05,179.7,1101,15.923,-563.03,-354.06,-354.06,-354.06,-160.31,440.16,0.22757,145.61,92.222
756,-268.34,7477.7,1831.2,-477.47,509.93,-37.503,-3.4918,1257.3,584.07,653.52,-241.9,-510.36,-487.73,-1013.3,17.985,350.51,-301.62,-2303.8,-930.61,-930.61,-930.61,62.411,164.16,0.16525,-129.26,-125.05
-580.03,-110.09,1831.2,7171.7,1003.7,-238.78,729.69,-934.99,-1505.2,-677.98,-19.247,594.1,-846.78,56.451,304.98,-120.54,504.21,634.56,1509.1,77.12,77.12,77.12,1623,1377,0.10785,-217.08,-39.039
-1877.1,-2422.6,-477.47,1003.7,5858.5,789.56,-887.56,-910.14,-1457.6,81.812,689.66,-389.26,-281.8,-49.804,-402.06,157.37,339.76,-1000.4,99.452,59.496,59.496,59.496,-1975.9,-459.06,-0.0028023,246.13,-107.61
-314.88,-977.42,509.93,-238.78,789.56,4181.3,80.742,-766.54,2217.8,-598.89,-588.62,-1431.6,-422.52,-218.63,-571.39,-498.25,320.19,519.56,-56.194,117.81,117.81,117.81,-624.43,-133.78,0.086509,198.16,-422.38
-552.75,-841.87,-37.503,729.69,-887.56,80.742,2126.8,1437.3,1395.8,-1098.9,-726.76,262.12,-612.94,108.46,1218.2,-1253.5,-364.09,669.76,803.73,-195.41,-195.41,-195.41,-53.988,745.18,0.11938,-63.406,-345.4
-1112.7,-1373.2,-3.4918,-934.99,-910.14,-766.54,1437.3,2662.9,1383.9,-136.3,-117.37,741.66,276.15,281.29,980.84,-1118.3,-974.23,-304.6,-496.64,-268.26,-268.26,-268.26,862.18,-15.449,-0.10549,-190.32,58.792
-1153.3,-730.72,1257.3,-1505.2,-1457.6,2217.8,1395.8,1383.9,4791.8,-210.24,-979.17,-1814.8,-184.06,-487.18,-733.97,260.94,293.12,643.67,673.77,-60.674,-60.674,-60.674,369.43,151.09,0.19907,112.33,-313.81
-1068.4,-1106,584.07,-677.98,81.812,-598.89,-1098.9,-136.3,-210.24,3889.1,15.062,947.97,791.23,-1804.7,-1003.8,2199.4,-1116.3,-231.34,-695.1,319.89,319.89,319.89,1348,-1001.1,-0.2148,-262.26,201.64
265.5,406.01,653.52,-19.247,689.66,-588.62,-726.76,-117.37,-979.17,15.062,1488,270.6,76.448,640.76,-840.8,-348.02,378.93,-1100.7,-1167.2,-237.37,-237.37,-237.37,-343.25,-306.06,-0.11252,21.338,285.74
-269.6,-602.03,-241.9,594.1,-389.26,-1431.6,262.12,741.66,-1814.8,947.97,270.6,2481.3,22.195,-270.18,1460.1,-1172.9,-1610.1,-138.07,-1161.2,-186.91,-186.91,-186.91,836.45,-129.68,-0.1989,-370.6,67.186
559.95,-179.36,-510.36,-846.78,-281.8,-422.52,-612.94,276.15,-184.06,791.23,76.448,22.195,1181.9,198.57,-276.59,690.51,-466.73,-550.4,-577,341.22,341.22,341.22,806.6,-559.47,-0.23641,74.011,293.9
1101.3,429.31,-487.73,56.451,-49.804,-218.63,108.46,281.29,-487.18,-1804.7,640.76,-270.18,198.57,1552.7,263.92,-1148.6,536.41,-534.26,-371.57,-84.633,-84.633,-84.633,-520.61,177.43,-0.056002,158.64,176.7
-169.91,-664.05,-1013.3,304.98,-402.06,-571.39,1218.2,980.84,-733.97,-1003.8,-840.8,1460.1,-276.59,263.92,2544.3,-1918,-1263.3,591.57,-52.382,-200.76,-200.76,-200.76,-127.57,419.71,0.0093586,-179.59,-258.56
62.365,179.7,17.985,-120.54,157.37,-498.25,-1253.5,-1118.3,260.94,2199.4,-348.02,-1172.9,690.51,-1148.6,-1918,3445.5,778.44,221.45,1400.5,635.3,635.3,635.3,982.51,-357.02,0.0311,102.03,234.79
556.75,1101,350.51,504.21,339.76,320.19,-364.09,-974.23,293.12,-1116.3,378.93,-1610.1,-466.73,536.41,-1263.3,778.44,1837.5,73.926,1096.3,8.1852,8.1852,8.1852,-736.5,404.58,0.21369,219.54,50.212
163.38,15.923,-301.62,634.56,-1000.4,519.56,669.76,-304.6,643.67,-231.34,-1100.7,-138.07,-550.4,-534.26,591.57,221.45,73.926,1278.7,1302.8,149.54,149.54,149.54,329.63,542.3,0.18954,-65.695,-279.29
294.16,-563.03,-2303.8,1509.1,99.452,-56.194,803.73,-496.64,673.77,-695.1,-1167.2,-1161.2,-577,-371.57,-52.382,1400.5,1096.3,1302.8,4281.7,570.56,570.56,570.56,405.72,1014.2,0.31129,71.302,-119.03
459.43,-354.06,-930.61,77.12,59.496,117.81,-195.41,-268.26,-60.674,319.89,-237.37,-186.91,341.22,-84.633,-200.76,635.3,8.1852,149.54,570.56,7122.3,-2877.7,-2877.7,726.54,-95.827,-0.064493,70.778,63.978
459.43,-354.06,-930.61,77.12,59.496,117.81,-195.41,-268.26,-60.674,319.89,-237.37,-186.91,341.22,-84.633,-200.76,635.3,8.1852,149.54,570.56,-2877.7,7122.3,-2877.7,726.54,-95.827,-0.064493,70.778,63.978
459.43,-354.06,-930.61,77.12,59.496,117.81,-195.41,-268.26,-60.674,319.89,-237.37,-186.91,341.22,-84.633,-200.76,635.3,8.1852,149.54,570.56,-2877.7,-2877.7,7122.3,726.54,-95.827,-0.064493,70.778,63.978
-175.21,-160.31,62.411,1623,-1975.9,-624.43,-53.988,862.18,369.43,1348,-343.25,836.45,806.6,-520.61,-127.57,982.51,-736.5,329.63,405.72,726.54,726.54,726.54,5629.4,111.62,-0.23635,-315.02,390.81
121.07,440.16,164.16,1377,-459.06,-133.78,745.18,-15.449,151.09,-1001.1,-306.06,-129.68,-559.47,177.43,419.71,-357.02,404.58,542.3,1014.2,-95.827,-95.827,-95.827,111.62,742.59,0.1721,-16.486,-140.15
-0.13757,0.22757,0.16525,0.10785,-0.0028023,0.086509,0.11938,-0.10549,0.19907,-0.2148,-0.11252,-0.1989,-0.23641,-0.056002,0.0093586,0.0311,0.21369,0.18954,0.31129,-0.064493,-0.064493,-0.064493,-0.23635,0.1721,0.00013256,0.018118,-0.08284
228.2,145.61,-129.26,-217.08,246.13,198.16,-63.406,-190.32,112.33,-262.26,21.338,-370.6,74.011,158.64,-179.59,102.03,219.54,-65.695,71.302,70.778,70.778,70.778,-315.02,-16.486,0.018118,134.89,-33.622
212.04,92.222,-125.05,-39.039,-107.61,-422.38,-345.4,58.792,-313.81,201.64,285.74,67.186,293.9,176.7,-258.56,234.79,50.212,-279.29,-119.03,63.978,63.978,63.978,390.81,-140.15,-0.08284,-33.622,222.66
