0,21.739,360.78,39.319,14.43,497.85,1066.1,1295.4,636.86,77.925,2.1965e-06,2.1672e-06,2.0028e-06,1.9743e-06,492.56,240.05,7.668
1382.8,208.12,917.65,65.465,45.022,1018.4,1567.8,1766.9,1191.3,439.53,1.2989e-05,1.4142e-05,1.2633e-05,1.3739e-05,1645.8,415.11,308.04
2.5493e-05,0.00018184,2.0677e-05,-0.0012553,-0.0011223,-1.116e-05,0.00059376,-0.00031747,-0.0003146,0.00036823,4.2842e-09,4.8163e-09,4.1196e-09,4.8916e-09,-6.7127e-05,0.00020198,-0.00020408
0.00018184,0.0023781,-0.00013981,-0.019953,-0.014086,-8.0456e-06,0.005254,-0.0027065,-0.0027289,0.0031689,-6.3394e-09,-3.0012e-09,-5.7136e-09,-1.1446e-09,-0.00067214,0.0027779,-0.0017913
2.0677e-05,-0.00013981,0.00040338,0.0040668,0.0067844,-0.00014454,8.6266e-05,-0.0001513,-2.4503e-05,0.00056527,9.8826e-09,1.1527e-08,1.1322e-08,1.3693e-08,-6.0546e-05,-0.0012146,-0.0001541
-0.0012553,-0.019953,0.0040668,0.29583,0.17526,0.00051875,-0.087554,0.045409,0.044594,-0.039732,9.1117e-08,1.0398e-07,1.228e-07,1.2644e-07,0.01005,-0.049021,0.021301
-0.0011223,-0.014086,0.0067844,0.17526,0.52807,-0.0084243,-0.020587,0.005754,0.014788,-0.0086962,-7.7112e-09,6.1204e-08,-2.3385e-08,5.468e-08,0.0026462,-0.073115,0.010786
-1.116e-05,-8.0456e-06,-0.00014454,0.00051875,-0.0084243,0.33359,-0.0013531,-0.33246,0.33392,-0.00063224,4.4107e-09,2.7301e-09,5.756e-09,3.6144e-09,0.00011084,0.00065782,0.00019528
0.00059376,0.005254,8.6266e-05,-0.087554,-0.020587,-0.0013531,0.045371,-0.024582,-0.023223,0.0198,8.2119e-08,7.6314e-08,5.7573e-08,6.1784e-08,-0.004627,0.01283,-0.011065
-0.00031747,-0.0027065,-0.0001513,0.045409,0.005754,-0.33246,-0.024582,0.34676,-0.32078,-0.010728,-3.7396e-08,-3.4804e-08,-2.3007e-08,-2.6029e-08,0.00247,-0.0062636,0.005917
-0.0003146,-0.0027289,-2.4503e-05,0.044594,0.014788,0.33392,-0.023223,-0.32078,0.34531,-0.010153,-4.2642e-08,-3.8693e-08,-2.9558e-08,-3.0719e-08,0.0023651,-0.006889,0.0057862
0.00036823,0.0031689,0.00056527,-0.039732,-0.0086962,-0.00063224,0.0198,-0.010728,-0.010153,0.010509,3.8991e-08,3.584e-08,3.2175e-08,3.4154e-08,-0.0023246,0.004834,-0.0054802
4.2842e-09,-6.3394e-09,9.8826e-09,9.1117e-08,-7.7112e-09,4.4107e-09,8.2119e-08,-3.7396e-08,-4.2642e-08,3.8991e-08,1,-7.8307e-13,-6.0411e-13,-7.3269e-13,-1.7551e-09,-1.6445e-08,-2.0069e-08
4.8163e-09,-3.0012e-09,1.1527e-08,1.0398e-07,6.1204e-08,2.7301e-09,7.6314e-08,-3.4804e-08,-3.8693e-08,3.584e-08,-7.8307e-13,1,-7.6655e-13,-9.438e-13,1.0238e-10,-2.5987e-08,-1.5395e-08
4.1196e-09,-5.7136e-09,1.1322e-08,1.228e-07,-2.3385e-08,5.756e-09,5.7573e-08,-2.3007e-08,-2.9558e-08,3.2175e-08,-6.0411e-13,-7.6655e-13,1,-7.1927e-13,-6.4158e-11,-1.6561e-08,-1.4916e-08
4.8916e-09,-1.1446e-09,1.3693e-08,1.2644e-07,5.468e-08,3.6144e-09,6.1784e-08,-2.6029e-08,-3.0719e-08,3.4154e-08,-7.3269e-13,-9.438e-13,-7.1927e-13,1,7.6998e-10,-2.675e-08,-1.331e-08
-6.7127e-05,-0.00067214,-6.0546e-05,0.01005,0.0026462,0.00011084,-0.004627,0.00247,0.0023651,-0.0023246,-1.7551e-09,1.0238e-10,-6.4158e-11,7.6998e-10,0.00055928,-0.0013079,0.0012318
0.00020198,0.0027779,-0.0012146,-0.049021,-0.073115,0.00065782,0.01283,-0.0062636,-0.006889,0.004834,-1.6445e-08,-2.5987e-08,-1.6561e-08,-2.675e-08,-0.0013079,0.014177,-0.0030556
-0.00020408,-0.0017913,-0.0001541,0.021301,0.010786,0.00019528,-0.011065,0.005917,0.0057862,-0.0054802,-2.0069e-08,-1.5395e-08,-1.4916e-08,-1.331e-08,0.0012318,-0.0030556,0.0033795
89.58,89.58,89.58,89.58,89.58,89.58,89.58,89.58,89.58,89.58,89.58,89.58,89.58,89.58,89.58,89.58,89.58
487.4,104.11,709.24,52.522,26.669,685.78,1226,1516.9,831.15,252.24,6.1428e-06,6.3527e-06,6.1835e-06,6.4241e-06,1096.9,304.79,88.564
1,1,1,1,1,1,1,1,1,1,1,1,1,1,1,1,1
