648.92,337.86,479.16,486.71,382.32,8.3802,202.51,119.49,78.893,3.9656,175.39,58.955,953.49,6.053,8.7468,9.8028,62.561,173.8,290.68,639.86,639.86,639.86,147.24,588.8,-48546,-397.96,603.92,698.63,526.22,345.23,545.91,360.9,63.168,418.17,71.724,171.81,954.79,3.9149,1.5744,4.1532,431.77,203.28,0.74567,203.29,431.88,-97.465,608.98,608.98,608.98,223.53,581.28,-5000,-282.55,184.31,343.49,322.32,118.72,77.777,27.337,264.6,265.12,81.404,80.227,11.827,74.58,191.46,658.97,131.08,10.67,453.15,141.65,40.282,-332.59,424.62,424.62,424.62,0.1261,300.75,-54000,-154.8,-156.86,718.27,491.19,408.61,473.86,72.264,15.828,374.82,332.11,16.822,11.564,174.19,46.358,906.19,14.415,17.657,2.5771,46.259,168.69,220.58,584.02,584.02,584.02,277.17,677.69,-54000,-342.38,-70.588
768.84,547.5,660.63,627.44,484.55,245.27,479.37,716.35,514.15,299.81,997.95,984.49,999.94,297.06,87.778,158.27,971.98,996.95,528.14,868.41,868.41,868.41,307.8,709.97,3.2365e+05,-149.54,792.16,1034.7,975.44,570.92,564.2,545.18,747.33,551.53,524.15,844.38,999.99,296,27.631,288.07,979.11,901.93,73.467,901.83,979.12,88.552,865.22,865.22,865.22,306.72,750.07,3.3487e+05,-65.979,494.12,997.6,980.46,296.05,856.11,254.88,444.19,458.39,322.28,882.3,40.507,981.2,997.14,891.02,749.45,568.96,752.08,887.77,799.76,-1.8417,755.19,755.19,755.19,491.72,544.6,3.3333e+05,42.484,82.353,935.29,841.32,529.97,731.4,726.36,429.99,691.27,632.18,504.86,422.86,998.83,896.04,998.05,422.5,410.68,261.62,984.41,998.77,410.73,701.15,701.15,701.15,512.55,895.02,3.135e+05,-58.957,86.275
1,-1.7528e-05,8.8558e-06,5.1734e-06,-8.696e-06,-1.7026e-05,-5.9232e-06,-9.7875e-07,-8.3297e-06,-5.1131e-06,-1.0725e-05,6.3478e-06,1.4456e-07,-2.766e-06,4.4622e-06,6.4322e-06,6.009e-06,-1.1619e-05,-1.1091e-06,8.7519e-06,8.7519e-06,8.7519e-06,-1.3655e-05,-7.5035e-06,-0.0014036,-4.2115e-06,3.2765e-06,-2.0809e-05,-3.7151e-05,1.9082e-05,-1.7688e-07,5.5891e-06,-5.4159e-05,2.591e-06,1.5858e-05,-5.3614e-05,5.7133e-07,-3.7909e-06,-8.3083e-07,-3.9059e-06,-5.226e-06,2.0139e-06,-1.2278e-06,2.0983e-06,-5.787e-06,5.8118e-06,1.1548e-05,1.1548e-05,1.1548e-05,2.8644e-07,4.5367e-06,0.0004501,-7.5193e-06,1.6373e-05,-2.7397e-05,-2.9025e-05,3.214e-06,-2.679e-05,-1.6108e-05,-5.3904e-06,-9.076e-06,6.5554e-06,-2.8739e-05,-1.6582e-06,9.936e-06,-1.146e-05,-9.0797e-06,3.0128e-06,9.199e-06,9.7697e-06,-1.8371e-05,4.9594e-06,-2.043e-05,1.8669e-05,1.8669e-05,1.8669e-05,-3.7545e-05,-1.8113e-05,-0.00041864,4.4857e-06,1.444e-05,-1.6705e-05,-2.658e-05,8.3937e-06,-7.2675e-06,-1.0803e-05,-9.9398e-06,-1.0753e-05,3.456e-06,-2.6577e-05,-9.4256e-06,-9.1515e-06,2.2652e-06,3.1057e-06,-1.7533e-05,-7.8987e-06,-1.4045e-05,6.1071e-06,-8.9791e-06,1.072e-06,7.3803e-06,7.3803e-06,7.3803e-06,-1.9081e-05,-1.6007e-05,0.0013485,-1.6376e-06,-2.8696e-06
-1.7528e-05,0.99992,3.9581e-05,2.3634e-05,-3.7986e-05,-7.4877e-05,-2.6524e-05,3.8459e-08,-3.9763e-05,-2.1122e-05,-4.0863e-05,2.1054e-05,5.2541e-07,-1.2027e-05,1.9666e-05,2.7169e-05,1.9722e-05,-4.4578e-05,-4.4439e-06,3.9229e-05,3.9229e-05,3.9229e-05,-5.9126e-05,-3.2101e-05,-0.006084,-1.9328e-05,1.3008e-05,-9.0782e-05,-0.00016225,8.3592e-05,-7.0248e-07,2.5442e-05,-0.00023781,1.076e-05,7.2531e-05,-0.00023556,2.3059e-06,-1.5369e-05,-3.5354e-06,-1.586e-05,-1.9224e-05,4.6232e-06,-5.1481e-06,4.963e-06,-2.1487e-05,2.5185e-05,5.1244e-05,5.1244e-05,5.1244e-05,1.1877e-06,1.9311e-05,0.00086916,-3.3703e-05,7.1074e-05,-0.00011898,-0.00012659,1.533e-05,-0.00011614,-7.169e-05,-2.2405e-05,-4.0094e-05,3.0244e-05,-0.00012437,-7.2133e-06,3.6873e-05,-4.4011e-05,-3.9757e-05,1.65e-05,3.6284e-05,4.2613e-05,-7.5336e-05,1.6394e-05,-8.8781e-05,8.283e-05,8.283e-05,8.283e-05,-0.00016484,-7.8826e-05,-0.00039019,1.8271e-05,6.3576e-05,-7.356e-05,-0.00011736,3.7312e-05,-3.1199e-05,-4.8251e-05,-4.5786e-05,-4.8147e-05,1.7236e-05,-0.0001193,-4.2127e-05,-3.4206e-05,3.7554e-06,1.3862e-05,-7.4707e-05,-3.7706e-05,-6.2023e-05,1.995e-05,-3.2937e-05,5.1112e-06,3.2701e-05,3.2701e-05,3.2701e-05,-8.3067e-05,-6.9965e-05,0.0061807,-8.4292e-06,-1.289e-05
8.8558e-06,3.9581e-05,0.99998,-1.2501e-05,1.9645e-05,3.8848e-05,1.3882e-05,-1.1732e-06,2.147e-05,1.0611e-05,1.9534e-05,-9.1156e-06,-2.4521e-07,6.2167e-06,-1.0214e-05,-1.38e-05,-8.4655e-06,2.1406e-05,2.2043e-06,-2.0547e-05,-2.0547e-05,-2.0547e-05,3.0448e-05,1.6421e-05,0.0031167,1.0262e-05,-6.3794e-06,4.6927e-05,8.3912e-05,-4.3293e-05,3.454e-07,-1.3433e-05,0.00012333,-5.4195e-06,-3.8376e-05,0.0001222,-1.1435e-06,7.6394e-06,1.8043e-06,7.8905e-06,8.9823e-06,-1.2876e-06,2.6076e-06,-1.4558e-06,1.0104e-05,-1.2977e-05,-2.6706e-05,-2.6706e-05,-2.6706e-05,-5.9123e-07,-9.8431e-06,-0.00014466,1.7672e-05,-3.6646e-05,6.1368e-05,6.5439e-05,-8.2726e-06,5.9858e-05,3.7437e-05,1.1284e-05,2.0858e-05,-1.6071e-05,6.4038e-05,3.7213e-06,-1.7335e-05,2.1148e-05,2.0592e-05,-9.4324e-06,-1.7729e-05,-2.203e-05,3.7657e-05,-7.0784e-06,4.581e-05,-4.3178e-05,-4.3178e-05,-4.3178e-05,8.5496e-05,4.0694e-05,-0.00017226,-9.0875e-06,-3.3025e-05,3.8202e-05,6.1029e-05,-1.9467e-05,1.5993e-05,2.5236e-05,2.4294e-05,2.5215e-05,-9.4892e-06,6.2552e-05,2.2048e-05,1.6148e-05,-3.1132e-07,-7.2518e-06,3.8141e-05,2.0363e-05,3.2266e-05,-8.5316e-06,1.5355e-05,-2.7474e-06,-1.703e-05,-1.703e-05,-1.703e-05,4.2897e-05,3.6204e-05,-0.0032905,4.7203e-06,6.753e-06
5.1734e-06,2.3634e-05,-1.2501e-05,0.99999,1.1742e-05,2.327e-05,8.3591e-06,-1.341e-06,1.3352e-05,6.2121e-06,1.0778e-05,-4.4764e-06,-1.3829e-07,3.7577e-06,-6.1248e-06,-8.1068e-06,-4.1078e-06,1.1875e-05,1.3025e-06,-1.2406e-05,-1.2406e-05,-1.2406e-05,1.8156e-05,9.7148e-06,0.0018305,6.3219e-06,-3.6221e-06,2.8053e-05,5.0177e-05,-2.5916e-05,1.9917e-07,-8.191e-06,7.3938e-05,-3.1754e-06,-2.3409e-05,7.3276e-05,-6.6253e-07,4.4318e-06,1.0687e-06,4.5792e-06,4.8318e-06,-1.6778e-07,1.5379e-06,-2.6514e-07,5.4814e-06,-7.7539e-06,-1.6047e-05,-1.6047e-05,-1.6047e-05,-3.2622e-07,-5.7903e-06,0.00013121,1.0726e-05,-2.1859e-05,3.6637e-05,3.9146e-05,-5.1357e-06,3.5718e-05,2.2598e-05,6.5813e-06,1.2539e-05,-9.8412e-06,3.8169e-05,2.2177e-06,-9.4093e-06,1.174e-05,1.2353e-05,-6.1766e-06,-1.0034e-05,-1.3199e-05,2.1807e-05,-3.4604e-06,2.7367e-05,-2.5994e-05,-2.5994e-05,-2.5994e-05,5.1281e-05,2.4301e-05,-0.00026934,-5.22e-06,-1.9847e-05,2.293e-05,3.6667e-05,-1.1726e-05,9.5049e-06,1.521e-05,1.4821e-05,1.524e-05,-5.9926e-06,3.7864e-05,1.3363e-05,8.7806e-06,7.0824e-07,-4.3951e-06,2.2563e-05,1.2668e-05,1.9412e-05,-4.1214e-06,8.2392e-06,-1.6718e-06,-1.0234e-05,-1.0234e-05,-1.0234e-05,2.5644e-05,2.1674e-05,-0.0020359,3.0679e-06,4.0724e-06
-8.696e-06,-3.7986e-05,1.9645e-05,1.1742e-05,0.99998,-3.7147e-05,-1.3117e-05,1.71e-08,-1.9779e-05,-1.0573e-05,-2.0289e-05,1.05e-05,2.7322e-07,-6.0553e-06,9.7563e-06,1.3488e-05,9.8353e-06,-2.2147e-05,-2.2834e-06,1.9445e-05,1.9445e-05,1.9445e-05,-2.9427e-05,-1.5945e-05,-0.0029653,-9.6892e-06,6.4661e-06,-4.5135e-05,-8.0641e-05,4.1525e-05,-3.5421e-07,1.2651e-05,-0.0001182,5.3752e-06,3.6002e-05,-0.00011707,1.1572e-06,-7.7026e-06,-1.763e-06,-7.9452e-06,-9.5529e-06,2.3381e-06,-2.5754e-06,2.5087e-06,-1.0688e-05,1.2554e-05,2.5395e-05,2.5395e-05,2.5395e-05,5.5872e-07,9.5571e-06,0.00034521,-1.6806e-05,3.5344e-05,-5.9211e-05,-6.2995e-05,7.6135e-06,-5.7827e-05,-3.5651e-05,-1.1141e-05,-1.9926e-05,1.5018e-05,-6.1906e-05,-3.5787e-06,1.8356e-05,-2.1865e-05,-1.9796e-05,8.2596e-06,1.8054e-05,2.1232e-05,-3.7472e-05,8.1726e-06,-4.4195e-05,4.1137e-05,4.1137e-05,4.1137e-05,-8.1979e-05,-3.9193e-05,-0.00026982,9.0456e-06,3.164e-05,-3.6555e-05,-5.83e-05,1.8524e-05,-1.5538e-05,-2.3924e-05,-2.2652e-05,-2.3909e-05,8.5694e-06,-5.9258e-05,-2.0989e-05,-1.6974e-05,1.9041e-06,6.9124e-06,-3.718e-05,-1.8765e-05,-3.0857e-05,9.9558e-06,-1.6358e-05,2.4803e-06,1.6218e-05,1.6218e-05,1.6218e-05,-4.134e-05,-3.4803e-05,0.0031268,-4.288e-06,-6.3693e-06
-1.7026e-05,-7.4877e-05,3.8848e-05,2.327e-05,-3.7147e-05,0.99993,-2.6045e-05,7.1847e-07,-3.9416e-05,-2.0454e-05,-3.8982e-05,1.9483e-05,4.9615e-07,-1.1748e-05,1.9269e-05,2.6427e-05,1.8203e-05,-4.2584e-05,-4.2612e-06,3.8527e-05,3.8527e-05,3.8527e-05,-5.772e-05,-3.1286e-05,-0.0060189,-1.9005e-05,1.2514e-05,-8.8722e-05,-0.00015863,8.1788e-05,-6.7485e-07,2.5047e-05,-0.0002327,1.0433e-05,7.1462e-05,-0.00023055,2.2242e-06,-1.4839e-05,-3.4417e-06,-1.5318e-05,-1.8199e-05,3.8034e-06,-4.9996e-06,4.131e-06,-2.0381e-05,2.4596e-05,5.0254e-05,5.0254e-05,5.0254e-05,1.1643e-06,1.8834e-05,0.00066923,-3.306e-05,6.94e-05,-0.00011614,-0.00012366,1.5193e-05,-0.00011331,-7.03e-05,-2.172e-05,-3.9261e-05,2.9819e-05,-0.00012133,-7.0526e-06,3.4973e-05,-4.205e-05,-3.8898e-05,1.6683e-05,3.4836e-05,4.1664e-05,-7.2871e-05,1.5154e-05,-8.6697e-05,8.1191e-05,8.1191e-05,8.1191e-05,-0.00016127,-7.7016e-05,-0.00015618,1.7685e-05,6.2216e-05,-7.2015e-05,-0.00011495,3.6593e-05,-3.0433e-05,-4.7309e-05,-4.5191e-05,-4.7251e-05,1.7176e-05,-0.00011715,-4.1371e-05,-3.2506e-05,2.656e-06,1.3601e-05,-7.2763e-05,-3.7364e-05,-6.0721e-05,1.8392e-05,-3.1187e-05,5.0836e-06,3.206e-05,3.206e-05,3.206e-05,-8.1153e-05,-6.8397e-05,0.0060178,-8.3981e-06,-1.2693e-05
-5.9232e-06,-2.6524e-05,1.3882e-05,8.3591e-06,-1.3117e-05,-2.6045e-05,0.99999,8.3361e-07,-1.4286e-05,-6.8354e-06,-1.3063e-05,5.9791e-06,1.264e-07,-3.9054e-06,6.8416e-06,9.2196e-06,5.5554e-06,-1.4275e-05,-1.2691e-06,1.3842e-05,1.3842e-05,1.3842e-05,-2.0172e-05,-1.0956e-05,-0.0021234,-6.6588e-06,4.2339e-06,-3.1262e-05,-5.5938e-05,2.8889e-05,-2.1538e-07,8.9293e-06,-8.2194e-05,3.5192e-06,2.5703e-05,-8.1465e-05,7.2671e-07,-4.8787e-06,-1.1837e-06,-5.052e-06,-6.0026e-06,7.8963e-07,-1.6838e-06,8.962e-07,-6.7152e-06,8.5274e-06,1.7996e-05,1.7996e-05,1.7996e-05,4.6829e-07,6.6246e-06,0.00036595,-1.1665e-05,2.4395e-05,-4.0774e-05,-4.3495e-05,5.5415e-06,-3.9732e-05,-2.4908e-05,-7.5029e-06,-1.3927e-05,1.0778e-05,-4.2542e-05,-2.4916e-06,1.1476e-05,-1.4103e-05,-1.3596e-05,6.0978e-06,1.1752e-05,1.4501e-05,-2.4975e-05,4.6605e-06,-3.037e-05,2.8877e-05,2.8877e-05,2.8877e-05,-5.6903e-05,-2.7085e-05,0.00036757,6.1005e-06,2.193e-05,-2.5483e-05,-4.0755e-05,1.303e-05,-1.0531e-05,-1.7068e-05,-1.6453e-05,-1.6897e-05,6.3636e-06,-4.1815e-05,-1.4491e-05,-1.0832e-05,1.0732e-07,4.764e-06,-2.5219e-05,-1.3545e-05,-2.1464e-05,5.5822e-06,-1.0247e-05,1.989e-06,1.1438e-05,1.1438e-05,1.1438e-05,-2.845e-05,-2.4068e-05,0.002149,-2.9321e-06,-4.5628e-06
-9.7875e-07,3.8459e-08,-1.1732e-06,-1.341e-06,1.71e-08,7.1847e-07,8.3361e-07,0.99999,4.4128e-06,-1.5404e-06,-7.8361e-06,8.7606e-06,1.3251e-07,-2.9914e-08,-2.5359e-07,1.1841e-06,8.5704e-06,-8.0795e-06,-5.2777e-07,-1.3085e-06,-1.3085e-06,-1.3085e-06,-6.5871e-07,-8.6073e-07,0.00010536,1.161e-06,1.6866e-06,-1.7708e-07,-1.97e-08,-3.639e-07,-9.0276e-08,-1.3667e-06,1.6336e-06,7.0394e-07,-4.2967e-06,1.8458e-06,2.4042e-07,-1.502e-06,-1.1801e-07,-1.518e-06,-4.7456e-06,5.5396e-06,-2.6797e-07,5.5763e-06,-4.9835e-06,2.2555e-07,-1.0686e-06,-1.0686e-06,-1.0686e-06,6.7077e-08,5.9235e-07,0.0014933,1.0801e-06,6.0794e-07,-1.0244e-06,-3.8617e-07,-1.677e-06,-1.3205e-06,1.7373e-06,-1.4895e-06,5.6111e-07,-2.0718e-06,-1.6725e-06,-2.9311e-08,8.5703e-06,-7.9091e-06,1.7945e-07,-4.4309e-06,5.1018e-06,1.6545e-08,-6.3707e-06,6.9305e-06,-6.2718e-07,-1.6652e-06,-1.6652e-06,-1.6652e-06,1.0531e-06,-3.8118e-07,-0.0018171,1.6584e-06,-6.2395e-07,7.7415e-07,1.6579e-06,-8.5731e-07,-6.4769e-07,1.2634e-06,3.1475e-06,1.4981e-06,-2.7436e-06,4.1772e-06,1.3568e-06,-7.5661e-06,8.0627e-06,-4.0212e-07,-2.3573e-06,4.1549e-06,8.2983e-07,8.8356e-06,-8.2176e-06,-5.6934e-07,-6.2152e-07,-6.2152e-07,-6.2152e-07,-3.6979e-07,4.194e-08,-0.00022726,1.5999e-06,5.2706e-07
-8.3297e-06,-3.9763e-05,2.147e-05,1.3352e-05,-1.9779e-05,-3.9416e-05,-1.4286e-05,4.4128e-06,0.99998,-1.0017e-05,-1.5034e-05,4.1272e-06,2.053e-07,-6.4773e-06,1.0408e-05,1.3189e-05,3.5746e-06,-1.6812e-05,-2.1015e-06,2.1327e-05,2.1327e-05,2.1327e-05,-3.0404e-05,-1.6027e-05,-0.0031761,-1.1185e-05,5.4553e-06,-4.7179e-05,-8.4511e-05,4.3799e-05,-3.0927e-07,1.436e-05,-0.0001252,5.1377e-06,4.1065e-05,-0.00012417,1.0456e-06,-7.0234e-06,-1.7668e-06,-7.2612e-06,-6.243e-06,-1.8992e-06,-2.5226e-06,-1.7459e-06,-7.2674e-06,1.3061e-05,2.7344e-05,2.7344e-05,2.7344e-05,4.8702e-07,9.5141e-06,-0.00099534,-1.854e-05,3.6585e-05,-6.1328e-05,-6.5795e-05,9.2905e-06,-5.9661e-05,-3.8775e-05,-1.051e-05,-2.1314e-05,1.7339e-05,-6.3644e-05,-3.7218e-06,1.2501e-05,-1.6651e-05,-2.0978e-05,1.2291e-05,1.4925e-05,2.2364e-05,-3.4316e-05,3.1115e-06,-4.5931e-05,4.4377e-05,4.4377e-05,4.4377e-05,-8.6815e-05,-4.0806e-05,0.00099162,8.1469e-06,3.3709e-05,-3.8918e-05,-6.2378e-05,2.0062e-05,-1.5861e-05,-2.5913e-05,-2.6076e-05,-2.6187e-05,1.1127e-05,-6.5346e-05,-2.3213e-05,-1.1756e-05,-4.3286e-06,7.6093e-06,-3.7242e-05,-2.2974e-05,-3.3025e-05,3.5015e-06,-1.0632e-05,2.952e-06,1.7439e-05,1.7439e-05,1.7439e-05,-4.3131e-05,-3.6553e-05,0.0034732,-5.8912e-06,-7.0599e-06
-5.1131e-06,-2.1122e-05,1.0611e-05,6.2121e-06,-1.0573e-05,-2.0454e-05,-6.8354e-06,-1.5404e-06,-1.0017e-05,0.99999,-1.34e-05,8.3719e-06,2.5076e-07,-3.8159e-06,5.3648e-06,7.862e-06,7.9319e-06,-1.4569e-05,-1.763e-06,1.0352e-05,1.0352e-05,1.0352e-05,-1.6939e-05,-9.1778e-06,-0.0015488,-5.4603e-06,4.1101e-06,-2.5475e-05,-4.5373e-05,2.3215e-05,-2.4803e-07,6.8006e-06,-6.6097e-05,3.365e-06,1.8922e-05,-6.5362e-05,7.7376e-07,-5.0852e-06,-1.0548e-06,-5.216e-06,-6.596e-06,2.8908e-06,-1.6104e-06,3.0058e-06,-7.3561e-06,7.328e-06,1.3678e-05,1.3678e-05,1.3678e-05,2.0479e-07,5.4195e-06,0.00013359,-9.3707e-06,2.0105e-05,-3.382e-05,-3.5771e-05,3.7992e-06,-3.3184e-05,-1.9684e-05,-6.6908e-06,-1.1027e-05,7.7992e-06,-3.5529e-05,-2.0018e-06,1.2711e-05,-1.4364e-05,-1.1308e-05,3.8024e-06,1.1608e-05,1.2258e-05,-2.2964e-05,6.5164e-06,-2.5316e-05,2.2549e-05,2.2549e-05,2.2549e-05,-4.6003e-05,-2.2222e-05,-0.0010512,5.4454e-06,1.7785e-05,-2.0334e-05,-3.2242e-05,1.0106e-05,-9.1272e-06,-1.2724e-05,-1.1476e-05,-1.2911e-05,4.0425e-06,-3.2048e-05,-1.1794e-05,-1.1421e-05,3.3574e-06,3.9013e-06,-2.1877e-05,-9.5205e-06,-1.7223e-05,8.0987e-06,-1.1339e-05,9.783e-07,8.8157e-06,8.8157e-06,8.8157e-06,-2.3604e-05,-1.9682e-05,0.001788,-2.3628e-06,-3.3364e-06
-1.0725e-05,-4.0863e-05,1.9534e-05,1.0778e-05,-2.0289e-05,-3.8982e-05,-1.3063e-05,-7.8361e-06,-1.5034e-05,-1.34e-05,0.99997,2.3752e-05,4.5627e-07,-6.3925e-06,1.0129e-05,1.6178e-05,2.2774e-05,-3.5334e-05,-3.1207e-06,1.9154e-05,1.9154e-05,1.9154e-05,-3.2547e-05,-1.8373e-05,-0.0028268,-8.7858e-06,9.3251e-06,-4.8901e-05,-8.6878e-05,4.4159e-05,-5.0067e-07,1.1643e-05,-0.00012497,6.7088e-06,3.2696e-05,-0.00012341,1.5603e-06,-1.0251e-05,-2.0512e-06,-1.054e-05,-1.7083e-05,1.0469e-05,-3.1106e-06,1.07e-05,-1.8617e-05,1.3732e-05,2.5904e-05,2.5904e-05,2.5904e-05,7.0886e-07,1.1068e-05,0.0027024,-1.6577e-05,3.8959e-05,-6.5338e-05,-6.8533e-05,5.848e-06,-6.4325e-05,-3.5916e-05,-1.4103e-05,-2.0717e-05,1.3314e-05,-6.9207e-05,-3.8879e-06,3.1951e-05,-3.479e-05,-2.0932e-05,2.4261e-06,2.6666e-05,2.2717e-05,-4.928e-05,1.8673e-05,-4.8461e-05,4.2008e-05,4.2008e-05,4.2008e-05,-8.685e-05,-4.2737e-05,-0.0026602,1.2016e-05,3.3204e-05,-3.8281e-05,-6.0458e-05,1.8746e-05,-1.7502e-05,-2.4276e-05,-1.9981e-05,-2.3729e-05,5.4331e-06,-5.7977e-05,-2.0434e-05,-2.9091e-05,1.35e-05,6.821e-06,-4.3156e-05,-1.4351e-05,-3.2112e-05,2.3277e-05,-2.9292e-05,1.9244e-06,1.6604e-05,1.6604e-05,1.6604e-05,-4.4991e-05,-3.7422e-05,0.0032433,-2.3463e-06,-6.0531e-06
6.3478e-06,2.1054e-05,-9.1156e-06,-4.4764e-06,1.05e-05,1.9483e-05,5.9791e-06,8.7606e-06,4.1272e-06,8.3719e-06,2.3752e-05,0.99998,-3.6668e-07,3.4604e-06,-4.9965e-06,-9.356e-06,-1.9169e-05,2.5175e-05,2.2136e-06,-8.7545e-06,-8.7545e-06,-8.7545e-06,1.7539e-05,1.0243e-05,0.001124,3.7964e-06,-6.2575e-06,2.5628e-05,4.5175e-05,-2.257e-05,3.4487e-07,-4.8918e-06,6.359e-05,-4.1122e-06,-1.3259e-05,6.2545e-05,-1.0286e-06,6.6724e-06,1.1732e-06,6.8341e-06,1.2913e-05,-1.0266e-05,1.864e-06,-1.042e-05,1.3925e-05,-7.3676e-06,-1.2411e-05,-1.2411e-05,-1.2411e-05,-3.5116e-07,-6.1171e-06,-0.0025515,7.8484e-06,-2.0831e-05,3.5087e-05,3.6226e-05,-1.624e-06,3.4905e-05,1.7247e-05,8.5977e-06,1.0319e-05,-5.1767e-06,3.7701e-05,2.0256e-06,-2.393e-05,2.475e-05,1.0754e-05,2.4211e-06,-1.8213e-05,-1.1871e-05,3.1013e-05,-1.564e-05,2.5885e-05,-2.0388e-05,-2.0388e-05,-2.0388e-05,4.441e-05,2.257e-05,0.0030052,-7.5178e-06,-1.6845e-05,1.9238e-05,2.9967e-05,-8.9744e-06,9.6492e-06,1.1559e-05,7.4897e-06,1.107e-05,-5.6299e-07,2.6566e-05,9.4843e-06,2.1481e-05,-1.3925e-05,-3.2378e-06,2.4434e-05,4.0318e-06,1.6098e-05,-1.9671e-05,2.2142e-05,-3.9809e-07,-8.0288e-06,-8.0288e-06,-8.0288e-06,2.3811e-05,1.9491e-05,-0.001732,1.175e-07,2.5775e-06
1.4456e-07,5.2541e-07,-2.4521e-07,-1.3829e-07,2.7322e-07,4.9615e-07,1.264e-07,1.3251e-07,2.053e-07,2.5076e-07,4.5627e-07,-3.6668e-07,1,1.5189e-07,-1.3061e-07,-2.1969e-07,-3.5031e-07,4.9817e-07,9.6485e-08,-2.2245e-07,-2.2245e-07,-2.2245e-07,4.8146e-07,2.5168e-07,3.1047e-05,1.649e-07,-1.3647e-07,6.76e-07,1.1928e-06,-5.9928e-07,1.0993e-08,-1.6468e-07,1.7172e-06,-1.1871e-07,-4.0997e-07,1.6902e-06,-3.144e-08,2.0127e-07,3.3521e-08,2.0367e-07,2.3825e-07,-1.6963e-07,5.7885e-08,-1.7438e-07,2.692e-07,-2.224e-07,-3.0316e-07,-3.0316e-07,-3.0316e-07,9.2644e-09,-1.3822e-07,3.2821e-05,2.5477e-07,-5.4422e-07,9.3119e-07,9.7163e-07,-6.9867e-08,9.2585e-07,5.0253e-07,2.0143e-07,2.7653e-07,-1.6102e-07,9.8764e-07,5.0809e-08,-4.742e-07,4.9018e-07,3.2291e-07,-7.7073e-08,-3.927e-07,-3.6228e-07,7.2286e-07,-2.831e-07,7.0978e-07,-5.4843e-07,-5.4843e-07,-5.4843e-07,1.2124e-06,5.9856e-07,0.00010815,-1.5863e-07,-4.7623e-07,5.1965e-07,8.0824e-07,-2.4209e-07,2.7757e-07,2.6287e-07,2.0168e-07,2.9842e-07,-5.8109e-08,7.5715e-07,3.3524e-07,3.9476e-07,-2.2541e-07,-1.1179e-07,6.5372e-07,1.9618e-07,4.4973e-07,-3.6215e-07,4.1421e-07,1.5897e-08,-2.0479e-07,-2.0479e-07,-2.0479e-07,6.5678e-07,5.3054e-07,-5.1719e-05,8.3974e-08,6.7679e-08
-2.766e-06,-1.2027e-05,6.2167e-06,3.7577e-06,-6.0553e-06,-1.1748e-05,-3.9054e-06,-2.9914e-08,-6.4773e-06,-3.8159e-06,-6.3925e-06,3.4604e-06,1.5189e-07,1,3.0983e-06,4.3098e-06,3.2308e-06,-7.0526e-06,-1.0785e-06,6.0397e-06,6.0397e-06,6.0397e-06,-9.7114e-06,-5.123e-06,-0.0009005,-3.4483e-06,2.1039e-06,-1.4598e-05,-2.6031e-05,1.3365e-05,-1.3935e-07,4.1453e-06,-3.8201e-05,1.8931e-06,1.1461e-05,-3.7801e-05,4.337e-07,-2.8484e-06,-6.0151e-07,-2.9161e-06,-3.0026e-06,8.0402e-07,-9.2462e-07,8.6853e-07,-3.4285e-06,4.2686e-06,7.8754e-06,7.8754e-06,7.8754e-06,5.2994e-08,2.9781e-06,-0.0003799,-5.6304e-06,1.1458e-05,-1.9321e-05,-2.0535e-05,2.4275e-06,-1.8926e-05,-1.161e-05,-3.6139e-06,-6.3943e-06,4.753e-06,-2.02e-05,-1.1372e-06,5.9672e-06,-6.9621e-06,-6.6257e-06,3.0515e-06,5.888e-06,7.1823e-06,-1.2255e-05,2.6594e-06,-1.4546e-05,1.3131e-05,1.3131e-05,1.3131e-05,-2.6622e-05,-1.2721e-05,-0.00051457,2.8374e-06,1.0363e-05,-1.1778e-05,-1.8713e-05,5.8978e-06,-5.2435e-06,-7.294e-06,-6.9025e-06,-7.5737e-06,2.7224e-06,-1.8968e-05,-7.1612e-06,-5.2789e-06,6.9782e-07,2.3592e-06,-1.2347e-05,-6.1473e-06,-1.004e-05,3.2963e-06,-5.1741e-06,5.3446e-07,5.0959e-06,5.0959e-06,5.0959e-06,-1.3594e-05,-1.1347e-05,0.0010691,-1.7645e-06,-1.9635e-06
4.4622e-06,1.9666e-05,-1.0214e-05,-6.1248e-06,9.7563e-06,1.9269e-05,6.8416e-06,-2.5359e-07,1.0408e-05,5.3648e-06,1.0129e-05,-4.9965e-06,-1.3061e-07,3.0983e-06,0.99999,-6.9279e-06,-4.6624e-06,1.1074e-05,1.1169e-06,-1.013e-05,-1.013e-05,-1.013e-05,1.5154e-05,8.207e-06,0.0016092,5.0012e-06,-3.2672e-06,2.329e-05,4.1656e-05,-2.1488e-05,1.7667e-07,-6.5996e-06,6.1129e-05,-2.7371e-06,-1.8823e-05,6.057e-05,-5.8313e-07,3.8919e-06,9.0348e-07,4.0169e-06,4.7097e-06,-9.1316e-07,1.313e-06,-9.9904e-07,5.2818e-06,-6.4654e-06,-1.3207e-05,-1.3207e-05,-1.3207e-05,-3.0551e-07,-4.9476e-06,-0.00013833,8.6913e-06,-1.8211e-05,3.0468e-05,3.2447e-05,-4.0092e-06,2.9713e-05,1.8484e-05,5.6844e-06,1.0311e-05,-7.8501e-06,3.1814e-05,1.8529e-06,-9.0663e-06,1.0936e-05,1.0229e-05,-4.4556e-06,-9.0808e-06,-1.0956e-05,1.9062e-05,-3.882e-06,2.2756e-05,-2.1337e-05,-2.1337e-05,-2.1337e-05,4.2353e-05,2.022e-05,3.4945e-05,-4.6327e-06,-1.6342e-05,1.892e-05,3.0208e-05,-9.6202e-06,7.9974e-06,1.2411e-05,1.1909e-05,1.2418e-05,-4.5358e-06,3.0812e-05,1.0905e-05,8.4293e-06,-5.8741e-07,-3.5812e-06,1.9098e-05,9.8609e-06,1.5948e-05,-4.7082e-06,8.08e-06,-1.3396e-06,-8.4269e-06,-8.4269e-06,-8.4269e-06,2.1308e-05,1.7959e-05,-0.0015583,2.2205e-06,3.3487e-06
6.4322e-06,2.7169e-05,-1.38e-05,-8.1068e-06,1.3488e-05,2.6427e-05,9.2196e-06,1.1841e-06,1.3189e-05,7.862e-06,1.6178e-05,-9.356e-06,-2.1969e-07,4.3098e-06,-6.9279e-06,0.99999,-8.8409e-06,1.7554e-05,1.7169e-06,-1.3638e-05,-1.3638e-05,-1.3638e-05,2.116e-05,1.1585e-05,0.0021339,6.6419e-06,-4.9824e-06,3.2288e-05,5.7642e-05,-2.9613e-05,2.7069e-07,-8.7503e-06,8.413e-05,-3.9842e-06,-2.4835e-05,8.3284e-05,-8.7496e-07,5.8071e-06,1.2835e-06,5.9843e-06,7.8368e-06,-2.8296e-06,1.8929e-06,-2.9589e-06,8.6958e-06,-9.0108e-06,-1.7951e-05,-1.7951e-05,-1.7951e-05,-4.2663e-07,-6.9782e-06,-0.0005912,1.1757e-05,-2.5381e-05,4.2498e-05,4.5065e-05,-5.085e-06,4.1558e-05,2.5103e-05,8.2783e-06,1.412e-05,-1.0294e-05,4.4555e-05,2.5673e-06,-1.4932e-05,1.7316e-05,1.4102e-05,-4.9432e-06,-1.3983e-05,-1.5165e-05,2.8134e-05,-7.3058e-06,3.1693e-05,-2.9057e-05,-2.9057e-05,-2.9057e-05,5.8345e-05,2.8088e-05,0.0005585,-6.8381e-06,-2.2462e-05,2.5964e-05,4.1327e-05,-1.3065e-05,1.1238e-05,1.6839e-05,1.5561e-05,1.6772e-05,-5.5337e-06,4.1473e-05,1.4704e-05,1.3752e-05,-3.0627e-06,-4.8478e-06,2.7067e-05,1.2514e-05,2.1861e-05,-8.9808e-06,1.3448e-05,-1.6741e-06,-1.1473e-05,-1.1473e-05,-1.1473e-05,2.9605e-05,2.4853e-05,-0.0021521,2.6813e-06,4.4593e-06
6.009e-06,1.9722e-05,-8.4655e-06,-4.1078e-06,9.8353e-06,1.8203e-05,5.5554e-06,8.5704e-06,3.5746e-06,7.9319e-06,2.2774e-05,-1.9169e-05,-3.5031e-07,3.2308e-06,-4.6624e-06,-8.8409e-06,0.99998,2.4121e-05,2.1026e-06,-8.1201e-06,-8.1201e-06,-8.1201e-06,1.6469e-05,9.6513e-06,0.0010273,3.4809e-06,-5.9713e-06,2.4025e-05,4.2324e-05,-2.1117e-05,3.284e-07,-4.4891e-06,5.9466e-05,-3.893e-06,-1.2139e-05,5.8469e-05,-9.7747e-07,6.3367e-06,1.1058e-06,6.4898e-06,1.2416e-05,-9.9923e-06,1.7606e-06,-1.0138e-05,1.3378e-05,-6.9088e-06,-1.1561e-05,-1.1561e-05,-1.1561e-05,-3.3396e-07,-5.764e-06,-0.0025054,7.283e-06,-1.9558e-05,3.2949e-05,3.3977e-05,-1.4128e-06,3.2804e-05,1.6042e-05,8.1526e-06,9.6351e-06,-4.7192e-06,3.5445e-05,1.8989e-06,-2.2988e-05,2.3711e-05,1.0053e-05,2.5754e-06,-1.74e-05,-1.1109e-05,2.9466e-05,-1.5114e-05,2.429e-05,-1.8995e-05,-1.8995e-05,-1.8995e-05,4.1541e-05,2.1169e-05,0.0029194,-7.1457e-06,-1.5742e-05,1.7972e-05,2.7967e-05,-8.3518e-06,9.0706e-06,1.077e-05,6.8115e-06,1.028e-05,-3.5409e-07,2.4619e-05,8.7761e-06,2.0631e-05,-1.3581e-05,-3.0027e-06,2.3029e-05,3.506e-06,1.5032e-05,-1.9015e-05,2.1288e-05,-3.3949e-07,-7.4819e-06,-7.4819e-06,-7.4819e-06,2.2328e-05,1.8258e-05,-0.0016247,5.5732e-09,2.3745e-06
-1.1619e-05,-4.4578e-05,2.1406e-05,1.1875e-05,-2.2147e-05,-4.2584e-05,-1.4275e-05,-8.0795e-06,-1.6812e-05,-1.4569e-05,-3.5334e-05,2.5175e-05,4.9817e-07,-7.0526e-06,1.1074e-05,1.7554e-05,2.4121e-05,0.99996,-3.4184e-06,2.0984e-05,2.0984e-05,2.0984e-05,-3.5512e-05,-1.9981e-05,-0.0031068,-9.7394e-06,1.0038e-05,-5.337e-05,-9.4842e-05,4.8238e-05,-5.4315e-07,1.2843e-05,-0.00013658,7.2927e-06,3.6044e-05,-0.0001349,1.6936e-06,-1.1129e-05,-2.235e-06,-1.1441e-05,-1.8218e-05,1.0944e-05,-3.3899e-06,1.1196e-05,-1.9883e-05,1.5013e-05,2.832e-05,2.832e-05,2.832e-05,7.4841e-07,1.2021e-05,0.0027293,-1.822e-05,4.2483e-05,-7.1259e-05,-7.48e-05,6.5235e-06,-7.013e-05,-3.9377e-05,-1.527e-05,-2.2655e-05,1.4694e-05,-7.5423e-05,-4.2399e-06,3.4137e-05,-3.7274e-05,-2.2913e-05,3.1076e-06,2.8676e-05,2.4862e-05,-5.3277e-05,1.9781e-05,-5.2893e-05,4.5977e-05,4.5977e-05,4.5977e-05,-9.4923e-05,-4.6634e-05,-0.0028268,1.2968e-05,3.6324e-05,-4.1855e-05,-6.6128e-05,2.0527e-05,-1.9097e-05,-2.6522e-05,-2.2024e-05,-2.6004e-05,6.1553e-06,-6.3626e-05,-2.2504e-05,-3.1063e-05,1.4046e-05,7.505e-06,-4.6978e-05,-1.6039e-05,-3.5135e-05,2.4651e-05,-3.1244e-05,2.1063e-06,1.8159e-05,1.8159e-05,1.8159e-05,-4.9125e-05,-4.0873e-05,0.0035511,-2.7564e-06,-6.646e-06
-1.1091e-06,-4.4439e-06,2.2043e-06,1.3025e-06,-2.2834e-06,-4.2612e-06,-1.2691e-06,-5.2777e-07,-2.1015e-06,-1.763e-06,-3.1207e-06,2.2136e-06,9.6485e-08,-1.0785e-06,1.1169e-06,1.7169e-06,2.1026e-06,-3.4184e-06,1,2.0686e-06,2.0686e-06,2.0686e-06,-3.8582e-06,-2.012e-06,-0.00018645,-1.4004e-06,9.5885e-07,-5.6256e-06,-9.9355e-06,5.0161e-06,-7.2665e-08,1.4666e-06,-1.4443e-05,8.4655e-07,3.8713e-06,-1.4231e-05,2.1167e-07,-1.3636e-06,-2.5309e-07,-1.3871e-06,-1.5839e-06,9.1672e-07,-4.1365e-07,9.4849e-07,-1.792e-06,1.7279e-06,2.7407e-06,2.7407e-06,2.7407e-06,-4.5533e-08,1.0936e-06,-0.00019435,-2.1761e-06,4.4773e-06,-7.6584e-06,-8.0686e-06,7.6078e-07,-7.5981e-06,-4.3177e-06,-1.5287e-06,-2.39e-06,1.5967e-06,-8.0859e-06,-4.2158e-07,3.1385e-06,-3.3686e-06,-2.5873e-06,8.8109e-07,2.7658e-06,2.8549e-06,-5.3269e-06,1.7142e-06,-5.7699e-06,4.7936e-06,4.7936e-06,4.7936e-06,-1.0183e-05,-4.926e-06,-0.0005266,1.1505e-06,3.9942e-06,-4.4125e-06,-6.9267e-06,2.1246e-06,-2.1252e-06,-2.554e-06,-2.1059e-06,-2.7113e-06,7.9792e-07,-6.781e-06,-2.7125e-06,-2.6574e-06,1.0981e-06,9.1297e-07,-5.0313e-06,-2.0207e-06,-3.83e-06,2.1679e-06,-2.7072e-06,1.6855e-08,1.8093e-06,1.8093e-06,1.8093e-06,-5.347e-06,-4.3945e-06,0.00052525,-7.5258e-07,-6.1123e-07
8.7519e-06,3.9229e-05,-2.0547e-05,-1.2406e-05,1.9445e-05,3.8527e-05,1.3842e-05,-1.3085e-06,2.1327e-05,1.0352e-05,1.9154e-05,-8.7545e-06,-2.2245e-07,6.0397e-06,-1.013e-05,-1.3638e-05,-8.1201e-06,2.0984e-05,2.0686e-06,0.99998,-2.0426e-05,-2.0426e-05,3.0043e-05,1.6231e-05,0.0031421,1.0076e-05,-6.2646e-06,4.6396e-05,8.3e-05,-4.2854e-05,3.3249e-07,-1.3311e-05,0.00012202,-5.3031e-06,-3.8125e-05,0.00012092,-1.1095e-06,7.4268e-06,1.7734e-06,7.6774e-06,8.7728e-06,-1.0921e-06,2.5487e-06,-1.2551e-06,9.8608e-06,-1.2777e-05,-2.6538e-05,-2.6538e-05,-2.6538e-05,-6.2297e-07,-9.7669e-06,-0.00022823,1.744e-05,-3.621e-05,6.0586e-05,6.4627e-05,-8.2332e-06,5.9056e-05,3.7047e-05,1.1117e-05,2.065e-05,-1.597e-05,6.3198e-05,3.6874e-06,-1.6897e-05,2.0733e-05,2.0319e-05,-9.354e-06,-1.7382e-05,-2.1712e-05,3.7043e-05,-6.8008e-06,4.5207e-05,-4.2791e-05,-4.2791e-05,-4.2791e-05,8.4534e-05,4.0221e-05,-0.00032439,-8.985e-06,-3.2631e-05,3.7813e-05,6.0442e-05,-1.9303e-05,1.5753e-05,2.5085e-05,2.4241e-05,2.5011e-05,-9.4579e-06,6.2024e-05,2.176e-05,1.5822e-05,-6.1132e-08,-7.1508e-06,3.759e-05,2.0218e-05,3.1902e-05,-8.17e-06,1.4999e-05,-2.8102e-06,-1.6904e-05,-1.6904e-05,-1.6904e-05,4.2349e-05,3.5775e-05,-0.0032067,4.5869e-06,6.7346e-06
8.7519e-06,3.9229e-05,-2.0547e-05,-1.2406e-05,1.9445e-05,3.8527e-05,1.3842e-05,-1.3085e-06,2.1327e-05,1.0352e-05,1.9154e-05,-8.7545e-06,-2.2245e-07,6.0397e-06,-1.013e-05,-1.3638e-05,-8.1201e-06,2.0984e-05,2.0686e-06,-2.0426e-05,0.99998,-2.0426e-05,3.0043e-05,1.6231e-05,0.0031421,1.0076e-05,-6.2646e-06,4.6396e-05,8.3e-05,-4.2854e-05,3.3249e-07,-1.3311e-05,0.00012202,-5.3031e-06,-3.8125e-05,0.00012092,-1.1095e-06,7.4268e-06,1.7734e-06,7.6774e-06,8.7728e-06,-1.0921e-06,2.5487e-06,-1.2551e-06,9.8608e-06,-1.2777e-05,-2.6538e-05,-2.6538e-05,-2.6538e-05,-6.2297e-07,-9.7669e-06,-0.00022823,1.744e-05,-3.621e-05,6.0586e-05,6.4627e-05,-8.2332e-06,5.9056e-05,3.7047e-05,1.1117e-05,2.065e-05,-1.597e-05,6.3198e-05,3.6874e-06,-1.6897e-05,2.0733e-05,2.0319e-05,-9.354e-06,-1.7382e-05,-2.1712e-05,3.7043e-05,-6.8008e-06,4.5207e-05,-4.2791e-05,-4.2791e-05,-4.2791e-05,8.4534e-05,4.0221e-05,-0.00032439,-8.985e-06,-3.2631e-05,3.7813e-05,6.0442e-05,-1.9303e-05,1.5753e-05,2.5085e-05,2.4241e-05,2.5011e-05,-9.4579e-06,6.2024e-05,2.176e-05,1.5822e-05,-6.1132e-08,-7.1508e-06,3.759e-05,2.0218e-05,3.1902e-05,-8.17e-06,1.4999e-05,-2.8102e-06,-1.6904e-05,-1.6904e-05,-1.6904e-05,4.2349e-05,3.5775e-05,-0.0032067,4.5869e-06,6.7346e-06
8.7519e-06,3.9229e-05,-2.0547e-05,-1.2406e-05,1.9445e-05,3.8527e-05,1.3842e-05,-1.3085e-06,2.1327e-05,1.0352e-05,1.9154e-05,-8.7545e-06,-2.2245e-07,6.0397e-06,-1.013e-05,-1.3638e-05,-8.1201e-06,2.0984e-05,2.0686e-06,-2.0426e-05,-2.0426e-05,0.99998,3.0043e-05,1.6231e-05,0.0031421,1.0076e-05,-6.2646e-06,4.6396e-05,8.3e-05,-4.2854e-05,3.3249e-07,-1.3311e-05,0.00012202,-5.3031e-06,-3.8125e-05,0.00012092,-1.1095e-06,7.4268e-06,1.7734e-06,7.6774e-06,8.7728e-06,-1.0921e-06,2.5487e-06,-1.2551e-06,9.8608e-06,-1.2777e-05,-2.6538e-05,-2.6538e-05,-2.6538e-05,-6.2297e-07,-9.7669e-06,-0.00022823,1.744e-05,-3.621e-05,6.0586e-05,6.4627e-05,-8.2332e-06,5.9056e-05,3.7047e-05,1.1117e-05,2.065e-05,-1.597e-05,6.3198e-05,3.6874e-06,-1.6897e-05,2.0733e-05,2.0319e-05,-9.354e-06,-1.7382e-05,-2.1712e-05,3.7043e-05,-6.8008e-06,4.5207e-05,-4.2791e-05,-4.2791e-05,-4.2791e-05,8.4534e-05,4.0221e-05,-0.00032439,-8.985e-06,-3.2631e-05,3.7813e-05,6.0442e-05,-1.9303e-05,1.5753e-05,2.5085e-05,2.4241e-05,2.5011e-05,-9.4579e-06,6.2024e-05,2.176e-05,1.5822e-05,-6.1132e-08,-7.1508e-06,3.759e-05,2.0218e-05,3.1902e-05,-8.17e-06,1.4999e-05,-2.8102e-06,-1.6904e-05,-1.6904e-05,-1.6904e-05,4.2349e-05,3.5775e-05,-0.0032067,4.5869e-06,6.7346e-06
-1.3655e-05,-5.9126e-05,3.0448e-05,1.8156e-05,-2.9427e-05,-5.772e-05,-2.0172e-05,-6.5871e-07,-3.0404e-05,-1.6939e-05,-3.2547e-05,1.7539e-05,4.8146e-07,-9.7114e-06,1.5154e-05,2.116e-05,1.6469e-05,-3.5512e-05,-3.8582e-06,3.0043e-05,3.0043e-05,3.0043e-05,0.99995,-2.4975e-05,-0.0044838,-1.5231e-05,1.0304e-05,-7.0531e-05,-0.00012591,6.4739e-05,-5.7986e-07,1.9613e-05,-0.00018438,8.5691e-06,5.5563e-05,-0.00018254,1.8718e-06,-1.242e-05,-2.7861e-06,-1.2794e-05,-1.5466e-05,4.4118e-06,-4.1084e-06,4.6883e-06,-1.7303e-05,1.9751e-05,3.9298e-05,3.9298e-05,3.9298e-05,7.8727e-07,1.4886e-05,0.0004318,-2.6268e-05,5.5311e-05,-9.2783e-05,-9.8617e-05,1.1668e-05,-9.0722e-05,-5.5521e-05,-1.7589e-05,-3.1034e-05,2.3151e-05,-9.7097e-05,-5.574e-06,2.9762e-05,-3.5052e-05,-3.1013e-05,1.257e-05,2.886e-05,3.3335e-05,-5.937e-05,1.3651e-05,-6.9286e-05,6.3936e-05,6.3936e-05,6.3936e-05,-0.00012801,-6.1289e-05,-0.00089047,1.4232e-05,4.9444e-05,-5.6966e-05,-9.0748e-05,2.8758e-05,-2.4454e-05,-3.6991e-05,-3.4682e-05,-3.7076e-05,1.3046e-05,-9.1915e-05,-3.28e-05,-2.7316e-05,4.0396e-06,1.082e-05,-5.8514e-05,-2.8868e-05,-4.816e-05,1.671e-05,-2.6482e-05,3.6217e-06,2.5145e-05,2.5145e-05,2.5145e-05,-6.4761e-05,-5.442e-05,0.0049815,-6.7897e-06,-9.7838e-06
-7.5035e-06,-3.2101e-05,1.6421e-05,9.7148e-06,-1.5945e-05,-3.1286e-05,-1.0956e-05,-8.6073e-07,-1.6027e-05,-9.1778e-06,-1.8373e-05,1.0243e-05,2.5168e-07,-5.123e-06,8.207e-06,1.1585e-05,9.6513e-06,-1.9981e-05,-2.012e-06,1.6231e-05,1.6231e-05,1.6231e-05,-2.4975e-05,0.99999,-0.0024931,-8.0065e-06,5.7291e-06,-3.8175e-05,-6.8162e-05,3.5041e-05,-3.1349e-07,1.0479e-05,-9.9646e-05,4.6535e-06,2.9758e-05,-9.8657e-05,1.0157e-06,-6.7457e-06,-1.5086e-06,-6.9531e-06,-8.8152e-06,2.8402e-06,-2.2188e-06,2.9902e-06,-9.8121e-06,1.0646e-05,2.1298e-05,2.1298e-05,2.1298e-05,4.8315e-07,8.1717e-06,0.00052453,-1.4034e-05,2.9968e-05,-5.0203e-05,-5.3302e-05,6.1727e-06,-4.9079e-05,-2.9861e-05,-9.649e-06,-1.6754e-05,1.2369e-05,-5.2582e-05,-3.0295e-06,1.6853e-05,-1.9716e-05,-1.6704e-05,6.2895e-06,1.6057e-05,1.7949e-05,-3.2668e-05,7.9898e-06,-3.7451e-05,3.4509e-05,3.4509e-05,3.4509e-05,-6.9124e-05,-3.3186e-05,-0.00051274,7.906e-06,2.6644e-05,-3.0775e-05,-4.9017e-05,1.5523e-05,-1.3235e-05,-2.0022e-05,-1.8655e-05,-1.9973e-05,6.8132e-06,-4.9432e-05,-1.753e-05,-1.5529e-05,2.8685e-06,5.7797e-06,-3.1795e-05,-1.521e-05,-2.595e-05,9.7946e-06,-1.511e-05,2.0078e-06,1.3611e-05,1.3611e-05,1.3611e-05,-3.4999e-05,-2.9408e-05,0.0026043,-3.3725e-06,-5.3023e-06
-0.0014036,-0.006084,0.0031167,0.0018305,-0.0029653,-0.0060189,-0.0021234,0.00010536,-0.0031761,-0.0015488,-0.0028268,0.001124,3.1047e-05,-0.0009005,0.0016092,0.0021339,0.0010273,-0.0031068,-0.00018645,0.0031421,0.0031421,0.0031421,-0.0044838,-0.0024931,0.0025183,-0.0012392,0.00097585,-0.0068443,-0.012449,0.0065712,-4.5679e-05,0.0020478,-0.018305,0.00081747,0.0058699,-0.018249,0.00016852,-0.0011532,-0.00026815,-0.0011888,-0.0012038,-0.00013911,-0.0003896,-0.00011434,-0.0013691,0.0019543,0.0041297,0.0041297,0.0041297,0.00018171,0.0016988,-0.00026396,-0.0024214,0.0053129,-0.0086391,-0.0092049,0.0012202,-0.0082337,-0.0055188,-0.0016545,-0.003023,0.0023326,-0.0089133,-0.00058642,0.0023552,-0.0030667,-0.0031275,0.0015021,0.0025343,0.0033383,-0.0055963,0.00084161,-0.0065793,0.0064276,0.0064276,0.0064276,-0.012434,-0.0059987,0.00026066,0.0015769,0.0047354,-0.0056767,-0.0091353,0.0029504,-0.0024807,-0.003505,-0.0039282,-0.0036705,0.0012777,-0.0093126,-0.0034678,-0.0023085,-0.00017623,0.0010771,-0.0058055,-0.0029163,-0.0045984,0.0010142,-0.002223,0.00053531,0.0026256,0.0026256,0.0026256,-0.0062482,-0.0052673,-0.0027787,-0.00036591,-0.0012279
-4.2115e-06,-1.9328e-05,1.0262e-05,6.3219e-06,-9.6892e-06,-1.9005e-05,-6.6588e-06,1.161e-06,-1.1185e-05,-5.4603e-06,-8.7858e-06,3.7964e-06,1.649e-07,-3.4483e-06,5.0012e-06,6.6419e-06,3.4809e-06,-9.7394e-06,-1.4004e-06,1.0076e-05,1.0076e-05,1.0076e-05,-1.5231e-05,-8.0065e-06,-0.0012392,0.99999,2.9901e-06,-2.3339e-05,-4.1615e-05,2.1401e-05,-1.8612e-07,6.8277e-06,-6.1368e-05,2.7433e-06,1.9249e-05,-6.0745e-05,5.9425e-07,-3.9327e-06,-9.1011e-07,-4.0474e-06,-3.9632e-06,2.7757e-07,-1.3437e-06,3.6535e-07,-4.5462e-06,6.5823e-06,1.2996e-05,1.2996e-05,1.2996e-05,1.3066e-07,4.61e-06,-0.0004889,-9.1514e-06,1.8217e-05,-3.0742e-05,-3.2839e-05,4.2531e-06,-3.0098e-05,-1.885e-05,-5.4685e-06,-1.0406e-05,8.1289e-06,-3.2069e-05,-1.81e-06,7.8618e-06,-9.63e-06,-1.0396e-05,5.4095e-06,8.3685e-06,1.1169e-05,-1.8152e-05,2.9218e-06,-2.3003e-05,2.1449e-05,2.1449e-05,2.1449e-05,-4.2773e-05,-2.0222e-05,-7.9049e-05,4.1514e-06,1.6654e-05,-1.9004e-05,-3.0307e-05,9.6422e-06,-8.0052e-06,-1.2401e-05,-1.1861e-05,-1.2572e-05,5.0163e-06,-3.13e-05,-1.1304e-05,-7.1052e-06,-4.9108e-07,3.7462e-06,-1.8895e-05,-1.0656e-05,-1.6251e-05,3.5206e-06,-6.709e-06,1.1303e-06,8.3419e-06,8.3419e-06,8.3419e-06,-2.1508e-05,-1.8108e-05,0.0019531,-2.9973e-06,-3.2109e-06
3.2765e-06,1.3008e-05,-6.3794e-06,-3.6221e-06,6.4661e-06,1.2514e-05,4.2339e-06,1.6866e-06,5.4553e-06,4.1101e-06,9.3251e-06,-6.2575e-06,-1.3647e-07,2.1039e-06,-3.2672e-06,-4.9824e-06,-5.9713e-06,1.0038e-05,9.5885e-07,-6.2646e-06,-6.2646e-06,-6.2646e-06,1.0304e-05,5.7291e-06,0.00097585,2.9901e-06,1,1.5541e-05,2.7673e-05,-1.4133e-05,1.4992e-07,-3.9287e-06,4.006e-05,-2.0633e-06,-1.1043e-05,3.9604e-05,-4.7217e-07,3.1113e-06,6.4185e-07,3.1989e-06,4.7109e-06,-2.4838e-06,9.6838e-07,-2.5538e-06,5.1748e-06,-4.3837e-06,-8.374e-06,-8.374e-06,-8.374e-06,-2.0549e-07,-3.4504e-06,-0.00055024,5.4503e-06,-1.2314e-05,2.0639e-05,2.1745e-05,-2.1038e-06,2.0258e-05,1.1711e-05,4.2736e-06,6.6661e-06,-4.5229e-06,2.1762e-05,1.2355e-06,-8.8937e-06,9.8901e-06,6.746e-06,-1.5083e-06,-7.7406e-06,-7.3019e-06,1.4789e-05,-4.9033e-06,1.5367e-05,-1.3604e-05,-1.3604e-05,-1.3604e-05,2.7817e-05,1.3565e-05,0.00065909,-3.5984e-06,-1.0675e-05,1.2306e-05,1.9495e-05,-6.0917e-06,5.5345e-06,7.8119e-06,6.7985e-06,7.7448e-06,-2.1104e-06,1.906e-05,6.8039e-06,8.1045e-06,-3.0977e-06,-2.2551e-06,1.3481e-05,5.1866e-06,1.0341e-05,-6.0942e-06,8.0934e-06,-6.6619e-07,-5.3692e-06,-5.3692e-06,-5.3692e-06,1.4307e-05,1.1934e-05,-0.0010132,1.0074e-06,2.019e-06
-2.0809e-05,-9.0782e-05,4.6927e-05,2.8053e-05,-4.5135e-05,-8.8722e-05,-3.1262e-05,-1.7708e-07,-4.7179e-05,-2.5475e-05,-4.8901e-05,2.5628e-05,6.76e-07,-1.4598e-05,2.329e-05,3.2288e-05,2.4025e-05,-5.337e-05,-5.6256e-06,4.6396e-05,4.6396e-05,4.6396e-05,-7.0531e-05,-3.8175e-05,-0.0068443,-2.3339e-05,1.5541e-05,0.99989,-0.00019303,9.9309e-05,-8.5969e-07,3.0212e-05,-0.00028287,1.2926e-05,8.588e-05,-0.00028009,2.7939e-06,-1.8573e-05,-4.232e-06,-1.9153e-05,-2.311e-05,5.9921e-06,-6.1955e-06,6.4042e-06,-2.5852e-05,3.0095e-05,6.0597e-05,6.0597e-05,6.0597e-05,1.2708e-06,2.2773e-05,0.00079264,-4.0315e-05,8.4696e-05,-0.00014203,-0.00015108,1.8149e-05,-0.00013882,-8.5303e-05,-2.6744e-05,-4.7697e-05,3.5862e-05,-0.00014856,-8.5485e-06,4.4412e-05,-5.2689e-05,-4.7397e-05,1.9619e-05,4.3492e-05,5.0866e-05,-9.0002e-05,1.9958e-05,-0.00010597,9.8357e-05,9.8357e-05,9.8357e-05,-0.00019634,-9.3866e-05,-0.00080639,2.1605e-05,7.5815e-05,-8.7459e-05,-0.00013942,4.4258e-05,-3.7223e-05,-5.7226e-05,-5.3853e-05,-5.7166e-05,2.0443e-05,-0.00014162,-5.0182e-05,-4.0952e-05,5.0214e-06,1.6556e-05,-8.911e-05,-4.4804e-05,-7.3928e-05,2.4341e-05,-3.9511e-05,5.7978e-06,3.872e-05,3.872e-05,3.872e-05,-9.9079e-05,-8.3376e-05,0.0077053,-1.0427e-05,-1.5103e-05
-3.7151e-05,-0.00016225,8.3912e-05,5.0177e-05,-8.0641e-05,-0.00015863,-5.5938e-05,-1.97e-08,-8.4511e-05,-4.5373e-05,-8.6878e-05,4.5175e-05,1.1928e-06,-2.6031e-05,4.1656e-05,5.7642e-05,4.2324e-05,-9.4842e-05,-9.9355e-06,8.3e-05,8.3e-05,8.3e-05,-0.00012591,-6.8162e-05,-0.012449,-4.1615e-05,2.7673e-05,-0.00019303,0.99966,0.00017746,-1.5262e-06,5.4059e-05,-0.00050534,2.304e-05,0.00015372,-0.00050044,4.9715e-06,-3.3068e-05,-7.55e-06,-3.4103e-05,-4.0961e-05,1.0249e-05,-1.1045e-05,1.0982e-05,-4.5839e-05,5.3735e-05,0.00010839,0.00010839,0.00010839,2.3133e-06,4.0746e-05,0.0013587,-7.1975e-05,0.00015119,-0.00025343,-0.00026961,3.2512e-05,-0.0002476,-0.00015244,-4.7674e-05,-8.52e-05,6.416e-05,-0.00026501,-1.5282e-05,7.8745e-05,-9.3635e-05,-8.468e-05,3.531e-05,7.7346e-05,9.0856e-05,-0.00016038,3.5165e-05,-0.00018914,0.0001758,0.0001758,0.0001758,-0.00035063,-0.00016762,-0.0013136,3.8592e-05,0.00013537,-0.00015626,-0.00024917,7.9131e-05,-6.6475e-05,-0.00010222,-9.6531e-05,-0.00010218,3.6623e-05,-0.00025321,-8.9759e-05,-7.2692e-05,8.4104e-06,2.9586e-05,-0.00015906,-8.0217e-05,-0.00013201,4.2862e-05,-7.0086e-05,1.046e-05,6.9246e-05,6.9246e-05,6.9246e-05,-0.00017688,-0.00014887,0.013575,-1.8553e-05,-2.7105e-05
1.9082e-05,8.3592e-05,-4.3293e-05,-2.5916e-05,4.1525e-05,8.1788e-05,2.8889e-05,-3.639e-07,4.3799e-05,2.3215e-05,4.4159e-05,-2.257e-05,-5.9928e-07,1.3365e-05,-2.1488e-05,-2.9613e-05,-2.1117e-05,4.8238e-05,5.0161e-06,-4.2854e-05,-4.2854e-05,-4.2854e-05,6.4739e-05,3.5041e-05,0.0065712,2.1401e-05,-1.4133e-05,9.9309e-05,0.00017746,0.99991,7.7613e-07,-2.7932e-05,0.00026022,-1.1804e-05,-7.9485e-05,0.00025775,-2.5381e-06,1.6899e-05,3.876e-06,1.7431e-05,2.0719e-05,-4.7906e-06,5.6612e-06,-5.1647e-06,2.321e-05,-2.7638e-05,-5.5931e-05,-5.5931e-05,-5.5931e-05,-1.2206e-06,-2.1006e-05,-0.00061882,3.7052e-05,-7.774e-05,0.00013023,0.00013859,-1.6852e-05,0.00012715,7.8569e-05,2.4428e-05,4.3875e-05,-3.316e-05,0.00013611,7.8749e-06,-3.9867e-05,4.7628e-05,4.3605e-05,-1.849e-05,-3.9423e-05,-4.6763e-05,8.2099e-05,-1.7554e-05,9.7231e-05,-9.0617e-05,-9.0617e-05,-9.0617e-05,0.00018047,8.6232e-05,0.00052998,-1.9818e-05,-6.9667e-05,8.049e-05,0.0001284,-4.0813e-05,3.4187e-05,5.2662e-05,5.0023e-05,5.2685e-05,-1.9008e-05,0.00013064,4.6328e-05,3.6874e-05,-3.6965e-06,-1.5249e-05,8.1727e-05,4.1544e-05,6.7948e-05,-2.1367e-05,3.549e-05,-5.4763e-06,-3.5722e-05,-3.5722e-05,-3.5722e-05,9.097e-05,7.6594e-05,-0.0068596,9.5427e-06,1.4058e-05
-1.7688e-07,-7.0248e-07,3.454e-07,1.9917e-07,-3.5421e-07,-6.7485e-07,-2.1538e-07,-9.0276e-08,-3.0927e-07,-2.4803e-07,-5.0067e-07,3.4487e-07,1.0993e-08,-1.3935e-07,1.7667e-07,2.7069e-07,3.284e-07,-5.4315e-07,-7.2665e-08,3.3249e-07,3.3249e-07,3.3249e-07,-5.7986e-07,-3.1349e-07,-4.5679e-05,-1.8612e-07,1.4992e-07,-8.5969e-07,-1.5262e-06,7.7613e-07,1,2.2055e-07,-2.2131e-06,1.2187e-07,6.0167e-07,-2.1852e-06,2.9196e-08,-1.9028e-07,-3.7098e-08,-1.9453e-07,-2.5314e-07,1.3884e-07,-5.8332e-08,1.432e-07,-2.8185e-07,2.5325e-07,4.4327e-07,4.4327e-07,4.4327e-07,3.3688e-09,1.817e-07,2.3859e-06,-3.1462e-07,6.8259e-07,-1.1534e-06,-1.2148e-06,1.1565e-07,-1.1368e-06,-6.5308e-07,-2.3579e-07,-3.6665e-07,2.4621e-07,-1.2165e-06,-6.6798e-08,4.887e-07,-5.3514e-07,-3.8449e-07,1.0665e-07,4.2746e-07,4.2016e-07,-8.197e-07,2.6858e-07,-8.6458e-07,7.4313e-07,7.4313e-07,7.4313e-07,-1.5461e-06,-7.5207e-07,-5.8365e-05,1.9054e-07,5.9903e-07,-6.7802e-07,-1.0698e-06,3.315e-07,-3.1631e-07,-4.1039e-07,-3.5158e-07,-4.2096e-07,1.172e-07,-1.0451e-06,-3.9564e-07,-4.313e-07,1.7172e-07,1.3171e-07,-7.5944e-07,-2.9502e-07,-5.7715e-07,3.3667e-07,-4.351e-07,2.1263e-08,2.8796e-07,2.8796e-07,2.8796e-07,-8.0365e-07,-6.6538e-07,6.4014e-05,-8.087e-08,-1.0448e-07
