828.45,90.906,285.29,575.11,13.765,439.1,902.35,1091.5,652.35,73.602
39.062,44.444,176.47,431.41,11.831,414.85,855.02,1039.9,624.56,58.524
1354.2,157.9,384.31,732.76,15.268,469.39,964.55,1131.7,690.06,87.951
0.00015402,-0.0072819,0.00038015,0.0026868,-0.0014457,0.00096297,0.0012886,0.0020604,0.0010967,0.0084959
-0.0072819,0.36736,-0.02562,-0.13884,0.0012377,-0.063074,-0.074563,-0.099281,-0.036177,-0.43091
0.00038015,-0.02562,0.0093745,0.012198,0.034402,0.024185,0.015703,0.0033424,-0.020778,0.036276
0.0026868,-0.13884,0.012198,0.053571,0.011322,0.030399,0.031524,0.036567,0.006167,0.16443
-0.0014457,0.0012377,0.034402,0.011322,0.98049,0.070344,0.048946,-0.015711,-0.086117,-0.018917
0.00096297,-0.063074,0.024185,0.030399,0.070344,0.39921,0.041487,-0.32527,0.27578,0.090749
0.0012886,-0.074563,0.015703,0.031524,0.048946,0.041487,0.032343,0.014119,-0.027261,0.098874
0.0020604,-0.099281,0.0033424,0.036567,-0.015711,-0.32527,0.014119,0.36345,-0.31132,0.11182
0.0010967,-0.036177,-0.020778,0.006167,-0.086117,0.27578,-0.027261,-0.31132,0.4126,0.021046
0.0084959,-0.43091,0.036276,0.16443,-0.018917,0.090749,0.098874,0.11182,0.021046,0.52836
49.965,49.965,49.965,49.965,49.965,49.965,49.965,49.965,49.965,49.965
