0.33301,0.31222,0.091468,0.083215,0.10696,0.27942,0.081036,0.15085,0.2736,0.9915,0.11494,0.035654,0.11594,0.93908,0.24,0.029654,0.23831,0.94578,0.02887,0.14611,0.14611,0.14611,0.0024492,-0.07888,-38.88,0.072665,0.21176,0.45652,0.4433,-0.081064,0.036725,0.12759,0.42674,0.079496,0.028858,0.44224,0.13085,0.98647,0.059242,0.94297,0.10531,0.27398,0.26813,0.084659,0.947,-0.41139,0.1183,0.1183,0.1183,0.016125,-0.12939,11.304,0.20677,0.026144,0.61863,0.57962,-0.19795,0.53666,0.026336,0.29108,0.2236,0.17368,0.54349,0.046259,0.051865,0.99608,0.61772,0.74009,0.058155,0.74017,0.61568,0.053918,-0.49601,0.054944,0.054944,0.054944,0.065987,-0.4239,-2.6908,0.24904,-0.037908
0.15757,0.12696,0.084278,0.069884,0.070058,0.090284,0.073629,0.085154,0.11025,0.9855,0.06531,0.001356,0.081401,0.8563,0.012374,0.0034357,0.011965,0.85874,0.0045801,0.13459,0.13459,0.13459,0.00044179,-0.13265,-130.25,-0.22745,0.066667,0.29599,0.28692,-0.14317,0.0075722,0.10412,0.25915,0.034584,0.01498,0.28311,0.062943,0.9803,0.0022602,0.88529,0.055178,0.13599,0.13829,0.030502,0.87653,-0.62036,0.089516,0.089516,0.089516,4.4969e-05,-0.18626,-55.72,-0.095179,-0.18824,0.51114,0.43903,-0.26175,0.37843,0.017862,0.239,0.14798,0.14162,0.41387,0.0032958,0.00067054,0.99192,0.44739,0.48336,0.03927,0.48202,0.43934,0.020826,-0.62521,0.029864,0.029864,0.029864,0.034743,-0.48948,-114.98,-0.26996,-0.29804
0.65014,0.64465,0.096813,0.092603,0.14101,0.63697,0.085155,0.23687,0.59955,0.99664,0.16967,0.056192,0.16964,0.98543,0.51002,0.07652,0.51233,0.99992,0.044803,0.15372,0.15372,0.15372,0.0036732,0.0096808,80.044,0.33145,0.32941,0.75291,0.75124,-0.049948,0.07283,0.17423,0.74559,0.14096,0.052916,0.75004,0.1975,0.99723,0.13595,0.98839,0.19297,0.46175,0.44588,0.18135,0.98992,-0.23688,0.13816,0.13816,0.13816,0.047023,-0.087708,66.431,0.55023,0.1451,0.70208,0.69017,-0.12879,0.65991,0.037485,0.34155,0.26442,0.2183,0.65067,0.0733,0.11059,0.99901,0.87309,0.89149,0.071351,0.89217,0.87542,0.10491,-0.27421,0.068756,0.068756,0.068756,0.1162,-0.31411,132.21,0.58736,0.24706
9999.9,-0.083232,0.0015219,0.002889,-0.0052603,-0.08555,-0.0015409,-0.023824,-0.079253,-0.0016908,0.015912,-0.0068741,0.013084,0.020753,-0.077539,0.0003124,-0.078088,0.022518,-0.0046204,0.0025607,0.0025607,0.0025607,-0.00039843,0.021006,-24.79,-0.046026,-0.039697,0.06243,0.067583,0.015085,-0.010203,-0.011313,0.070989,-0.013109,-0.005608,0.068055,0.020712,-0.0027174,-0.0038143,-0.006532,0.017992,0.018239,0.017024,0.0041965,-0.004121,0.059796,-0.0052997,-0.0052997,-0.0052997,0.0068506,-0.005489,-8.3147,-0.10023,-0.0017281,-0.011813,-0.01588,-0.013044,-0.017509,0.0011691,0.0095082,0.017991,-0.0095869,-0.016256,-0.010362,0.0081738,0.00015784,-0.056565,0.059417,-0.0034479,0.059778,-0.057134,-0.0010632,-0.051541,0.0062583,0.0062583,0.0062583,-0.011412,0.02585,-10.42,-0.099098,0.041129
-0.083232,9999.9,0.0015971,0.0030323,-0.0055507,-0.089845,-0.0016226,-0.025039,-0.083239,-0.0017784,0.016734,-0.0072398,0.013769,0.0218,-0.081506,0.00030147,-0.082081,0.023658,-0.0048674,0.0026882,0.0026882,0.0026882,-0.00041965,0.022108,-26.013,-0.048545,-0.041756,0.065736,0.071149,0.015844,-0.010724,-0.011882,0.074731,-0.013758,-0.0058887,0.071644,0.021778,-0.0028546,-0.0040549,-0.006835,0.018947,0.01907,0.017798,0.0043568,-0.0042926,0.062854,-0.005584,-0.005584,-0.005584,0.0072118,-0.0057388,-8.7042,-0.10536,-0.0016934,-0.012359,-0.016617,-0.013679,-0.018319,0.0012228,0.0099686,0.018893,-0.010062,-0.017018,-0.010905,0.0085608,0.00016837,-0.059379,0.062389,-0.003633,0.062768,-0.059974,-0.0011473,-0.05412,0.0065739,0.0065739,0.0065739,-0.011981,0.027206,-11.034,-0.10439,0.043396
0.0015219,0.0015971,10000,-5.9375e-05,6.104e-05,0.0016765,2.327e-05,0.00043711,0.0015414,2.8903e-05,-0.00027475,0.00010182,-0.00021215,-0.00039797,0.0014007,-4.8621e-05,0.0014152,-0.00042572,6.6477e-05,-5.1971e-05,-5.1971e-05,-5.1971e-05,5.8705e-06,-0.00033688,0.51944,0.00057011,0.00067187,-0.00094862,-0.0010474,-0.00029356,0.00018558,0.00022028,-0.0011074,0.00027154,0.00011126,-0.0010583,-0.00036489,5.1953e-05,-3.6093e-06,0.0001678,-0.00026983,-0.00049313,-0.00046255,-0.00016269,0.00013723,-0.0010818,7.4791e-05,7.4791e-05,7.4791e-05,-0.00010667,0.00014874,0.20771,0.0017983,0.00022765,0.00030638,0.00040827,0.00028779,0.00045312,-3.0792e-05,-0.00021343,-0.00035351,0.00019787,0.00040477,0.00016732,-0.0001976,1.058e-06,0.0011501,-0.0011828,4.8406e-05,-0.0011897,0.0011657,-2.8262e-05,0.0010241,-0.00012028,-0.00012028,-0.00012028,0.00022917,-0.00041328,0.058827,0.0014289,-0.00048287
0.002889,0.0030323,-5.9375e-05,10000,0.00012744,0.0031729,4.6003e-05,0.0008357,0.0029206,5.5901e-05,-0.00053049,0.00020202,-0.00041405,-0.00075565,0.0026847,-7.9972e-05,0.002711,-0.00081011,0.00013264,-9.7851e-05,-9.7851e-05,-9.7851e-05,1.166e-05,-0.00065877,0.97354,0.001173,0.0013016,-0.0018732,-0.0020607,-0.00055616,0.00035529,0.0004173,-0.0021763,0.00050976,0.00021018,-0.002081,-0.0007022,9.8693e-05,1.5379e-05,0.0003063,-0.00053414,-0.00089482,-0.00083887,-0.0002851,0.00024371,-0.0020729,0.00014979,0.00014979,0.00014979,-0.0002097,0.00026983,0.38041,0.0034505,0.00037592,0.00055863,0.00074516,0.00053555,0.00082639,-5.6043e-05,-0.00039625,-0.00066877,0.00037165,0.00074162,0.00032679,-0.00036336,8.2569e-07,0.0021649,-0.0022333,9.7043e-05,-0.0022464,0.002193,-3.9571e-05,0.0019341,-0.0002283,-0.0002283,-0.0002283,0.00043215,-0.00080861,0.15254,0.0028498,-0.0010055
-0.0052603,-0.0055507,6.104e-05,0.00012744,10000,-0.0051282,-0.0002071,-0.0019211,-0.0049432,-0.00017143,0.0015677,-0.00095681,0.0015172,0.0013883,-0.0066149,-0.00068517,-0.006586,0.0016073,-0.00067556,0.00012386,0.00012386,0.00012386,-5.5969e-05,0.0024976,-0.92859,-0.008255,-0.0041359,0.0082934,0.0086391,0.00093833,-0.00084945,-0.00070154,0.0089537,-0.00054295,-0.00031362,0.0086393,0.0019205,-0.00018437,-0.0015265,0.00026762,0.0024491,-0.0011543,-0.0011153,-0.001081,0.00068827,0.0050743,-0.00079908,-0.00079908,-0.00079908,0.00086743,0.00035289,0.24306,-0.0087531,0.0031061,0.00053222,0.00065592,-0.0002489,0.00077244,-6.0476e-05,0.00012104,0.0010626,-0.00040902,0.00045345,-0.0012131,-0.00012983,7.8216e-05,-0.0027006,0.0032563,-0.00052403,0.0032808,-0.0026623,-0.00087692,-0.0028571,0.00041428,0.00041428,0.00041428,-0.00059241,0.0030945,-3.0322,-0.014437,0.0078169
-0.08555,-0.089845,0.0016765,0.0031729,-0.0051282,9999.9,-0.0015765,-0.025441,-0.085835,-0.0017764,0.016755,-0.0070055,0.013587,0.022398,-0.082499,0.00092482,-0.083146,0.024219,-0.0046817,0.0028033,0.0028033,0.0028033,-0.00040562,0.021763,-27.363,-0.045367,-0.041612,0.063953,0.069514,0.01634,-0.010873,-0.012256,0.073118,-0.014426,-0.0061039,0.07005,0.021909,-0.0029307,-0.0030587,-0.0076364,0.018382,0.021662,0.02025,0.0056626,-0.0052501,0.063643,-0.00535,-0.00535,-0.00535,0.0070533,-0.0065236,-9.6393,-0.10647,-0.0045464,-0.013851,-0.018569,-0.014597,-0.020515,0.0013772,0.010691,0.019534,-0.01054,-0.018827,-0.010751,0.0093851,0.00011405,-0.061951,0.064727,-0.0034771,0.065115,-0.062629,-0.00047687,-0.05612,0.0067581,0.0067581,0.0067581,-0.012459,0.026763,-9.3024,-0.10046,0.040174
-0.0015409,-0.0016226,2.327e-05,4.6003e-05,-0.0002071,-0.0015765,10000,-0.00051703,-0.0014909,-4.2246e-05,0.00039035,-0.00021286,0.00035706,0.00040526,-0.0017401,-0.0001056,-0.0017404,0.0004557,-0.0001482,4.25e-05,4.25e-05,4.25e-05,-1.2418e-05,0.00058303,-0.36865,-0.0017177,-0.0010094,0.0018705,0.0019713,0.00028338,-0.00022565,-0.00021218,0.0020515,-0.00020315,-9.9779e-05,0.0019755,0.00048909,-5.3475e-05,-0.00027561,-1.609e-05,0.00054839,-1.9455e-05,-2.4168e-05,-0.00013348,7.2024e-05,0.0013376,-0.00017382,-0.00017382,-0.00017382,0.00019851,6.7295e-06,-0.035922,-0.0022813,0.00047594,-2.1469e-05,-3.8277e-05,-0.00015605,-3.4416e-05,8.8994e-07,0.0001042,0.00032903,-0.00015046,-7.3672e-05,-0.0002846,5.2576e-05,1.3786e-05,-0.00093322,0.0010466,-0.00011374,0.0010537,-0.00093224,-0.00014824,-0.00091303,0.00012152,0.00012152,0.00012152,-0.0001958,0.00072079,-0.5729,-0.0031705,0.0016046
-0.023824,-0.025039,0.00043711,0.0008357,-0.0019211,-0.025441,-0.00051703,10000,-0.023667,-0.00053873,0.0050464,-0.0023233,0.0042664,0.0062453,-0.024066,-0.00026776,-0.024198,0.0068282,-0.0015782,0.00074632,0.00074632,0.00074632,-0.00013492,0.0068814,-7.0864,-0.016503,-0.012705,0.020897,0.022448,0.0045035,-0.003156,-0.0033763,0.023518,-0.0037738,-0.0016562,0.022575,0.0065072,-0.0008191,-0.0017993,-0.0016047,0.0060528,0.0042724,0.0039682,0.0005652,-0.00074628,0.018545,-0.0018227,-0.0018227,-0.0018227,0.0022713,-0.0012829,-2.0927,-0.031212,0.0011307,-0.0028775,-0.0038986,-0.0036059,-0.0042733,0.00028077,0.0025975,0.005342,-0.0027661,-0.0041026,-0.0033847,0.0021132,8.2167e-05,-0.016468,0.017513,-0.0011879,0.017622,-0.0166,-0.00073283,-0.015208,0.0018811,0.0018811,0.0018811,-0.0033467,0.0084788,-4.3322,-0.033824,0.014973
-0.079253,-0.083239,0.0015414,0.0029206,-0.0049432,-0.085835,-0.0014909,-0.023667,9999.9,-0.0016628,0.01567,-0.0066353,0.012775,0.020752,-0.076852,0.00065162,-0.077433,0.022469,-0.0044443,0.0025835,0.0025835,0.0025835,-0.00038434,0.020482,-25.14,-0.043539,-0.038985,0.060451,0.065604,0.015119,-0.010123,-0.01134,0.068968,-0.013269,-0.0056375,0.066091,0.020455,-0.0027161,-0.0032035,-0.0068705,0.017394,0.01938,0.018107,0.0048507,-0.0045841,0.059279,-0.0050861,-0.0050861,-0.0050861,0.006654,-0.005835,-8.6987,-0.099242,-0.0032759,-0.012449,-0.016705,-0.013343,-0.018443,0.0012357,0.0097556,0.018058,-0.0096985,-0.016996,-0.010112,0.0084989,0.00012534,-0.057085,0.059762,-0.0033069,0.060122,-0.057691,-0.00067606,-0.051825,0.0062603,0.0062603,0.0062603,-0.011494,0.025194,-9.2977,-0.095346,0.038695
-0.0016908,-0.0017784,2.8903e-05,5.5901e-05,-0.00017143,-0.0017764,-4.2246e-05,-0.00053873,-0.0016628,10000,0.00038524,-0.0001914,0.00033715,0.0004438,-0.0017857,-5.64e-05,-0.0017916,0.00049056,-0.00013155,5.0522e-05,5.0522e-05,5.0522e-05,-1.1139e-05,0.00054682,-0.46493,-0.0014467,-0.00098117,0.0017029,0.0018132,0.00031627,-0.0002331,-0.00023699,0.0018938,-0.00025049,-0.00011443,0.0018205,0.00049072,-5.8342e-05,-0.00019515,-7.6739e-05,0.00049603,0.00017792,0.00016267,-3.1913e-05,-2.0083e-06,0.0013747,-0.00015305,-0.00015305,-0.00015305,0.00018305,-5.305e-05,-0.1064,-0.0023264,0.00025088,-0.00013448,-0.00018609,-0.00022322,-0.00020078,1.2611e-05,0.00015732,0.00037214,-0.00018426,-0.00020997,-0.00026804,0.00011435,9.4199e-06,-0.0011129,0.0012065,-9.9944e-05,0.0012142,-0.0011182,-9.4727e-05,-0.0010494,0.00013344,0.00013344,0.00013344,-0.00022877,0.00067477,-0.43145,-0.0028168,0.0013321
0.015912,0.016734,-0.00027475,-0.00053049,0.0015677,0.016755,0.00039035,0.0050464,0.01567,0.00038524,10000,0.0017668,-0.0031282,-0.0041757,0.016704,0.00048221,0.016764,-0.0046088,0.0012126,-0.00047862,-0.00047862,-0.00047862,0.0001028,-0.00507,4.4247,0.013257,0.0091303,-0.01574,-0.016778,-0.0029807,0.0021818,0.0022337,-0.01753,0.0023798,0.0010809,-0.016848,-0.0045805,0.00054877,0.0017489,0.0007704,-0.0045817,-0.001837,-0.0016853,0.00020681,8.5056e-05,-0.012861,0.0014095,0.0014095,0.0014095,-0.0016943,0.00054858,1.056,0.021748,-0.0021394,0.001356,0.0018688,0.0021431,0.0020226,-0.00012818,-0.0015156,-0.0035112,0.0017497,0.0020814,0.0024863,-0.0011223,-8.3989e-05,0.010545,-0.011401,0.00092024,-0.011474,0.010601,0.00083598,0.0099146,-0.0012559,-0.0012559,-0.0012559,0.0021642,-0.0062553,3.8992,0.025967,-0.012186
-0.0068741,-0.0072398,0.00010182,0.00020202,-0.00095681,-0.0070055,-0.00021286,-0.0023233,-0.0066353,-0.0001914,0.0017668,10000,0.0016251,0.0018084,-0.0078354,-0.00050619,-0.0078337,0.0020384,-0.00067948,0.0001873,0.0001873,0.0001873,-5.6866e-05,0.0026557,-1.6089,-0.0079211,-0.0045775,0.0085504,0.0090003,0.001261,-0.0010152,-0.00094407,0.0093626,-0.00088998,-0.00044219,0.0090176,0.002209,-0.00023875,-0.0012928,-3.6904e-05,0.0025087,-0.0002044,-0.00021948,-0.00066304,0.00036913,0.0060221,-0.00079766,-0.00079766,-0.00079766,0.00090606,6.569e-05,-0.12071,-0.010281,0.0022833,-3.0307e-05,-8.5712e-05,-0.00066547,-5.7316e-05,-2.8969e-06,0.00043946,0.0014613,-0.0006599,-0.00025243,-0.0012957,0.0002011,6.4867e-05,-0.0041106,0.0046348,-0.00052209,0.0046665,-0.0041025,-0.0007014,-0.004045,0.00054204,0.00054204,0.00054204,-0.00086524,0.003284,-2.6721,-0.014534,0.0074108
0.013084,0.013769,-0.00021215,-0.00041405,0.0015172,0.013587,0.00035706,0.0042664,0.012775,0.00033715,-0.0031282,0.0016251,10000,-0.0034372,0.014241,0.00063958,0.014267,-0.0038284,0.0011241,-0.00037767,-0.00037767,-0.00037767,9.4694e-05,-0.0045488,3.3914,0.012691,0.0080243,-0.014371,-0.015226,-0.0024292,0.0018533,0.0018196,-0.015875,0.0018442,0.00086859,-0.015273,-0.0039542,0.00045261,0.0018765,0.00039201,-0.0041995,-0.00069615,-0.00061256,0.00063821,-0.00026126,-0.010956,0.001313,0.001313,0.001313,-0.0015353,0.00020409,0.59456,0.018606,-0.0028682,0.00066173,0.00094783,0.0015498,0.00099687,-5.7846e-05,-0.0010706,-0.0028418,0.0013604,0.0011837,0.0022253,-0.00069132,-9.2386e-05,0.008308,-0.0091376,0.00085832,-0.0091978,0.0083274,0.00096506,0.0079582,-0.0010323,-0.0010323,-0.0010323,0.0017227,-0.0056182,4.0121,0.024058,-0.011772
0.020753,0.0218,-0.00039797,-0.00075565,0.0013883,0.022398,0.00040526,0.0062453,0.020752,0.0004438,-0.0041757,0.0018084,-0.0034372,10000,0.020332,-7.062e-05,0.020475,-0.0058995,0.001216,-0.00066996,-0.00066996,-0.00066996,0.00010482,-0.0055194,6.4814,0.012137,0.010421,-0.016417,-0.017767,-0.00395,0.002675,0.0029623,-0.01866,0.0034282,0.0014679,-0.01789,-0.0054334,0.00071178,0.0010192,0.0016997,-0.0047323,-0.0047397,-0.0044232,-0.0010776,0.0010641,-0.015679,0.0013952,0.0013952,0.0013952,-0.0018008,0.0014263,2.1651,0.026284,0.00040149,0.0030732,0.0041321,0.0034066,0.0045552,-0.00030401,-0.0024822,-0.0047099,0.0025074,0.0042334,0.0027223,-0.0021302,-4.2416e-05,0.014798,-0.015551,0.00090774,-0.015646,0.014946,0.00029127,0.01349,-0.0016391,-0.0016391,-0.0016391,0.0029863,-0.0067923,2.7662,0.02608,-0.010853
-0.077539,-0.081506,0.0014007,0.0026847,-0.0066149,-0.082499,-0.0017401,-0.024066,-0.076852,-0.0017857,0.016704,-0.0078354,0.014241,0.020332,9999.9,-0.0012577,-0.079522,0.022285,-0.0053384,0.0024037,0.0024037,0.0024037,-0.00045528,0.023,-22.671,-0.056557,-0.042171,0.070283,0.075334,0.014623,-0.010366,-0.010961,0.078863,-0.012103,-0.0053581,0.075727,0.021477,-0.002668,-0.0065527,-0.0048391,0.020386,0.012611,0.011686,0.0010955,-0.0019025,0.060963,-0.0061769,-0.0061769,-0.0061769,0.007618,-0.0037829,-6.3759,-0.10273,0.0054425,-0.0086447,-0.011753,-0.011398,-0.012849,0.00083823,0.0081748,0.017314,-0.0088781,-0.012514,-0.011303,0.0065096,0.00030449,-0.053019,0.056622,-0.0040278,0.056976,-0.053407,-0.0028263,-0.049188,0.0061217,0.0061217,0.0061217,-0.010802,0.02835,-15.38,-0.11438,0.051514
0.0003124,0.00030147,-4.8621e-05,-7.9972e-05,-0.00068517,0.00092482,-0.0001056,-0.00026776,0.00065162,-5.64e-05,0.00048221,-0.00050619,0.00063958,-7.062e-05,-0.0012577,10000,-0.001186,3.0954e-05,-0.00037481,-5.9272e-05,-5.9272e-05,-5.9272e-05,-2.9884e-05,0.0010926,0.86198,-0.0053593,-0.0014425,0.0041749,0.0041585,-0.00012677,-0.00014317,9.7378e-05,0.0042394,0.00040049,8.4655e-05,0.0041234,0.00049957,6.4822e-06,-0.0013418,0.00077306,0.001266,-0.0025923,-0.00246,-0.0014654,0.0010412,0.00094127,-0.00045569,-0.00045569,-0.00045569,0.0004127,0.00078603,0.88004,-0.0018418,0.0034391,0.0014495,0.0018851,0.00070901,0.0021309,-0.00015176,-0.00058118,-0.00021134,0.00028017,0.0016974,-0.00051877,-0.00074885,7.1561e-05,0.0013469,-0.00096784,-0.00030091,-0.00096859,0.0014303,-0.00085507,0.00080493,-2.5955e-05,-2.5955e-05,-2.5955e-05,0.00022106,0.0013669,-2.453,-0.0079835,0.0052581
-0.078088,-0.082081,0.0014152,0.002711,-0.006586,-0.083146,-0.0017404,-0.024198,-0.077433,-0.0017916,0.016764,-0.0078337,0.014267,0.020475,-0.079522,-0.001186,9999.9,0.02243,-0.0053341,0.002426,0.002426,0.002426,-0.00045513,0.023037,-22.913,-0.056363,-0.042298,0.070307,0.075393,0.014733,-0.010419,-0.011045,0.078937,-0.012226,-0.0054027,0.075792,0.021567,-0.0026865,-0.0064536,-0.0049535,0.020387,0.01297,0.012026,0.0012586,-0.0020259,0.061268,-0.0061695,-0.0061695,-0.0061695,0.0076247,-0.0038917,-6.5119,-0.10322,0.005113,-0.0088564,-0.012031,-0.011549,-0.013161,0.00085995,0.008291,0.017452,-0.0089669,-0.012777,-0.011323,0.0066325,0.00029891,-0.053515,0.057101,-0.0040226,0.057458,-0.053914,-0.0027542,-0.049601,0.0061652,0.0061652,0.0061652,-0.010897,0.028393,-15.222,-0.1143,0.051298
0.022518,0.023658,-0.00042572,-0.00081011,0.0016073,0.024219,0.0004557,0.0068282,0.022469,0.00049056,-0.0046088,0.0020384,-0.0038284,-0.0058995,0.022285,3.0954e-05,0.02243,10000,0.0013756,-0.00071991,-0.00071991,-0.00071991,0.00011824,-0.0061569,6.9234,0.013962,0.011536,-0.018446,-0.019911,-0.0042763,0.0029287,0.0032067,-0.020894,0.0036699,0.0015838,-0.02004,-0.0059787,0.00077292,0.0013,0.0017374,-0.005326,-0.0047823,-0.0044571,-0.000962,0.001008,-0.017181,0.001582,0.001582,0.001582,-0.0020169,0.0014383,2.2281,0.02884,-5.5217e-05,0.0031339,0.0042229,0.0036023,0.0046478,-0.00030882,-0.0026156,-0.0050904,0.0026859,0.0043599,0.0030338,-0.0022089,-5.6347e-05,0.015896,-0.016769,0.0010299,-0.016872,0.016045,0.00043892,0.014552,-0.0017783,-0.0017783,-0.0017783,0.0032152,-0.0075801,3.3582,0.029496,-0.012551
-0.0046204,-0.0048674,6.6477e-05,0.00013264,-0.00067556,-0.0046817,-0.0001482,-0.0015782,-0.0044443,-0.00013155,0.0012126,-0.00067948,0.0011241,0.001216,-0.0053384,-0.00037481,-0.0053341,0.0013756,10000,0.00012363,0.00012363,0.00012363,-3.9668e-05,0.0018391,-1.0463,-0.0055788,-0.0031502,0.0059503,0.0062529,0.0008445,-0.00069077,-0.00063213,0.0065007,-0.00058217,-0.00029434,0.006263,0.0015115,-0.00016067,-0.00093131,9.5406e-06,0.0017477,-0.00025322,-0.0002575,-0.00051225,0.00029522,0.0041018,-0.00055805,-0.00055805,-0.00055805,0.00062921,7.9284e-05,-0.042198,-0.0070133,0.0016925,4.4105e-05,2.6147e-05,-0.00041707,5.6236e-05,-8.7102e-06,0.00027039,0.00097573,-0.00043241,-9.4608e-05,-0.00089662,0.00010223,4.6917e-05,-0.0027113,0.0030815,-0.00036537,0.0031029,-0.0027021,-0.00051093,-0.0026911,0.00036427,0.00036427,0.00036427,-0.00057348,0.0022748,-1.9107,-0.010154,0.0052303
0.0025607,0.0026882,-5.1971e-05,-9.7851e-05,0.00012386,0.0028033,4.25e-05,0.00074632,0.0025835,5.0522e-05,-0.00047862,0.0001873,-0.00037767,-0.00066996,0.0024037,-5.9272e-05,0.002426,-0.00071991,0.00012363,10000,-8.5973e-05,-8.5973e-05,1.082e-05,-0.00060206,0.85112,0.0011253,0.0011784,-0.0017286,-0.0018949,-0.00049193,0.00031775,0.00036907,-0.0019988,0.00044646,0.00018533,-0.0019123,-0.00063138,8.7544e-05,3.4578e-05,0.00025996,-0.00049408,-0.00075423,-0.00070661,-0.00023034,0.00020019,-0.0018556,0.00014012,0.00014012,0.00014012,-0.00019266,0.00022737,0.32411,0.0030929,0.00028022,0.00047349,0.00063236,0.00046455,0.00070066,-4.7403e-05,-0.00034283,-0.00059061,0.00032568,0.00063214,0.0002983,-0.00031101,-3.8247e-07,0.0019016,-0.0019682,9.0871e-05,-0.0019798,0.0019253,-2.181e-05,0.0017051,-0.00020234,-0.00020234,-0.00020234,0.00038033,-0.0007394,0.17371,0.0026553,-0.00097488
0.0025607,0.0026882,-5.1971e-05,-9.7851e-05,0.00012386,0.0028033,4.25e-05,0.00074632,0.0025835,5.0522e-05,-0.00047862,0.0001873,-0.00037767,-0.00066996,0.0024037,-5.9272e-05,0.002426,-0.00071991,0.00012363,-8.5973e-05,10000,-8.5973e-05,1.082e-05,-0.00060206,0.85112,0.0011253,0.0011784,-0.0017286,-0.0018949,-0.00049193,0.00031775,0.00036907,-0.0019988,0.00044646,0.00018533,-0.0019123,-0.00063138,8.7544e-05,3.4578e-05,0.00025996,-0.00049408,-0.00075423,-0.00070661,-0.00023034,0.00020019,-0.0018556,0.00014012,0.00014012,0.00014012,-0.00019266,0.00022737,0.32411,0.0030929,0.00028022,0.00047349,0.00063236,0.00046455,0.00070066,-4.7403e-05,-0.00034283,-0.00059061,0.00032568,0.00063214,0.0002983,-0.00031101,-3.8247e-07,0.0019016,-0.0019682,9.0871e-05,-0.0019798,0.0019253,-2.181e-05,0.0017051,-0.00020234,-0.00020234,-0.00020234,0.00038033,-0.0007394,0.17371,0.0026553,-0.00097488
0.0025607,0.0026882,-5.1971e-05,-9.7851e-05,0.00012386,0.0028033,4.25e-05,0.00074632,0.0025835,5.0522e-05,-0.00047862,0.0001873,-0.00037767,-0.00066996,0.0024037,-5.9272e-05,0.002426,-0.00071991,0.00012363,-8.5973e-05,-8.5973e-05,10000,1.082e-05,-0.00060206,0.85112,0.0011253,0.0011784,-0.0017286,-0.0018949,-0.00049193,0.00031775,0.00036907,-0.0019988,0.00044646,0.00018533,-0.0019123,-0.00063138,8.7544e-05,3.4578e-05,0.00025996,-0.00049408,-0.00075423,-0.00070661,-0.00023034,0.00020019,-0.0018556,0.00014012,0.00014012,0.00014012,-0.00019266,0.00022737,0.32411,0.0030929,0.00028022,0.00047349,0.00063236,0.00046455,0.00070066,-4.7403e-05,-0.00034283,-0.00059061,0.00032568,0.00063214,0.0002983,-0.00031101,-3.8247e-07,0.0019016,-0.0019682,9.0871e-05,-0.0019798,0.0019253,-2.181e-05,0.0017051,-0.00020234,-0.00020234,-0.00020234,0.00038033,-0.0007394,0.17371,0.0026553,-0.00097488
-0.00039843,-0.00041965,5.8705e-06,1.166e-05,-5.5969e-05,-0.00040562,-1.2418e-05,-0.00013492,-0.00038434,-1.1139e-05,0.0001028,-5.6866e-05,9.4694e-05,0.00010482,-0.00045528,-2.9884e-05,-0.00045513,0.00011824,-3.9668e-05,1.082e-05,1.082e-05,1.082e-05,10000,0.00015478,-0.092698,-0.00046313,-0.00026648,0.0004988,0.00052487,7.3041e-05,-5.8973e-05,-5.4681e-05,0.00054594,-5.1332e-05,-2.5585e-05,0.00052585,0.00012845,-1.3841e-05,-7.5915e-05,-1.5974e-06,0.00014638,-1.3674e-05,-1.4455e-05,-3.9481e-05,2.2138e-05,0.0003499,-4.6578e-05,-4.6578e-05,-4.6578e-05,5.2835e-05,4.3614e-06,-0.0063826,-0.00059753,0.00013483,-7.3994e-07,-3.6472e-06,-3.8095e-05,-1.8278e-06,-2.7455e-07,2.5077e-05,8.4595e-05,-3.8073e-05,-1.3448e-05,-7.5506e-05,1.1137e-05,3.8121e-06,-0.00023744,0.00026811,-3.0489e-05,0.00026995,-0.00023691,-4.1276e-05,-0.00023401,3.1416e-05,3.1416e-05,3.1416e-05,-5.0023e-05,0.00019141,-0.15668,-0.00084848,0.00043347
0.021006,0.022108,-0.00033688,-0.00065877,0.0024976,0.021763,0.00058303,0.0068814,0.020482,0.00054682,-0.00507,0.0026557,-0.0045488,-0.0055194,0.023,0.0010926,0.023037,-0.0061569,0.0018391,-0.00060206,-0.00060206,-0.00060206,0.00015478,10000,5.3781,0.02086,0.013023,-0.023459,-0.024832,-0.0038942,0.0029915,0.0029169,-0.025882,0.0029304,0.0013891,-0.024905,-0.0063993,0.00072703,0.0031313,0.00056408,-0.0068591,-0.00089746,-0.0007744,0.0011512,-0.00050902,-0.017692,0.0021497,0.0021497,0.0021497,-0.0025033,0.00026088,0.88055,0.030067,-0.0049048,0.00093985,0.0013625,0.0024307,0.0014203,-8.0016e-05,-0.0016713,-0.0045503,0.002163,0.0017578,0.0036216,-0.0010473,-0.00015463,0.01324,-0.014606,0.0014055,-0.014703,0.013264,0.0016245,0.012724,-0.0016572,-0.0016572,-0.0016572,0.0027504,-0.0091484,6.6595,0.039358,-0.019373
-24.79,-26.013,0.51944,0.97354,-0.92859,-27.363,-0.36865,-7.0864,-25.14,-0.46493,4.4247,-1.6089,3.3914,6.4814,-22.671,0.86198,-22.913,6.9234,-1.0463,0.85112,0.85112,0.85112,-0.092698,5.3781,1467.7,-8.7709,-10.795,15.041,16.649,4.788,-3.0058,-3.5931,17.619,-4.4556,-1.8181,16.83,5.8896,-0.84587,0.18505,-2.8029,4.2709,8.2671,7.7572,2.7849,-2.3307,17.512,-1.1739,-1.1739,-1.1739,1.6966,-2.4939,-3462.2,-29.085,-4.0276,-5.1212,-6.8198,-4.7491,-7.5728,0.51527,3.5271,5.7713,-3.2457,-6.7453,-2.6733,3.2854,-0.02395,-18.839,19.335,-0.75921,19.447,-19.099,0.54032,-16.737,1.9593,1.9593,1.9593,-3.7493,6.5952,-726.15,-22.497,7.3611
-0.046026,-0.048545,0.00057011,0.001173,-0.008255,-0.045367,-0.0017177,-0.016503,-0.043539,-0.0014467,0.013257,-0.0079211,0.012691,0.012137,-0.056557,-0.0053593,-0.056363,0.013962,-0.0055788,0.0011253,0.0011253,0.0011253,-0.00046313,0.02086,-8.7709,9999.9,-0.034837,0.068828,0.07185,0.008267,-0.0072775,-0.0061829,0.074523,-0.0050455,-0.0027969,0.071879,0.016312,-0.0016096,-0.012209,0.00171,0.020299,-0.0079692,-0.0077362,-0.0082337,0.0051559,0.043404,-0.0065889,-0.0065889,-0.0065889,0.0072181,0.0024417,1.4106,-0.074697,0.024277,0.0034711,0.0041988,-0.0027336,0.005016,-0.00040477,0.0015186,0.0094163,-0.0037837,0.0025872,-0.010141,-0.00053026,0.00062336,-0.02458,0.029111,-0.0043193,0.029326,-0.024313,-0.0069465,-0.025507,0.0036259,0.0036259,0.0036259,-0.0053322,0.025835,-24.423,-0.11925,0.063815
-0.039697,-0.041756,0.00067187,0.0013016,-0.0041359,-0.041612,-0.0010094,-0.012705,-0.038985,-0.00098117,0.0091303,-0.0045775,0.0080243,0.010421,-0.042171,-0.0014425,-0.042298,0.011536,-0.0031502,0.0011784,0.0011784,0.0011784,-0.00026648,0.013023,-10.795,-0.034837,10000,0.040675,0.043265,0.0074147,-0.0055015,-0.0055557,0.045172,-0.0058261,-0.0026767,0.043431,0.011612,-0.0013704,-0.004795,-0.0016841,0.011856,0.0037807,0.0034427,-0.00097713,0.00011407,0.03246,-0.0036682,-0.0036682,-0.0036682,0.0043668,-0.0011253,-2.3648,-0.054969,0.0064298,-0.0029365,-0.0040823,-0.0051373,-0.0043895,0.00027293,0.003608,0.008715,-0.0042879,-0.0046727,-0.0063809,0.0025719,0.00023251,-0.02595,0.028209,-0.0023959,0.028391,-0.026063,-0.0023591,-0.024543,0.0031327,0.0031327,0.0031327,-0.0053432,0.016073,-10.522,-0.067449,0.032127
0.06243,0.065736,-0.00094862,-0.0018732,0.0082934,0.063953,0.0018705,0.020897,0.060451,0.0017029,-0.01574,0.0085504,-0.014371,-0.016417,0.070283,0.0041749,0.070307,-0.018446,0.0059503,-0.0017286,-0.0017286,-0.0017286,0.0004988,-0.023459,15.041,0.068828,0.040675,9999.9,-0.079256,-0.01149,0.0091168,0.0086036,-0.082493,0.0082786,0.0040511,-0.079432,-0.019735,0.0021659,0.01098,0.00075464,-0.022034,0.00044162,0.00065009,0.0052085,-0.0027771,-0.054032,0.0069767,0.0069767,0.0069767,-0.007982,-0.00016752,1.5719,0.092117,-0.01881,0.0010627,0.0018014,0.0064128,0.0016779,-5.6292e-05,-0.0042963,-0.01335,0.0061292,0.0032094,0.011453,-0.0022286,-0.0005486,0.037963,-0.042505,0.004565,-0.042793,0.037935,0.0058877,0.037074,-0.0049235,-0.0049235,-0.0049235,0.0079569,-0.029,22.868,0.1273,-0.064262
0.067583,0.071149,-0.0010474,-0.0020607,0.0086391,0.069514,0.0019713,0.022448,0.065604,0.0018132,-0.016778,0.0090003,-0.015226,-0.017767,0.075334,0.0041585,0.075393,-0.019911,0.0062529,-0.0018949,-0.0018949,-0.0018949,0.00052487,-0.024832,16.649,0.07185,0.043265,-0.079256,9999.9,-0.012471,0.0097813,0.009339,-0.087134,0.0091292,0.0044154,-0.083881,-0.021085,0.0023427,0.011235,0.0011755,-0.023211,-0.00073138,-0.00044453,0.0049431,-0.0025144,-0.057926,0.0073239,0.0073239,0.0073239,-0.0084298,0.00018546,2.1082,0.098647,-0.018716,0.0018237,0.0028246,0.0072577,0.0028058,-0.00013155,-0.0049118,-0.014519,0.0067514,0.004258,0.01213,-0.0027564,-0.00055924,0.041636,-0.046365,0.0047909,-0.046676,0.041644,0.0059613,0.040422,-0.0053304,-0.0053304,-0.0053304,0.0086981,-0.030689,23.558,0.13379,-0.066965
0.015085,0.015844,-0.00029356,-0.00055616,0.00093833,0.01634,0.00028338,0.0045035,0.015119,0.00031627,-0.0029807,0.001261,-0.0024292,-0.00395,0.014623,-0.00012677,0.014733,-0.0042763,0.0008445,-0.00049193,-0.00049193,-0.00049193,7.3041e-05,-0.0038942,4.788,0.008267,0.0074147,-0.01149,-0.012471,10000,0.0019261,0.0021586,-0.013111,0.0025269,0.0010733,-0.012564,-0.0038913,0.00051697,0.00060482,0.0013105,-0.0033059,-0.003698,-0.0034552,-0.00092857,0.00087628,-0.011279,0.00096636,0.00096636,0.00096636,-0.0012649,0.0011134,1.6588,0.018882,0.00063604,0.0023746,0.0031864,0.0025422,0.003518,-0.00023574,-0.0018589,-0.0034377,0.0018469,0.003241,0.0019227,-0.0016203,-2.3594e-05,0.01087,-0.011378,0.0006283,-0.011446,0.010985,0.00012555,0.0098666,-0.0011916,-0.0011916,-0.0011916,0.0021884,-0.00479,1.7607,0.018118,-0.0073455
-0.010203,-0.010724,0.00018558,0.00035529,-0.00084945,-0.010873,-0.00022565,-0.003156,-0.010123,-0.0002331,0.0021818,-0.0010152,0.0018533,0.002675,-0.010366,-0.00014317,-0.010419,0.0029287,-0.00069077,0.00031775,0.00031775,0.00031775,-5.8973e-05,0.0029915,-3.0058,-0.0072775,-0.0055015,0.0091168,0.0097813,0.0019261,10000,-0.0014439,0.010243,-0.0016029,-0.00070688,0.009834,0.0028087,-0.00035094,-0.00082195,-0.00065892,0.0026428,0.0017342,0.0016087,0.00018715,-0.00028076,0.0079867,-0.00079863,-0.00079863,-0.00079863,0.00098934,-0.00052045,-0.86411,-0.013451,0.00061426,-0.0011791,-0.0016005,-0.0015193,-0.0017519,0.00011466,0.0010918,0.0022824,-0.0011754,-0.0016951,-0.0014707,0.00087782,3.7923e-05,-0.0070097,0.0074722,-0.00052065,0.0075188,-0.0070632,-0.00034639,-0.0064901,0.00080555,0.00080555,0.00080555,-0.0014266,0.0036867,-1.9498,-0.014802,0.0066175
-0.011313,-0.011882,0.00022028,0.0004173,-0.00070154,-0.012256,-0.00021218,-0.0033763,-0.01134,-0.00023699,0.0022337,-0.00094407,0.0018196,0.0029623,-0.010961,9.7378e-05,-0.011045,0.0032067,-0.00063213,0.00036907,0.00036907,0.00036907,-5.4681e-05,0.0029169,-3.5931,-0.0061829,-0.0055557,0.0086036,0.009339,0.0021586,-0.0014439,10000,0.0098187,-0.0018961,-0.0008051,0.0094088,0.0029165,-0.00038769,-0.00044943,-0.00098507,0.0024751,0.002781,0.0025985,0.00070082,-0.00066031,0.0084551,-0.00072326,-0.00072326,-0.00072326,0.00094728,-0.00083735,-1.2466,-0.014153,-0.00048752,-0.0017851,-0.0023952,-0.0019085,-0.0026446,0.00017725,0.0013957,0.0025786,-0.0013858,-0.0024356,-0.0014402,0.0012173,1.7473e-05,-0.0081552,0.0085351,-0.00047023,0.0085865,-0.0082421,-9.1524e-05,-0.0074013,0.00089365,0.00089365,0.00089365,-0.0016418,0.0035878,-1.3128,-0.013562,0.0054921
0.070989,0.074731,-0.0011074,-0.0021763,0.0089537,0.073118,0.0020515,0.023518,0.068968,0.0018938,-0.01753,0.0093626,-0.015875,-0.01866,0.078863,0.0042394,0.078937,-0.020894,0.0065007,-0.0019988,-0.0019988,-0.0019988,0.00054594,-0.025882,17.619,0.074523,0.045172,-0.082493,-0.087134,-0.013111,0.010243,0.0098187,9999.9,0.009649,0.0046487,-0.087357,-0.022048,0.00246,0.011569,0.0013627,-0.024152,-0.0011997,-0.00087652,0.0049442,-0.0024657,-0.060644,0.0076114,0.0076114,0.0076114,-0.0087794,0.00032564,2.3595,0.10324,-0.019072,0.0021557,0.0032789,0.007736,0.0033002,-0.00016337,-0.0052524,-0.015275,0.0071332,0.0047522,0.012646,-0.003018,-0.00057507,0.043927,-0.048827,0.0049785,-0.049154,0.043949,0.0061147,0.042563,-0.0055993,-0.0055993,-0.0055993,0.0091666,-0.031984,24.319,0.1391,-0.069412
-0.013109,-0.013758,0.00027154,0.00050976,-0.00054295,-0.014426,-0.00020315,-0.0037738,-0.013269,-0.00025049,0.0023798,-0.00088998,0.0018442,0.0034282,-0.012103,0.00040049,-0.012226,0.0036699,-0.00058217,0.00044646,0.00044646,0.00044646,-5.1332e-05,0.0029304,-4.4556,-0.0050455,-0.0058261,0.0082786,0.0091292,0.0025269,-0.0016029,-0.0018961,0.009649,10000,-0.00095681,0.0092228,0.0031571,-0.0004476,-1.924e-06,-0.0014272,0.0023568,0.0041863,0.003926,0.0013661,-0.0011571,0.009347,-0.00065581,-0.00065581,-0.00065581,0.0009295,-0.0012626,-1.7685,-0.015545,-0.0018774,-0.0026049,-0.0034723,-0.0024629,-0.0038528,0.00026165,0.0018252,0.0030415,-0.0016985,-0.0034468,-0.0014548,0.0016846,-7.3567e-06,-0.0098793,0.01017,-0.0004246,0.01023,-0.010011,0.00022253,-0.0088061,0.001036,0.001036,0.001036,-0.0019697,0.0035956,-0.5674,-0.012512,0.0042911
-0.005608,-0.0058887,0.00011126,0.00021018,-0.00031362,-0.0061039,-9.9779e-05,-0.0016562,-0.0056375,-0.00011443,0.0010809,-0.00044219,0.00086859,0.0014679,-0.0053581,8.4655e-05,-0.0054027,0.0015838,-0.00029434,0.00018533,0.00018533,0.00018533,-2.5585e-05,0.0013891,-1.8181,-0.0027969,-0.0026767,0.0040511,0.0044154,0.0010733,-0.00070688,-0.0008051,0.0046487,-0.00095681,10000,0.0044516,0.0014176,-0.00019198,-0.00015716,-0.00052445,0.0011623,0.0015005,0.0014039,0.00041748,-0.0003769,0.0041344,-0.00033548,-0.00033548,-0.00033548,0.00044831,-0.00045206,-0.65894,-0.0069078,-0.00040768,-0.00095276,-0.0012755,-0.00097789,-0.0014107,9.498e-05,0.00071817,0.001285,-0.00069869,-0.0012864,-0.00068686,0.00063811,5.1702e-06,-0.004097,0.0042664,-0.00021789,0.0042919,-0.004144,-3.8106e-06,-0.003698,0.00044305,0.00044305,0.00044305,-0.00082235,0.0017075,-0.53012,-0.0063177,0.0024603
0.068055,0.071644,-0.0010583,-0.002081,0.0086393,0.07005,0.0019755,0.022575,0.066091,0.0018205,-0.016848,0.0090176,-0.015273,-0.01789,0.075727,0.0041234,0.075792,-0.02004,0.006263,-0.0019123,-0.0019123,-0.0019123,0.00052585,-0.024905,16.83,0.071879,0.043431,-0.079432,-0.083881,-0.012564,0.009834,0.0094088,-0.087357,0.0092228,0.0044516,9999.9,-0.021183,0.0023587,0.011197,0.0012475,-0.023259,-0.00095162,-0.00065188,0.004854,-0.0024445,-0.058231,0.0073344,0.0073344,0.0073344,-0.0084511,0.00025199,2.1952,0.099145,-0.018554,0.0019561,0.0029999,0.0073645,0.0030014,-0.00014503,-0.0049926,-0.014633,0.0068193,0.0044272,0.012167,-0.0028369,-0.00055699,0.042023,-0.046751,0.0047975,-0.047065,0.042038,0.0059297,0.040756,-0.0053678,-0.0053678,-0.0053678,0.0087739,-0.030778,23.51,0.13401,-0.06697
0.020712,0.021778,-0.00036489,-0.0007022,0.0019205,0.021909,0.00048909,0.0065072,0.020455,0.00049072,-0.0045805,0.002209,-0.0039542,-0.0054334,0.021477,0.00049957,0.021567,-0.0059787,0.0015115,-0.00063138,-0.00063138,-0.00063138,0.00012845,-0.0063993,5.8896,0.016312,0.011612,-0.019735,-0.021085,-0.0038913,0.0028087,0.0029165,-0.022048,0.0031571,0.0014176,-0.021183,10000,0.00071359,0.0020454,0.0011301,-0.0057362,-0.0028204,-0.0026012,2.2474e-05,0.00028526,-0.01654,0.0017536,0.0017536,0.0017536,-0.0021305,0.00084423,1.5189,0.027928,-0.0022003,0.002004,0.002743,0.0029016,0.0029838,-0.0001919,-0.0020654,-0.0045943,0.0023188,0.0029874,0.003141,-0.001583,-9.7033e-05,0.013918,-0.014965,0.0011443,-0.01506,0.014004,0.00094184,0.013008,-0.0016349,-0.0016349,-0.0016349,0.0028471,-0.0078921,4.6508,0.032375,-0.014939
-0.0027174,-0.0028546,5.1953e-05,9.8693e-05,-0.00018437,-0.0029307,-5.3475e-05,-0.0008191,-0.0027161,-5.8342e-05,0.00054877,-0.00023875,0.00045261,0.00071178,-0.002668,6.4822e-06,-0.0026865,0.00077292,-0.00016067,8.7544e-05,8.7544e-05,8.7544e-05,-1.3841e-05,0.00072703,-0.84587,-0.0016096,-0.0013704,0.0021659,0.0023427,0.00051697,-0.00035094,-0.00038769,0.00246,-0.0004476,-0.00019198,0.0023587,0.00071359,10000,-0.00013845,-0.00021981,0.00062457,0.00061135,0.00057037,0.00013577,-0.00013557,0.0020573,-0.00018444,-0.00018444,-0.00018444,0.00023742,-0.00018395,-0.28039,-0.0034499,-3.9956e-05,-0.00039725,-0.00053436,-0.00044365,-0.00058888,3.9266e-05,0.00032303,0.0006162,-0.00032742,-0.00054832,-0.00035851,0.00027629,5.8193e-06,-0.0019336,0.0020336,-0.00012002,0.002046,-0.0019526,-4.1297e-05,-0.0017642,0.00021462,0.00021462,0.00021462,-0.00039039,0.00089479,-0.37138,-0.0034457,0.001441
-0.0038143,-0.0040549,-3.6093e-06,1.5379e-05,-0.0015265,-0.0030587,-0.00027561,-0.0017993,-0.0032035,-0.00019515,0.0017489,-0.0012928,0.0018765,0.0010192,-0.0065527,-0.0013418,-0.0064536,0.0013,-0.00093131,3.4578e-05,3.4578e-05,3.4578e-05,-7.5915e-05,0.0031313,0.18505,-0.012209,-0.004795,0.01098,0.011235,0.00060482,-0.00082195,-0.00044943,0.011569,-1.924e-06,-0.00015716,0.011197,0.0020454,-0.00013845,10000,0.0010334,0.0032775,-0.0036679,-0.0034964,-0.0024112,0.0016504,0.0050015,-0.0011147,-0.0011147,-0.0011147,0.0011229,0.0011145,1.1279,-0.0088596,0.0061075,0.0019617,0.0025226,0.00055811,0.002876,-0.00020914,-0.0005229,0.00061282,-2.4353e-05,0.0021633,-0.0015082,-0.00089905,0.00013779,-0.00069598,0.0015372,-0.00073324,0.0015558,-0.00057701,-0.001601,-0.0013959,0.00029896,0.00029896,0.00029896,-0.00023181,0.0038937,-5,-0.019875,0.011756
-0.006532,-0.006835,0.0001678,0.0003063,0.00026762,-0.0076364,-1.609e-05,-0.0016047,-0.0068705,-7.6739e-05,0.0007704,-3.6904e-05,0.00039201,0.0016997,-0.0048391,0.00077306,-0.0049535,0.0017374,9.5406e-06,0.00025996,0.00025996,0.00025996,-1.5974e-06,0.00056408,-2.8029,0.00171,-0.0016841,0.00075464,0.0011755,0.0013105,-0.00065892,-0.00098507,0.0013627,-0.0014272,-0.00052445,0.0012475,0.0011301,-0.00021981,0.0010334,10000,0.0001551,0.0040075,0.0037806,0.0017853,-0.001358,0.0037602,3.6554e-05,3.6554e-05,3.6554e-05,0.00012794,-0.0012119,-1.5272,-0.0060404,-0.0035522,-0.0023676,-0.0031196,-0.0017286,-0.0034918,0.00024257,0.001324,0.0016226,-0.0010311,-0.0029627,-0.00029828,0.0013858,-5.8697e-05,-0.0057796,0.0056271,2.8194e-05,0.0056561,-0.0059072,0.00076597,-0.0048468,0.0005172,0.0005172,0.0005172,-0.0011157,0.00067183,1.6187,0.00014964,-0.0019941
0.017992,0.018947,-0.00026983,-0.00053414,0.0024491,0.018382,0.00054839,0.0060528,0.017394,0.00049603,-0.0045817,0.0025087,-0.0041995,-0.0047323,0.020386,0.001266,0.020387,-0.005326,0.0017477,-0.00049408,-0.00049408,-0.00049408,0.00014638,-0.0068591,4.2709,0.020299,0.011856,-0.022034,-0.023211,-0.0033059,0.0026428,0.0024751,-0.024152,0.0023568,0.0011623,-0.023259,-0.0057362,0.00062457,0.0032775,0.0001551,10000,0.00033767,0.00038711,0.001622,-0.00088591,-0.01567,0.0020505,0.0020505,0.0020505,-0.0023371,-0.00011209,0.38229,0.026735,-0.0057076,0.00018917,0.00036703,0.0017933,0.00031145,-3.9393e-06,-0.0011928,-0.0038357,0.0017462,0.0007886,0.0033476,-0.00058246,-0.00016413,0.010847,-0.012189,0.0013419,-0.012272,0.010832,0.0017686,0.010634,-0.0014188,-0.0014188,-0.0014188,0.0022785,-0.0084804,6.7987,0.037386,-0.018973
0.018239,0.01907,-0.00049313,-0.00089482,-0.0011543,0.021662,-1.9455e-05,0.0042724,0.01938,0.00017792,-0.001837,-0.0002044,-0.00069615,-0.0047397,0.012611,-0.0025923,0.01297,-0.0047823,-0.00025322,-0.00075423,-0.00075423,-0.00075423,-1.3674e-05,-0.00089746,8.2671,-0.0079692,0.0037807,0.00044162,-0.00073138,-0.003698,0.0017342,0.002781,-0.0011997,0.0041863,0.0015005,-0.00095162,-0.0028204,0.00061135,-0.0036679,0.0040075,0.00033767,10000,-0.011936,-0.0058203,0.0043829,-0.0098212,-0.00037683,-0.00037683,-0.00037683,-0.00010374,0.0038246,4.7527,0.015577,0.011898,0.0074198,0.0097616,0.0052059,0.010939,-0.00076216,-0.0040104,-0.0046118,0.003019,0.0092144,0.00051025,-0.0042826,0.00020551,0.016786,-0.016136,-0.00026004,-0.016216,0.017189,-0.0026342,0.013881,-0.0014449,-0.0014449,-0.0014449,0.0032169,-0.0010291,-5.9577,-0.0052457,0.008693
0.017024,0.017798,-0.00046255,-0.00083887,-0.0011153,0.02025,-2.4168e-05,0.0039682,0.018107,0.00016267,-0.0016853,-0.00021948,-0.00061256,-0.0044232,0.011686,-0.00246,0.012026,-0.0044571,-0.0002575,-0.00070661,-0.00070661,-0.00070661,-1.4455e-05,-0.0007744,7.7572,-0.0077362,0.0034427,0.00065009,-0.00044453,-0.0034552,0.0016087,0.0025985,-0.00087652,0.003926,0.0014039,-0.00065188,-0.0026012,0.00057037,-0.0034964,0.0037806,0.00038711,-0.011936,10000,-0.0055103,0.0041459,-0.0091033,-0.00037736,-0.00037736,-0.00037736,-7.3165e-05,0.0036109,4.4816,0.014418,0.011289,0.0070008,0.0092091,0.0048943,0.010321,-0.00071928,-0.0037723,-0.004312,0.0028308,0.0086881,0.00044613,-0.0040357,0.0001957,0.015728,-0.0151,-0.00025963,-0.015175,0.016109,-0.0025049,0.012988,-0.0013487,-0.0013487,-0.0013487,0.003012,-0.00088151,-5.6949,-0.0053467,0.0084053
0.0041965,0.0043568,-0.00016269,-0.0002851,-0.001081,0.0056626,-0.00013348,0.0005652,0.0048507,-3.1913e-05,0.00020681,-0.00066304,0.00063821,-0.0010776,0.0010955,-0.0014654,0.0012586,-0.000962,-0.00051225,-0.00023034,-0.00023034,-0.00023034,-3.9481e-05,0.0011512,2.7849,-0.0082337,-0.00097713,0.0052085,0.0049431,-0.00092857,0.00018715,0.00070082,0.0049442,0.0013661,0.00041748,0.004854,2.2474e-05,0.00013577,-0.0024112,0.0017853,0.001622,-0.0058203,-0.0055103,10000,0.0021924,-0.00090005,-0.00063722,-0.00063722,-0.00063722,0.00048405,0.0017629,2.0722,0.001,0.0067021,0.0033277,0.0043511,0.0019573,0.0048985,-0.00034534,-0.0015507,-0.0012233,0.00097457,0.0040067,-0.00052904,-0.0018131,0.00013066,0.0051604,-0.0045598,-0.00042312,-0.0045776,0.0053469,-0.0015986,0.0038887,-0.00033393,-0.00033393,-0.00033393,0.00094352,0.0014599,-4.2517,-0.01088,0.0082612
-0.004121,-0.0042926,0.00013723,0.00024371,0.00068827,-0.0052501,7.2024e-05,-0.00074628,-0.0045841,-2.0083e-06,8.5056e-05,0.00036913,-0.00026126,0.0010641,-0.0019025,0.0010412,-0.0020259,0.001008,0.00029522,0.00020019,0.00020019,0.00020019,2.2138e-05,-0.00050902,-2.3307,0.0051559,0.00011407,-0.0027771,-0.0025144,0.00087628,-0.00028076,-0.00066031,-0.0024657,-0.0011571,-0.0003769,-0.0024445,0.00028526,-0.00013557,0.0016504,-0.001358,-0.00088591,0.0043829,0.0041459,0.0021924,10000,0.0015062,0.00037375,0.00037375,0.00037375,-0.00024284,-0.001327,-1.5869,-0.0021648,-0.0047666,-0.002526,-0.0033092,-0.0015744,-0.0037201,0.00026132,0.0012353,0.001127,-0.00082888,-0.003071,0.00022361,0.0014016,-9.0146e-05,-0.0044733,0.0040899,0.00024921,0.0041077,-0.0046135,0.0011155,-0.0035006,0.00032724,0.00032724,0.00032724,-0.00083345,-0.00065698,2.8564,0.0062564,-0.0052465
