725.07,561.97,733.33,655.82,14.288,428.86,898.03,1071.5,642.65,75.765
391.51,351.35,549.02,600.29,12.415,414.85,855.02,1039.9,624.56,58.524
1143,847.93,850.98,732.76,15.268,448.33,964.55,1088.2,657.87,87.951
0.021033,0.010903,-0.014235,0.10641,0.0033333,0.037202,-0.075993,0.031397,-0.0058029,0.027364
0.010903,0.072376,-0.015768,0.18934,-0.0019842,0.0049199,0.15198,0.061874,0.056957,-0.026576
-0.014235,-0.015768,0.034255,-0.13968,-0.0015737,0.064165,0.049883,0.075354,0.011174,0.025532
0.10641,0.18934,-0.13968,0.92767,-0.00020019,0.0043717,-0.01554,-0.0051419,-0.0095167,0.0062524
0.0033333,-0.0019842,-0.0015737,-0.00020019,0.99998,-1.09e-05,0.00065566,0.00014524,0.00015611,-0.00010621
0.037202,0.0049199,0.064165,0.0043717,-1.09e-05,0.99437,-0.0011666,-0.0064103,-0.00078338,-0.0025728
-0.075993,0.15198,0.049883,-0.01554,0.00065566,-0.0011666,0.96705,-0.011403,-0.010236,0.0051221
0.031397,0.061874,0.075354,-0.0051419,0.00014524,-0.0064103,-0.011403,0.98917,-0.004417,-0.0010721
-0.0058029,0.056957,0.011174,-0.0095167,0.00015611,-0.00078338,-0.010236,-0.004417,0.99637,0.0015011
0.027364,-0.026576,0.025532,0.0062524,-0.00010621,-0.0025728,0.0051221,-0.0010721,0.0015011,0.99781
32.297,32.297,32.297,32.297,32.297,32.297,32.297,32.297,32.297,32.297
