309.68,240.41,79.609,164.42,131.98,185.09,164.89,151.44,180.88,219.24,926.69,66.345,924.79,220.88,86.964,83.957,63.415,992.62,-889.48,1074.8,1074.8,1074.8,8.6267,25.298,-29668,9.5476,-151.47
202.41,172.42,-181.47,52.986,58.8,32.945,49.624,23.752,20.975,14.618,647.72,20.747,645.08,22.797,2.5969,5.3622,8.0549,985.15,-1537,501.44,501.44,501.44,0.01273,-101.74,-2.9314e+05,-260.09,-564.71
469.54,420.8,420.15,409.88,180.28,452.48,301.27,270.46,434.63,757.49,998.19,95.709,996.84,761.84,142.54,149.44,153.08,999.74,-485.66,1511.8,1511.8,1511.8,68.845,173.65,2.2753e+05,277.11,200
0.91414,-0.022237,-0.13023,0.071991,-0.014788,-0.030264,-0.084385,0.12472,-0.037772,-0.071797,0.0061173,0.036558,0.0079691,-0.075288,0.0010712,0.012731,0.023753,0.00064788,0.0053545,-0.0667,-0.0667,-0.0667,-0.010735,0.050232,9.6183e-05,0.012465,-0.037902
-0.022237,0.89038,-0.08925,-0.14613,0.00080791,0.12552,-0.12645,-0.050956,0.1021,-0.060351,-0.0062542,0.032854,-0.0094588,-0.051017,0.017269,0.065328,-0.021914,-0.001356,0.0293,-0.026766,-0.026766,-0.026766,-0.030712,0.061296,2.0254e-05,0.044906,-0.028103
-0.13023,-0.08925,0.555,-0.029779,0.013766,-0.010509,-0.18126,0.099321,-0.022122,-0.017684,-0.022185,0.034,-0.021624,-0.012872,-0.039829,0.020053,-0.033495,0.0043902,-0.24148,-0.078786,-0.078786,-0.078786,-0.037711,0.076612,0.00024908,0.0054214,-0.29607
0.071991,-0.14613,-0.029779,0.59952,0.065303,0.16962,-0.04187,-0.33525,0.14836,-0.033904,0.02261,-0.051662,0.014654,-0.012094,-0.020153,0.044203,-0.11995,0.0017067,-0.0212,-0.02684,-0.02684,-0.02684,-0.03804,-0.05476,3.7959e-05,0.10657,-0.059612
-0.014788,0.00080791,0.013766,0.065303,0.96602,0.025405,-0.040411,0.082196,0.019759,0.012951,-0.026927,0.041188,-0.026123,0.0094904,0.034516,0.029926,0.042427,-0.0030657,0.0071888,0.020158,0.020158,0.020158,0.003022,0.07123,-0.00011681,0.013373,0.070222
-0.030264,0.12552,-0.010509,0.16962,0.025405,0.75797,0.15242,0.065343,-0.21294,-0.011615,0.053349,-0.066269,0.058241,-0.024283,-0.055127,-0.10921,0.00079877,0.0058423,-0.10562,-0.063803,-0.063803,-0.063803,0.030756,-0.11448,3.7538e-05,0.017996,-0.017248
-0.084385,-0.12645,-0.18126,-0.04187,-0.040411,0.15242,0.76902,0.1093,0.12055,-0.055435,-0.045964,0.10004,-0.047452,-0.049859,0.04534,0.10364,0.028927,-0.0038546,0.045873,-0.02835,-0.02835,-0.02835,-0.037392,0.16423,0.00011821,0.0099305,-0.044338
0.12472,-0.050956,0.099321,-0.33525,0.082196,0.065343,0.1093,0.62643,0.066346,0.013963,0.044847,-0.10788,0.038491,0.030291,-0.043677,-0.022965,-0.12451,0.0035797,-0.043864,0.003805,0.003805,0.003805,-0.0099396,-0.14978,-8.6462e-05,0.083569,-0.020862
-0.037772,0.1021,-0.022122,0.14836,0.019759,-0.21294,0.12055,0.066346,0.80964,-0.032669,0.052255,-0.053029,0.056585,-0.04411,-0.044077,-0.089752,0.0041012,0.0049832,-0.10088,-0.065815,-0.065815,-0.065815,0.024969,-0.089507,4.0678e-05,0.038644,-0.001037
-0.071797,-0.060351,-0.017684,-0.033904,0.012951,-0.011615,-0.055435,0.013963,-0.032669,0.59384,0.16621,0.0067069,0.16588,-0.40508,0.006657,0.019812,0.0055378,0.0012362,0.048441,0.028566,0.028566,0.028566,-0.023169,-0.0089721,-7.4212e-05,0.027939,0.018868
0.0061173,-0.0062542,-0.022185,0.02261,-0.026927,0.053349,-0.045964,0.044847,0.052255,0.16621,0.90714,0.035412,-0.092891,0.166,0.020692,0.027825,0.018763,-0.0025844,0.010326,-0.021398,-0.021398,-0.021398,0.0018059,0.066327,-3.1528e-06,-0.00041029,0.014676
0.036558,0.032854,0.034,-0.051662,0.041188,-0.066269,0.10004,-0.10788,-0.053029,0.0067069,0.035412,0.93488,0.035036,0.0081663,-0.041512,-0.053867,-0.046362,0.0037338,-0.03697,-0.014077,-0.014077,-0.014077,0.0079419,-0.10537,5.2689e-05,0.0042693,-0.039329
0.0079691,-0.0094588,-0.021624,0.014654,-0.026123,0.058241,-0.047452,0.038491,0.056585,0.16588,-0.092891,0.035036,0.9069,0.16613,0.020966,0.02945,0.016879,-0.0026204,0.010742,-0.020707,-0.020707,-0.020707,0.0010288,0.066321,-1.1561e-05,0.0012127,0.014507
-0.075288,-0.051017,-0.012872,-0.012094,0.0094904,-0.024283,-0.049859,0.030291,-0.04411,-0.40508,0.166,0.0081663,0.16613,0.59458,0.0082942,0.016651,0.012239,0.0011478,0.045321,0.02739,0.02739,0.02739,-0.020362,-0.0068212,-6.6835e-05,0.030715,0.03028
0.0010712,0.017269,-0.039829,-0.020153,0.034516,-0.055127,0.04534,-0.043677,-0.044077,0.006657,0.020692,-0.041512,0.020966,0.0082942,0.95325,-0.045626,-0.038994,0.0040209,0.0042002,-0.031964,-0.031964,-0.031964,-0.00051779,-0.081364,0.00029288,-0.054261,-0.11471
0.012731,0.065328,0.020053,0.044203,0.029926,-0.10921,0.10364,-0.022965,-0.089752,0.019812,0.027825,-0.053867,0.02945,0.016651,-0.045626,0.93089,-0.023352,0.0040112,-0.013503,-0.019165,-0.019165,-0.019165,0.014589,-0.10056,0.00020548,-0.045754,-0.061933
0.023753,-0.021914,-0.033495,-0.11995,0.042427,0.00079877,0.028927,-0.12451,0.0041012,0.0055378,0.018763,-0.046362,0.016879,0.012239,-0.038994,-0.023352,0.93966,0.0033518,-0.01683,-0.028365,-0.028365,-0.028365,-0.0087407,-0.074587,0.00013987,-0.0035533,-0.092602
0.00064788,-0.001356,0.0043902,0.0017067,-0.0030657,0.0058423,-0.0038546,0.0035797,0.0049832,0.0012362,-0.0025844,0.0037338,-0.0026204,0.0011478,0.0040209,0.0040112,0.0033518,0.99963,0.0013521,0.0036796,0.0036796,0.0036796,6.975e-05,0.0069511,-2.2744e-05,0.0024455,0.0088523
0.0053545,0.0293,-0.24148,-0.0212,0.0071888,-0.10562,0.045873,-0.043864,-0.10088,0.048441,0.010326,-0.03697,0.010742,0.045321,0.0042002,-0.013503,-0.01683,0.0013521,0.28822,0.12742,0.12742,0.12742,0.012669,0.062042,-0.00023921,0.24666,-0.0053718
-0.0667,-0.026766,-0.078786,-0.02684,0.020158,-0.063803,-0.02835,0.003805,-0.065815,0.028566,-0.021398,-0.014077,-0.020707,0.02739,-0.031964,-0.019165,-0.028365,0.0036796,0.12742,0.7439,-0.2561,-0.2561,-0.0080006,-0.037933,-0.00015917,0.12124,0.01798
-0.0667,-0.026766,-0.078786,-0.02684,0.020158,-0.063803,-0.02835,0.003805,-0.065815,0.028566,-0.021398,-0.014077,-0.020707,0.02739,-0.031964,-0.019165,-0.028365,0.0036796,0.12742,-0.2561,0.7439,-0.2561,-0.0080006,-0.037933,-0.00015917,0.12124,0.01798
-0.0667,-0.026766,-0.078786,-0.02684,0.020158,-0.063803,-0.02835,0.003805,-0.065815,0.028566,-0.021398,-0.014077,-0.020707,0.02739,-0.031964,-0.019165,-0.028365,0.0036796,0.12742,-0.2561,-0.2561,0.7439,-0.0080006,-0.037933,-0.00015917,0.12124,0.01798
-0.010735,-0.030712,-0.037711,-0.03804,0.003022,0.030756,-0.037392,-0.0099396,0.024969,-0.023169,0.0018059,0.0079419,0.0010288,-0.020362,-0.00051779,0.014589,-0.0087407,6.975e-05,0.012669,-0.0080006,-0.0080006,-0.0080006,0.99014,0.011472,5.8288e-05,-0.003712,-0.030907
0.050232,0.061296,0.076612,-0.05476,0.07123,-0.11448,0.16423,-0.14978,-0.089507,-0.0089721,0.066327,-0.10537,0.066321,-0.0068212,-0.081364,-0.10056,-0.074587,0.0069511,0.062042,-0.037933,-0.037933,-0.037933,0.011472,0.80023,0.00011088,-0.077212,-0.11154
9.6183e-05,2.0254e-05,0.00024908,3.7959e-05,-0.00011681,3.7538e-05,0.00011821,-8.6462e-05,4.0678e-05,-7.4212e-05,-3.1528e-06,5.2689e-05,-1.1561e-05,-6.6835e-05,0.00029288,0.00020548,0.00013987,-2.2744e-05,-0.00023921,-0.00015917,-0.00015917,-0.00015917,5.8288e-05,0.00011088,5.0679e-07,-0.00018676,-0.000225
0.012465,0.044906,0.0054214,0.10657,0.013373,0.017996,0.0099305,0.083569,0.038644,0.027939,-0.00041029,0.0042693,0.0012127,0.030715,-0.054261,-0.045754,-0.0035533,0.0024455,0.24666,0.12124,0.12124,0.12124,-0.003712,-0.077212,-0.00018676,0.56914,-0.32381
-0.037902,-0.028103,-0.29607,-0.059612,0.070222,-0.017248,-0.044338,-0.020862,-0.001037,0.018868,0.014676,-0.039329,0.014507,0.03028,-0.11471,-0.061933,-0.092602,0.0088523,-0.0053718,0.01798,0.01798,0.01798,-0.030907,-0.11154,-0.000225,-0.32381,0.47216
88.851,88.851,88.851,88.851,88.851,88.851,88.851,88.851,88.851,88.851,88.851,88.851,88.851,88.851,88.851,88.851,88.851,88.851,88.851,88.851,88.851,88.851,88.851,88.851,88.851,88.851,88.851
