181.4,0.70139,0.6465,0.012478,0.40965,0.19921,0.50783,0.21189,0.36494
21.136,0.46569,0.36471,0.0072295,0.29666,0.058953,0.2716,0.126,0.23427
333.39,0.94624,0.80784,0.025796,0.60502,0.39148,0.88576,0.3006,0.56202
0.00022707,-0.11782,-0.17288,0.0054688,0.060364,-0.050381,-0.024104,0.11964,0.044319
-0.11782,336.47,394.82,3.381,17.973,130.1,95.014,90.129,-127.46
-0.17288,394.82,522.26,2.2112,13.565,127.58,133.81,88.533,-170.19
0.0054688,3.381,2.2112,997.14,-45.924,2.8217,6.8048,-14.576,2.9451
0.060364,17.973,13.565,-45.924,213.07,97.408,-11.519,-169.59,-77.326
-0.050381,130.1,127.58,2.8217,97.408,411.09,-106.88,-245.32,-154.75
-0.024104,95.014,133.81,6.8048,-11.519,-106.88,115,100.87,3.4093
0.11964,90.129,88.533,-14.576,-169.59,-245.32,100.87,773.36,78.758
0.044319,-127.46,-170.19,2.9451,-77.326,-154.75,3.4093,78.758,154.83
