739.01,576.4,785.06,784.08,0.095579,52.293,743.14,768.63,716.34,69.134,236.69,92.652,988.99
79.472,173.91,419.61,210.71,0.017144,29.522,644.23,661.26,627.4,37.643,144.98,55.658,924.54
1335.9,951.22,992.16,3014.5,0.37085,92.735,949.92,975.05,919.7,168.39,409.57,201.83,999.79
1.0947e-05,-2.0176e-06,-9.5849e-06,-9.5006e-07,-1.1837e-05,-3.0744e-06,3.7739e-05,-2.4882e-05,-2.1247e-05,0.00016083,-2.5594e-05,-0.00011024,5.2722e-05
-2.0176e-06,2.5012e-05,7.5751e-06,3.1729e-06,-3.7365e-05,-4.3193e-06,8.9523e-05,-3.3282e-05,-2.8714e-05,-1.8105e-05,-5.1888e-05,9.9093e-05,-2.5445e-05
-9.5849e-06,7.5751e-06,7.4458e-05,1.0225e-05,1.4693e-05,-0.00017448,-0.00010783,1.3829e-05,0.00018789,0.00024692,-0.00014924,2.2992e-05,-0.0003431
-9.5006e-07,3.1729e-06,1.0225e-05,4.3083e-06,1.581e-06,-5.9871e-05,-0.00018744,7.577e-05,0.00013575,5.6115e-05,-2.6755e-05,-5.8752e-06,-9.2356e-05
-1.1837e-05,-3.7365e-05,1.4693e-05,1.581e-06,0.99932,-0.0022946,0.005736,-0.0040353,-0.0017383,-0.0013201,0.00055697,0.00031508,0.0016866
-3.0744e-06,-4.3193e-06,-0.00017448,-5.9871e-05,-0.0022946,0.33752,-0.0031155,-0.32989,0.33258,-0.0015871,0.00064767,9.5121e-06,0.004654
3.7739e-05,8.9523e-05,-0.00010783,-0.00018744,0.005736,-0.0031155,0.13893,-0.07251,-0.069424,-0.024882,0.0064121,0.015032,-0.0037695
-2.4882e-05,-3.3282e-05,1.3829e-05,7.577e-05,-0.0040353,-0.32989,-0.07251,0.37204,-0.29806,0.012414,-0.0031727,-0.0077844,0.00391
-2.1247e-05,-2.8714e-05,0.00018789,0.00013575,-0.0017383,0.33258,-0.069424,-0.29806,0.36938,0.014023,-0.00383,-0.0078051,-0.00073703
0.00016083,-1.8105e-05,0.00024692,5.6115e-05,-0.0013201,-0.0015871,-0.024882,0.012414,0.014023,0.048222,-0.016543,-0.027089,0.0010546
-2.5594e-05,-5.1888e-05,-0.00014924,-2.6755e-05,0.00055697,0.00064767,0.0064121,-0.0031727,-0.00383,-0.016543,0.006536,0.0087068,-0.00081103
-0.00011024,9.9093e-05,2.2992e-05,-5.8752e-06,0.00031508,9.5121e-06,0.015032,-0.0077844,-0.0078051,-0.027089,0.0087068,0.016694,-0.0017265
5.2722e-05,-2.5445e-05,-0.0003431,-9.2356e-05,0.0016866,0.004654,-0.0037695,0.00391,-0.00073703,0.0010546,-0.00081103,-0.0017265,0.010156
85.306,85.306,85.306,85.306,85.306,85.306,85.306,85.306,85.306,85.306,85.306,85.306,85.306
