309.38,205.16,74.174,-218.03,349.78,349.78,349.78,1.0886,-208.13
1206.3,1197.1,288.51,-34.363,468.13,468.13,468.13,885.86,433.93
0.065824,-0.055749,-0.032457,0.015237,-0.00032985,-0.00032985,-0.00032985,-0.0074935,0.0019119
-0.055749,0.047324,0.02773,-0.013299,0.00020535,0.00020535,0.00020535,0.0062158,-0.0016905
-0.032457,0.02773,0.02012,-0.014006,-0.00069419,-0.00069419,-0.00069419,0.0032621,-0.0021353
0.015237,-0.013299,-0.014006,0.015605,0.0015327,0.0015327,0.0015327,-0.0009289,0.0028763
-0.00032985,0.00020535,-0.00069419,0.0015327,0.66725,-0.33275,-0.33275,0.00026675,0.00044538
-0.00032985,0.00020535,-0.00069419,0.0015327,-0.33275,0.66725,-0.33275,0.00026675,0.00044538
-0.00032985,0.00020535,-0.00069419,0.0015327,-0.33275,-0.33275,0.66725,0.00026675,0.00044538
-0.0074935,0.0062158,0.0032621,-0.0009289,0.00026675,0.00026675,0.00026675,0.0010657,-2.4768e-05
0.0019119,-0.0016905,-0.0021353,0.0028763,0.00044538,0.00044538,0.00044538,-2.4768e-05,0.00064558
52.037,52.037,52.037,52.037,52.037,52.037,52.037,52.037,52.037
599.47,551.63,204.07,-69.354,434.75,434.75,434.75,159.77,-18.195
1,1,1,1,1,1,1,1,1
