182.41,0.63186,0.7703,0.14271,0.084124,1.0866,0.95766,1.3721,0.28548,0.20856,0.95042,0.45223,0.0567
4.2581,0.018779,0.24706,0.029112,0.0078362,0.43561,0.37073,0.5803,-0.13891,0.019915,0.27554,0.075778,0.00065546
358.61,0.98312,0.99608,2.7029,0.23716,1.7473,1.3011,1.6795,0.89634,0.80101,1.844,0.89087,0.31251
0.00013739,-0.00089466,0.020194,0.00021892,-0.078824,0.0031663,0.033711,-0.015312,-0.018426,0.0084936,-0.00039944,0.021891,0.0049607
-0.00089466,19.912,-3.6457,-1.4493,-10.299,3.6374,-9.657,7.4887,3.869,9.4747,-0.37742,-2.5753,-5.7247
0.020194,-3.6457,37.669,4.4082,-10.374,0.78302,17.335,-9.4737,-10.236,0.45712,0.6011,-2.9534,8.5984
0.00021892,-1.4493,4.4082,14.579,-3.9589,1.6905,20.244,-6.4734,-8.1577,11.473,-4.0282,-12.787,-19.348
-0.078824,-10.299,-10.374,-3.9589,1591.1,-171.97,156.7,-153.86,18.048,5.1656,-4.897,3.8835,155.5
0.0031663,3.6374,0.78302,1.6905,-171.97,3364.5,-28.283,-3302.9,3332.6,14.906,-1.5514,-33.152,-39.171
0.033711,-9.657,17.335,20.244,156.7,-28.283,197.48,-105.87,-77.625,12.756,-17.214,1.2065,25.915
-0.015312,7.4887,-9.4737,-6.4734,-153.86,-3302.9,-105.87,3405.6,-3291.4,5.2979,4.5954,-18.74,-44.256
-0.018426,3.869,-10.236,-8.1577,18.048,3332.6,-77.625,-3291.4,3376,-9.6536,6.1517,14.447,-5.1322
0.0084936,9.4747,0.45712,11.473,5.1656,14.906,12.756,5.2979,-9.6536,272.01,-69.046,-90.925,-270.23
-0.00039944,-0.37742,0.6011,-4.0282,-4.897,-1.5514,-17.214,4.5954,6.1517,-69.046,30.33,8.8069,67.742
0.021891,-2.5753,-2.9534,-12.787,3.8835,-33.152,1.2065,-18.74,14.447,-90.925,8.8069,149.6,109.32
0.0049607,-5.7247,8.5984,-19.348,155.5,-39.171,25.915,-44.256,-5.1322,-270.23,67.742,109.32,604.43
