928.29,339.42,300.53,1272.9,7.2817,314.93,733.36,857.12,542.19,51.851,228.92,132.63,461.01
87.891,100.92,113.72,214.36,0.020078,25.654,479.89,632.49,242.16,2.7936,90.02,31.273,38.654
1381.4,714.29,662.75,4254.4,16.272,583.72,1137.8,1151.5,1086.3,365.02,586.12,278.62,991.91
2.5782e-05,-1.719e-05,-1.3739e-05,-1.212e-06,0.00098082,-9.2281e-06,0.00010307,-5.6895e-05,-4.6897e-05,5.7784e-05,-1.5496e-05,-6.9136e-06,8.9122e-06
-1.719e-05,7.1489e-05,5.8431e-07,-4.5137e-06,0.001218,-5.4777e-05,0.00015553,-0.00010119,-4.5977e-05,1.581e-05,-2.9098e-05,4.5265e-05,-1.3795e-05
-1.3739e-05,5.8431e-07,0.00010137,7.7669e-06,-0.00042934,4.0147e-05,-0.00013322,8.1015e-05,3.9806e-05,2.6903e-05,-3.0204e-05,-2.6972e-05,-1.1927e-06
-1.212e-06,-4.5137e-06,7.7669e-06,4.2542e-06,-0.00012387,8.5528e-06,-5.5604e-05,2.8362e-05,1.9041e-05,1.2087e-06,-8.8726e-06,-2.7666e-06,2.5798e-06
0.00098082,0.001218,-0.00042934,-0.00012387,0.57399,-0.01342,0.033739,-0.02371,-0.010106,0.018477,-0.01272,0.00049321,-0.0011032
-9.2281e-06,-5.4777e-05,4.0147e-05,8.5528e-06,-0.01342,0.33403,-0.0014058,-0.33227,0.3337,-0.00022113,9.5275e-05,-0.00067415,0.00014342
0.00010307,0.00015553,-0.00013322,-5.5604e-05,0.033739,-0.0014058,0.0058474,-0.0035894,-0.0021865,0.0014297,-0.00068378,0.00096038,-0.00022571
-5.6895e-05,-0.00010119,8.1015e-05,2.8362e-05,-0.02371,-0.33227,-0.0035894,0.33567,-0.33205,-0.0007415,0.00037205,-0.00087645,0.00017407
-4.6897e-05,-4.5977e-05,3.9806e-05,1.9041e-05,-0.010106,0.3337,-0.0021865,-0.33205,0.33425,-0.00049968,0.00026969,-0.0002228,3.1262e-05
5.7784e-05,1.581e-05,2.6903e-05,1.2087e-06,0.018477,-0.00022113,0.0014297,-0.0007415,-0.00049968,0.0041143,-0.0024595,-0.0012863,-0.00025817
-1.5496e-05,-2.9098e-05,-3.0204e-05,-8.8726e-06,-0.01272,9.5275e-05,-0.00068378,0.00037205,0.00026969,-0.0024595,0.0018307,0.0006726,0.00011752
-6.9136e-06,4.5265e-05,-2.6972e-05,-2.7666e-06,0.00049321,-0.00067415,0.00096038,-0.00087645,-0.0002228,-0.0012863,0.0006726,0.0018863,-6.4511e-05
8.9122e-06,-1.3795e-05,-1.1927e-06,2.5798e-06,-0.0011032,0.00014342,-0.00022571,0.00017407,3.1262e-05,-0.00025817,0.00011752,-6.4511e-05,8.8055e-05
100.18,100.18,100.18,100.18,100.18,100.18,100.18,100.18,100.18,100.18,100.18,100.18,100.18
