380.43,345.12,144.7,151.46,148.54,293.37,170.92,115.24,273.06,21.598,835.75,366.48,887.32,127.46,195.15,257.6,312.96,754.42,-52.962,462.28,462.28,462.28,0.16729,-62.966,31561,-22.127,41.872
131.41,68.427,38.675,47.26,4.391,62.415,63.198,1.7056,0.52688,0.44469,5.8819,64.217,1.2919,1.4661,9.7552,10.148,24.831,6.3498,-281.5,227.32,227.32,227.32,0.0035434,-284.72,-2.2703e+05,-733.33,-294.12
997.22,922.7,378.26,368.5,397.97,855.32,292.26,841.57,766.14,101.33,997.81,999.93,999.85,954.87,980.08,999.67,996.71,996.7,16.693,804.11,804.11,804.11,4.2396,207.28,3.0519e+05,775.6,486.27
0.13209,-0.12296,-0.038975,-0.025497,-0.0047931,-0.0074366,0.011628,0.012511,0.010151,-0.013683,-0.011254,0.011691,-0.017028,0.0038031,0.01801,-0.020186,-0.0057378,0.017718,2.8255e-05,0.00015027,0.00015027,0.00015027,-0.0083338,-0.00037356,-7.3307e-07,3.4961e-05,-0.00025977
-0.12296,0.12364,0.039331,0.024605,0.0033758,0.0045745,-0.016154,-0.0159,-0.015798,0.016489,0.017216,-0.0036442,0.02367,-0.00929,-0.022085,0.025292,-0.0013392,-0.022791,-0.00090757,0.00013265,0.00013265,0.00013265,0.0057984,-0.0010209,8.3181e-07,-0.00021114,0.00011397
-0.038975,0.039331,0.027928,-0.0026835,0.0010997,0.0029914,-0.0036334,-0.0064401,-0.0065973,0.0074014,0.017462,0.0057302,0.019575,-0.0046761,-0.013708,0.01382,-0.0082767,-0.018446,-0.0025334,-0.00019095,-0.00019095,-0.00019095,0.0016278,-0.0010321,1.0379e-07,0.00028049,0.00098648
-0.025497,0.024605,-0.0026835,0.025856,0.0064727,0.010712,-0.01082,-0.011566,-0.013202,0.00062335,0.0081786,0.0031195,0.013211,-0.0080938,-0.0112,0.013609,-0.0057208,-0.010792,0.0018824,0.00019027,0.00019027,0.00019027,-0.0082711,-0.0015194,1.0868e-06,0.0002208,-9.3701e-05
-0.0047931,0.0033758,0.0010997,0.0064727,0.004212,0.0065477,-0.0047152,-0.0052615,-0.0061114,-0.00020833,0.003098,0.0010879,0.0049448,-0.0029654,-0.0044802,0.0052936,-0.0023624,-0.0040155,2.5056e-05,0.00011277,0.00011277,0.00011277,-0.006184,-0.00074301,3.319e-07,0.00016401,0.00026107
-0.0074366,0.0045745,0.0029914,0.010712,0.0065477,0.012214,-0.0067571,-0.0093648,-0.010849,-0.00062616,0.010245,0.0048545,0.013842,-0.0056678,-0.010087,0.011334,-0.0072424,-0.011546,9.4373e-05,0.00017515,0.00017515,0.00017515,-0.0077632,-0.0013988,6.7589e-07,0.000434,0.00060148
0.011628,-0.016154,-0.0036334,-0.01082,-0.0047152,-0.0067571,0.01184,0.010127,0.012748,-0.0019841,-0.0052696,-0.0029743,-0.0081563,0.0072057,0.0083458,-0.010413,0.0041341,0.0065326,0.00059138,-0.00038419,-0.00038419,-0.00038419,0.0087803,0.0021936,-6.0671e-07,5.7503e-05,-7.8253e-05
0.012511,-0.0159,-0.0064401,-0.011566,-0.0052615,-0.0093648,0.010127,0.011881,0.014326,-0.0023805,-0.013661,-0.0084723,-0.018026,0.0089532,0.012965,-0.014968,0.010584,0.014995,0.00053266,-0.00030505,-0.00030505,-0.00030505,0.0076846,0.0020916,-7.6997e-07,-0.00027357,-0.00044727
0.010151,-0.015798,-0.0065973,-0.013202,-0.0061114,-0.010849,0.012748,0.014326,0.017962,-0.0030749,-0.017259,-0.011769,-0.022216,0.011534,0.015956,-0.018401,0.013916,0.01837,0.00070207,-0.00043277,-0.00043277,-0.00043277,0.010645,0.0028485,-8.7034e-07,-0.00027352,-0.00051257
-0.013683,0.016489,0.0074014,0.00062335,-0.00020833,-0.00062616,-0.0019841,-0.0023805,-0.0030749,0.007758,0.0093779,0.0078385,0.010322,-0.005816,-0.0070552,0.0080303,-0.0075975,-0.008916,-0.00034143,0.00011085,0.00011085,0.00011085,0.0042021,-0.0005089,-3.7496e-08,-2.1352e-05,6.1219e-06
-0.011254,0.017216,0.017462,0.0081786,0.003098,0.010245,-0.0052696,-0.013661,-0.017259,0.0093779,0.059862,0.040809,0.065757,-0.022688,-0.039973,0.041459,-0.043647,-0.058122,-0.00086994,7.3127e-05,7.3127e-05,7.3127e-05,0.019905,-0.0036829,7.1163e-07,0.0010421,0.0016645
0.011691,-0.0036442,0.0057302,0.0031195,0.0010879,0.0048545,-0.0029743,-0.0084723,-0.011769,0.0078385,0.040809,0.036659,0.045163,-0.018849,-0.024622,0.026291,-0.036775,-0.038297,-0.00085282,0.00020608,0.00020608,0.00020608,0.024686,-0.0027282,2.2146e-07,0.00058402,0.00078214
-0.017028,0.02367,0.019575,0.013211,0.0049448,0.013842,-0.0081563,-0.018026,-0.022216,0.010322,0.065757,0.045163,0.07416,-0.025955,-0.044595,0.046928,-0.049105,-0.064852,-0.0008827,0.00016354,0.00016354,0.00016354,0.026371,-0.00414,1.0391e-06,0.0012163,0.0018241
0.0038031,-0.00929,-0.0046761,-0.0080938,-0.0029654,-0.0056678,0.0072057,0.0089532,0.011534,-0.005816,-0.022688,-0.018849,-0.025955,0.01473,0.018187,-0.020623,0.01919,0.021931,0.00073447,-0.00022783,-0.00022783,-0.00022783,-0.0028135,0.0024536,-5.0174e-07,-0.00032832,-0.00032782
0.01801,-0.022085,-0.013708,-0.0112,-0.0044802,-0.010087,0.0083458,0.012965,0.015956,-0.0070552,-0.039973,-0.024622,-0.044595,0.018187,0.030994,-0.03311,0.027116,0.039525,0.00072531,-0.00012355,-0.00012355,-0.00012355,-0.0027595,0.003248,-8.3129e-07,-0.00074868,-0.001112
-0.020186,0.025292,0.01382,0.013609,0.0052936,0.011334,-0.010413,-0.014968,-0.018401,0.0080303,0.041459,0.026291,0.046928,-0.020623,-0.03311,0.036051,-0.028783,-0.041143,-0.00087318,0.00021237,0.00021237,0.00021237,0.0035558,-0.0035811,9.8985e-07,0.00076017,0.0010474
-0.0057378,-0.0013392,-0.0082767,-0.0057208,-0.0023624,-0.0072424,0.0041341,0.010584,0.013916,-0.0075975,-0.043647,-0.036775,-0.049105,0.01919,0.027116,-0.028783,0.03805,0.041897,0.00075822,-0.00018941,-0.00018941,-0.00018941,-0.02349,0.0028756,-3.9391e-07,-0.00073282,-0.0010217
0.017718,-0.022791,-0.018446,-0.010792,-0.0040155,-0.011546,0.0065326,0.014995,0.01837,-0.008916,-0.058122,-0.038297,-0.064852,0.021931,0.039525,-0.041143,0.041897,0.057342,0.00075605,-7.9702e-05,-7.9702e-05,-7.9702e-05,-0.019265,0.003585,-8.5176e-07,-0.0010653,-0.0016818
2.8255e-05,-0.00090757,-0.0025334,0.0018824,2.5056e-05,9.4373e-05,0.00059138,0.00053266,0.00070207,-0.00034143,-0.00086994,-0.00085282,-0.0008827,0.00073447,0.00072531,-0.00087318,0.00075822,0.00075605,0.0010155,7.7637e-06,7.7637e-06,7.7637e-06,-0.00052371,0.0001894,3.4244e-08,1.8894e-05,-6.0954e-05
0.00015027,0.00013265,-0.00019095,0.00019027,0.00011277,0.00017515,-0.00038419,-0.00030505,-0.00043277,0.00011085,7.3127e-05,0.00020608,0.00016354,-0.00022783,-0.00012355,0.00021237,-0.00018941,-7.9702e-05,7.7637e-06,0.66671,-0.33329,-0.33329,-4.5784e-05,-6.579e-05,1.3049e-09,-1.1582e-05,-1.0698e-05
0.00015027,0.00013265,-0.00019095,0.00019027,0.00011277,0.00017515,-0.00038419,-0.00030505,-0.00043277,0.00011085,7.3127e-05,0.00020608,0.00016354,-0.00022783,-0.00012355,0.00021237,-0.00018941,-7.9702e-05,7.7637e-06,-0.33329,0.66671,-0.33329,-4.5784e-05,-6.579e-05,1.3049e-09,-1.1582e-05,-1.0698e-05
0.00015027,0.00013265,-0.00019095,0.00019027,0.00011277,0.00017515,-0.00038419,-0.00030505,-0.00043277,0.00011085,7.3127e-05,0.00020608,0.00016354,-0.00022783,-0.00012355,0.00021237,-0.00018941,-7.9702e-05,7.7637e-06,-0.33329,-0.33329,0.66671,-4.5784e-05,-6.579e-05,1.3049e-09,-1.1582e-05,-1.0698e-05
-0.0083338,0.0057984,0.0016278,-0.0082711,-0.006184,-0.0077632,0.0087803,0.0076846,0.010645,0.0042021,0.019905,0.024686,0.026371,-0.0028135,-0.0027595,0.0035558,-0.02349,-0.019265,-0.00052371,-4.5784e-05,-4.5784e-05,-4.5784e-05,0.99388,0.0011127,-2.774e-07,1.1381e-05,-7.6846e-05
-0.00037356,-0.0010209,-0.0010321,-0.0015194,-0.00074301,-0.0013988,0.0021936,0.0020916,0.0028485,-0.0005089,-0.0036829,-0.0027282,-0.00414,0.0024536,0.003248,-0.0035811,0.0028756,0.003585,0.0001894,-6.579e-05,-6.579e-05,-6.579e-05,0.0011127,0.00081804,-1.0725e-07,-4.2261e-05,-0.00010933
-7.3307e-07,8.3181e-07,1.0379e-07,1.0868e-06,3.319e-07,6.7589e-07,-6.0671e-07,-7.6997e-07,-8.7034e-07,-3.7496e-08,7.1163e-07,2.2146e-07,1.0391e-06,-5.0174e-07,-8.3129e-07,9.8985e-07,-3.9391e-07,-8.5176e-07,3.4244e-08,1.3049e-09,1.3049e-09,1.3049e-09,-2.774e-07,-1.0725e-07,1.4703e-10,3.5293e-08,2.0546e-08
3.4961e-05,-0.00021114,0.00028049,0.0002208,0.00016401,0.000434,5.7503e-05,-0.00027357,-0.00027352,-2.1352e-05,0.0010421,0.00058402,0.0012163,-0.00032832,-0.00074868,0.00076017,-0.00073282,-0.0010653,1.8894e-05,-1.1582e-05,-1.1582e-05,-1.1582e-05,1.1381e-05,-4.2261e-05,3.5293e-08,6.1417e-05,5.4034e-05
-0.00025977,0.00011397,0.00098648,-9.3701e-05,0.00026107,0.00060148,-7.8253e-05,-0.00044727,-0.00051257,6.1219e-06,0.0016645,0.00078214,0.0018241,-0.00032782,-0.001112,0.0010474,-0.0010217,-0.0016818,-6.0954e-05,-1.0698e-05,-1.0698e-05,-1.0698e-05,-7.6846e-05,-0.00010933,2.0546e-08,5.4034e-05,0.00013738
199.43,199.43,199.43,199.43,199.43,199.43,199.43,199.43,199.43,199.43,199.43,199.43,199.43,199.43,199.43,199.43,199.43,199.43,199.43,199.43,199.43,199.43,199.43,199.43,199.43,199.43,199.43
