208.15,104.69,-176.84,91.111,97.805,142.92,173.42,89.876,51.513,23.333,991.03,105.94,543.26,76.951,706.01,712.36,67.586,538.57,-402.24,17.492,17.492,17.492,0.57529,16.465,-2.3595e+05,56.854,-101.96,269.37,188.64,-190.21,198.15,10.569,180.28,178.88,31.342,196.2,13.672,102.55,990.21,46.993,987.72,102.86,997.25,47.274,14,-438.64,8.8206,8.8206,8.8206,1.911,127.66,-40674,50.917,-233.82
127.8,78.617,-209.38,81.176,46.95,17.3,76.345,52.047,9.1679,2.8281,961.45,13.03,159.81,7.0585,213.8,214.45,33.472,154.02,-447.75,2.4704,2.4704,2.4704,0.0087546,-47.788,-3e+05,5.0167,-200,205.34,136.03,-213.4,146.48,0.2143,143.53,136.48,2.7505,149.19,1.9902,2.9465,949.85,4.9395,949.7,6.4697,984.34,4.8893,2.0225,-469.39,-3.3743,-3.3743,-3.3743,0.060939,83.256,-3.12e+05,-9.8563,-309.8
224.07,149.03,-76.744,109.13,175.42,200.61,202.03,115.6,123.22,54.319,999.41,274.93,976.66,260.89,983.27,986.81,110.05,975.98,-174.72,31.925,31.925,31.925,2.258,98.169,9000,126.26,-3.9216,338.25,266.53,-131.59,280.77,23.401,195.02,194.69,87.105,282.55,22.034,312.69,999.79,175.11,999.69,312.7,999.99,175.2,28.47,-411.66,37.301,37.301,37.301,14.062,214.4,2.8543e+05,138.01,-200
0.9522,-0.016741,0.049775,-0.0040254,-0.038354,-0.046813,-0.048649,-0.0039317,-0.03513,0.016084,-0.004588,0.050666,-0.010642,0.02378,-0.021021,-0.019517,0.031292,-0.014112,0.11581,0.00032263,0.00032263,0.00032263,-0.00044906,-0.0096893,6.3058e-05,0.0037812,0.037665,-0.029121,-0.013064,0.026836,-0.025496,-0.004381,-0.01265,-0.013849,0.012981,-0.026466,-0.010899,-0.05392,0.0014901,0.035346,-0.0041054,-0.051792,-0.005288,0.034556,-0.011661,0.0049594,0.0093977,0.0093977,0.0093977,-0.0040323,-0.020636,-5.0906e-06,0.033098,-0.034696
-0.016741,0.9732,0.005152,-0.007329,-0.0046047,-0.012568,-0.0053318,-0.0067374,-0.03398,0.014907,-0.0023132,0.03189,0.037554,0.003186,0.057793,0.056641,0.037557,0.03472,0.041322,-0.0030912,-0.0030912,-0.0030912,-0.00046806,-0.029498,2.7124e-05,0.018614,0.00097267,-0.034443,-0.03704,0.010702,-0.039012,-0.00054252,-0.0062346,-0.0049831,0.00053529,-0.040002,-0.0030471,-0.029263,0.0017197,-0.0016122,1.0061e-05,-0.028381,-0.0016019,-0.0013174,-0.0038674,-0.001457,-0.00047146,-0.00047146,-0.00047146,-0.0050959,-0.040425,-2.2462e-05,0.013115,0.011847
0.049775,0.005152,0.94095,0.00074621,0.04508,0.051125,0.057524,0.00092143,0.023993,-0.01124,0.0042478,-0.04302,0.034508,-0.02631,0.061209,0.058761,-0.016686,0.037106,-0.12031,-0.0021345,-0.0021345,-0.0021345,0.00028236,-0.004664,-7.5555e-05,0.0066446,-0.045659,0.01669,-0.0048011,-0.027396,0.009387,0.0049277,0.012488,0.014657,-0.015644,0.010046,0.011525,0.050443,-0.00091495,-0.046127,0.0051164,0.04833,0.0057197,-0.044954,0.011942,-0.0070455,-0.011779,-0.011779,-0.011779,0.0020288,0.0024242,1.3087e-06,-0.031961,0.049032
-0.0040254,-0.007329,0.00074621,0.99723,0.00024127,-0.0036489,-0.00044668,-0.0034686,-0.0071802,0.0032176,-0.0011438,0.0092279,0.0040964,0.00024154,0.019779,0.019923,0.010012,0.0032911,0.013346,-0.0012918,-0.0012918,-0.0012918,-0.0001564,-0.0099621,5.5948e-05,-0.0054702,0.00034998,-0.013997,-0.012956,0.006575,-0.014314,0.00095508,-0.0046287,-0.0036546,0.00096986,-0.015353,0.00098768,0.0022056,-0.00064776,0.0060399,-0.0014021,0.0022866,-0.00077654,0.0059891,0.0012856,0.003452,0.00012363,0.00012363,0.00012363,-0.0016481,-0.013511,-3.4099e-05,-0.0042237,0.0099322
-0.038354,-0.0046047,0.04508,0.00024127,0.95263,-0.031269,-0.044399,0.0049897,-0.030297,0.013717,0.00066632,0.0033565,-0.069368,-0.0012058,-0.022619,-0.02415,0.0048731,-0.070031,0.07989,0.0043566,0.0043566,0.0043566,-9.7992e-05,-0.0036619,0.00011902,0.025279,0.014692,-0.0060657,0.0021254,0.010453,-0.0026171,-0.0035305,-0.0046972,-0.0069298,0.0034369,-0.0012811,-0.012026,-0.083907,0.006158,0.029929,0.001835,-0.082352,-0.0040261,0.028881,-0.012668,-0.0098024,0.0059062,0.0059062,0.0059062,-0.00062326,-0.001507,0.00012586,0.02695,-0.047529
-0.046813,-0.012568,0.051125,-0.0036489,-0.031269,0.94783,-0.049541,-0.0062665,-0.024478,0.010764,-0.0060564,0.056397,0.012512,0.028082,-0.052411,-0.049216,0.02921,0.0089685,0.12211,-0.0012719,-0.0012719,-0.0012719,-0.00044352,-0.0043069,7.346e-05,-0.020429,0.046762,-0.032329,-0.01046,0.033919,-0.025843,-0.0032624,-0.017427,-0.018151,0.017196,-0.028006,-0.0071956,-0.026143,-0.0016415,0.047352,-0.0077258,-0.024181,-0.0058702,0.046466,-0.0073181,0.014693,0.010448,0.010448,0.010448,-0.0038575,-0.017515,-0.00011008,0.020735,-0.024812
-0.048649,-0.0053318,0.057524,-0.00044668,-0.044399,-0.049541,0.94378,-0.00018941,-0.024681,0.011481,-0.0038896,0.04176,-0.029827,0.025766,-0.060483,-0.058353,0.016753,-0.032361,0.11596,0.0022376,0.0022376,0.0022376,-0.00026541,0.0050396,0.00012727,-0.0010815,0.044141,-0.014392,0.0055209,0.024886,-0.0078331,-0.0053049,-0.010757,-0.013145,0.014741,-0.0081119,-0.012066,-0.054143,0.0014508,0.041501,-0.0042701,-0.05201,-0.0053931,0.040433,-0.012732,0.0049338,0.011262,0.011262,0.011262,-0.0019053,-0.0016874,-1.459e-05,0.034839,-0.0505
-0.0039317,-0.0067374,0.00092143,-0.0034686,0.0049897,-0.0062665,-0.00018941,0.99317,-0.00054968,0.0010581,-0.0034891,0.026763,0.0073821,0.014444,0.019209,0.021448,0.013486,0.0057995,0.019419,-0.0020819,-0.0020819,-0.0020819,-0.00023174,-0.0059025,0.00010073,-0.022975,0.011391,-0.016966,-0.011047,0.012392,-0.016091,0.00069952,-0.0070073,-0.0056418,0.0058645,-0.018254,0.002137,0.02778,-0.003776,0.0086248,-0.0046479,0.02787,-0.00091334,0.0085636,0.0027492,0.011935,0.0026381,0.0026381,0.0026381,-0.002172,-0.013109,-2.0914e-05,-0.0035627,0.012272
-0.03513,-0.03398,0.023993,-0.0071802,-0.030297,-0.024478,-0.024681,-0.00054968,0.93818,0.025685,0.001294,0.010551,0.023611,-0.020311,0.0501,0.044799,0.040724,0.021282,0.0717,-0.001094,-0.001094,-0.001094,-0.00046091,-0.042043,-9.2756e-05,0.058704,-0.0097453,-0.038549,-0.045827,0.0079146,-0.04422,-0.001533,-0.0058501,-0.0059302,-0.0055782,-0.043061,-0.0096852,-0.10728,0.0093309,0.0070017,0.0057206,-0.10563,-0.0033465,0.0069868,-0.011444,-0.018581,-0.002526,-0.002526,-0.002526,-0.0053571,-0.048583,4.4607e-05,0.023365,-0.0067628
0.016084,0.014907,-0.01124,0.0032176,0.013717,0.010764,0.011481,0.0010581,0.025685,0.9884,0.00055909,-0.016332,-0.0020779,-0.00231,-0.030013,-0.028672,-0.020216,-0.00052392,-0.033078,1.5425e-05,1.5425e-05,1.5425e-05,0.00023839,0.014766,-0.00013129,-0.024917,-0.0020881,0.014431,0.016188,-0.0036844,0.017193,0.0019686,0.0010725,0.0013708,0.00014745,0.01675,0.0058137,0.041143,-0.0031876,0.0020266,-0.0018277,0.040272,0.0011949,0.0019821,0.0067914,0.0066209,-0.00079297,-0.00079297,-0.00079297,0.0025365,0.019092,0.0001178,-0.019907,0.010104
-0.004588,-0.0023132,0.0042478,-0.0011438,0.00066632,-0.0060564,-0.0038896,-0.0034891,0.001294,0.00055909,0.99714,0.025922,0.0025281,0.019552,0.0045156,0.0066784,0.0086652,0.0012035,0.01558,-0.00050651,-0.00050651,-0.00050651,-0.00013318,0.0032914,7.9314e-05,-0.010872,0.015047,-0.004119,0.0011194,0.0064542,-0.0035643,-0.0014911,-0.0016818,-0.0016567,0.0059502,-0.0044609,-0.0012067,0.016437,-0.0025877,2.4793e-05,-0.0029689,0.016757,-0.00033184,4.8049e-05,-0.0012942,0.0071189,0.0035788,0.0035788,0.0035788,-0.0010562,-0.0018115,-2.0904e-05,0.01053,-0.0048788
0.050666,0.03189,-0.04302,0.0092279,0.0033565,0.056397,0.04176,0.026763,0.010551,-0.016332,0.025922,0.73415,-0.057045,-0.20258,-0.062192,-0.080503,-0.099287,-0.043127,-0.14426,0.002483,0.002483,0.002483,0.0012986,-0.035072,-0.00030887,0.032302,-0.1463,0.02017,-0.018073,-0.041419,0.023199,0.022251,-0.002191,0.0010312,-0.053166,0.027491,0.025046,-0.09265,0.018187,0.049103,0.020016,-0.09701,0.00096292,0.047882,0.029498,-0.044701,-0.033979,-0.033979,-0.033979,0.01052,0.014953,0.00013573,-0.16234,0.08889
-0.010642,0.037554,0.034508,0.0040964,-0.069368,0.012512,-0.029827,0.0073821,0.023611,-0.0020779,0.0025281,-0.057045,0.56399,-0.0047633,0.081898,0.084224,-0.070942,-0.43182,0.01339,0.016551,0.016551,0.016551,0.00041715,0.021393,-1.953e-05,-0.052724,-0.0075426,0.029191,0.048713,0.0091227,0.043934,0.0036636,-0.0071761,-0.0067466,0.0018744,0.042161,-0.0051382,-0.0096971,0.00013291,0.067467,-0.0028515,-0.010887,-0.0029981,0.063889,0.00018516,0.0045953,0.014127,0.014127,0.014127,0.0061076,0.049487,-8.3071e-06,-0.020949,-0.065151
0.02378,0.003186,-0.02631,0.00024154,-0.0012058,0.028082,0.025766,0.014444,-0.020311,-0.00231,0.019552,-0.20258,-0.0047633,0.82115,-0.023629,-0.039951,-0.051417,0.0047052,-0.0676,-0.0022987,-0.0022987,-0.0022987,0.00064723,-0.061358,-0.00018064,0.022657,-0.12224,-0.026668,-0.056492,-0.01518,-0.024944,0.021197,-0.016316,-0.011385,-0.043028,-0.023617,0.022745,-0.095315,0.015648,0.064123,0.014124,-0.098398,-0.002284,0.062976,0.026846,-0.031854,-0.029592,-0.029592,-0.029592,0.0039466,-0.029682,3.4933e-05,-0.14822,0.10187
-0.021021,0.057793,0.061209,0.019779,-0.022619,-0.052411,-0.060483,0.019209,0.0501,-0.030013,0.0045156,-0.062192,0.081898,-0.023629,0.6316,-0.36664,-0.068471,0.087244,0.057109,0.002235,0.002235,0.002235,0.00097519,0.069988,-2.3554e-06,-0.048086,0.043853,0.050011,0.078409,0.0092575,0.071648,-0.00062577,-0.0078614,-0.013807,0.01214,0.074305,0.0027262,-0.009829,-0.00011155,0.081112,-0.0047333,-0.0093902,-0.0047377,0.079628,0.0034713,0.0092106,0.0042849,0.0042849,0.0042849,0.010526,0.085961,-1.3147e-05,-0.035168,-0.043924
-0.019517,0.056641,0.058761,0.019923,-0.02415,-0.049216,-0.058353,0.021448,0.044799,-0.028672,0.0066784,-0.080503,0.084224,-0.039951,-0.36664,0.63314,-0.07143,0.090361,0.049704,0.0023215,0.0023215,0.0023215,0.0010337,0.06379,-5.8835e-05,-0.036568,0.031445,0.049411,0.073197,0.0051963,0.070117,0.00054945,-0.0072622,-0.013111,0.0072167,0.073433,0.0033076,-0.027994,0.0023397,0.081396,-0.0022148,-0.027707,-0.0046976,0.079916,0.0040246,0.0029515,0.0012401,0.0012401,0.0012401,0.01083,0.082828,-9.4041e-06,-0.042457,-0.038792
0.031292,0.037557,-0.016686,0.010012,0.0048731,0.02921,0.016753,0.013486,0.040724,-0.020216,0.0086652,-0.099287,-0.070942,-0.051417,-0.068471,-0.07143,0.93355,-0.064444,-0.081775,0.0044238,0.0044238,0.0044238,0.00082222,0.023669,-0.00022493,-0.015248,-0.037134,0.042698,0.036657,-0.021392,0.048611,0.0061832,0.0060949,0.0056933,-0.013364,0.050525,0.0094664,0.012585,0.0022171,0.014356,0.0045741,0.010483,0.0020239,0.01365,0.011659,-0.0085015,-0.0072216,-0.0072216,-0.0072216,0.008145,0.048233,0.00011298,-0.054323,0.0079852
-0.014112,0.03472,0.037106,0.0032911,-0.070031,0.0089685,-0.032361,0.0057995,0.021282,-0.00052392,0.0012035,-0.043127,-0.43182,0.0047052,0.087244,0.090361,-0.064444,0.57159,0.022861,0.016287,0.016287,0.016287,0.00033242,0.02148,1.0691e-05,-0.05346,-0.00057337,0.026341,0.047634,0.011785,0.040781,0.0026168,-0.0075295,-0.0071865,0.0044223,0.038747,-0.0064701,-0.0071764,-0.00061294,0.065598,-0.0038131,-0.0081128,-0.0031681,0.062079,-0.0013838,0.0066522,0.01572,0.01572,0.01572,0.0053562,0.046703,-2.1713e-05,-0.012874,-0.068778
0.11581,0.041322,-0.12031,0.013346,0.07989,0.12211,0.11596,0.019419,0.0717,-0.033078,0.01558,-0.14426,0.01339,-0.0676,0.057109,0.049704,-0.081775,0.022861,0.69813,0.0029956,0.0029956,0.0029956,0.0012891,0.027396,-2.021e-05,0.049541,-0.10541,0.094577,0.043371,-0.086897,0.08075,0.0065645,0.04581,0.04598,-0.040246,0.087201,0.017543,0.066731,0.0038697,-0.11605,0.019021,0.062048,0.014636,-0.11373,0.017264,-0.036306,-0.025589,-0.025589,-0.025589,0.011549,0.061515,6.6821e-07,-0.048585,0.051569
0.00032263,-0.0030912,-0.0021345,-0.0012918,0.0043566,-0.0012719,0.0022376,-0.0020819,-0.001094,1.5425e-05,-0.00050651,0.002483,0.016551,-0.0022987,0.002235,0.0023215,0.0044238,0.016287,0.0029956,0.99861,-0.0013945,-0.0013945,-6.3541e-05,-0.0050289,6.8322e-06,-0.0065134,-0.00082339,-0.0078944,-0.0075454,0.0035309,-0.0078745,0.0011028,-0.0030316,-0.0023289,0.00026802,-0.0085663,0.0020878,0.0075375,-0.00080807,0.0039062,-0.0010675,0.0074535,-0.00031143,0.0039465,0.0023455,0.0030668,-0.0007702,-0.0007702,-0.0007702,-0.00074767,-0.007092,-2.7135e-05,-0.0075782,0.011214
0.00032263,-0.0030912,-0.0021345,-0.0012918,0.0043566,-0.0012719,0.0022376,-0.0020819,-0.001094,1.5425e-05,-0.00050651,0.002483,0.016551,-0.0022987,0.002235,0.0023215,0.0044238,0.016287,0.0029956,-0.0013945,0.99861,-0.0013945,-6.3541e-05,-0.0050289,6.8322e-06,-0.0065134,-0.00082339,-0.0078944,-0.0075454,0.0035309,-0.0078745,0.0011028,-0.0030316,-0.0023289,0.00026802,-0.0085663,0.0020878,0.0075375,-0.00080807,0.0039062,-0.0010675,0.0074535,-0.00031143,0.0039465,0.0023455,0.0030668,-0.0007702,-0.0007702,-0.0007702,-0.00074767,-0.007092,-2.7135e-05,-0.0075782,0.011214
0.00032263,-0.0030912,-0.0021345,-0.0012918,0.0043566,-0.0012719,0.0022376,-0.0020819,-0.001094,1.5425e-05,-0.00050651,0.002483,0.016551,-0.0022987,0.002235,0.0023215,0.0044238,0.016287,0.0029956,-0.0013945,-0.0013945,0.99861,-6.3541e-05,-0.0050289,6.8322e-06,-0.0065134,-0.00082339,-0.0078944,-0.0075454,0.0035309,-0.0078745,0.0011028,-0.0030316,-0.0023289,0.00026802,-0.0085663,0.0020878,0.0075375,-0.00080807,0.0039062,-0.0010675,0.0074535,-0.00031143,0.0039465,0.0023455,0.0030668,-0.0007702,-0.0007702,-0.0007702,-0.00074767,-0.007092,-2.7135e-05,-0.0075782,0.011214
-0.00044906,-0.00046806,0.00028236,-0.0001564,-9.7992e-05,-0.00044352,-0.00026541,-0.00023174,-0.00046091,0.00023839,-0.00013318,0.0012986,0.00041715,0.00064723,0.00097519,0.0010337,0.00082222,0.00033242,0.0012891,-6.3541e-05,-6.3541e-05,-6.3541e-05,0.99999,-0.00036511,-2.2592e-06,-0.00024922,0.00052476,-0.0007352,-0.00055385,0.00045587,-0.00075699,-3.8813e-05,-0.00021412,-0.00018671,0.00022088,-0.00081294,-6.5642e-05,0.00015405,-6.902e-05,0.00017174,-0.00012018,0.00017668,-4.8582e-05,0.00017222,-7.095e-05,0.00026746,0.00012178,0.00012178,0.00012178,-0.00011333,-0.00069391,1.7649e-06,0.00040741,7.157e-05
-0.0096893,-0.029498,-0.004664,-0.0099621,-0.0036619,-0.0043069,0.0050396,-0.0059025,-0.042043,0.014766,0.0032914,-0.035072,0.021393,-0.061358,0.069988,0.06379,0.023669,0.02148,0.027396,-0.0050289,-0.0050289,-0.0050289,-0.00036511,0.94018,-4.6776e-05,0.0076104,-0.042763,-0.058297,-0.068263,0.014368,-0.060962,0.0092382,-0.018979,-0.014452,-0.013128,-0.063229,0.0081948,-0.047126,0.0053042,0.034685,0.0021956,-0.047558,-0.0033599,0.0343,0.0098528,-0.0052414,-0.010394,-0.010394,-0.010394,-0.004945,-0.061879,4.9916e-05,-0.053715,0.062786
6.3058e-05,2.7124e-05,-7.5555e-05,5.5948e-05,0.00011902,7.346e-05,0.00012727,0.00010073,-9.2756e-05,-0.00013129,7.9314e-05,-0.00030887,-1.953e-05,-0.00018064,-2.3554e-06,-5.8835e-05,-0.00022493,1.0691e-05,-2.021e-05,6.8322e-06,6.8322e-06,6.8322e-06,-2.2592e-06,-4.6776e-05,9.8568e-07,-0.00027634,0.00033451,-0.00013334,-9.7295e-05,8.7157e-05,-0.00021841,-1.0763e-05,5.1002e-05,3.5516e-05,-0.00019244,-0.00016141,3.9322e-05,-1.4606e-05,7.9293e-05,-7.7465e-05,9.1703e-05,-1.7507e-05,1.1388e-05,-7.3045e-05,5.2503e-05,0.00019395,0.00012326,0.00012326,0.00012326,1.2275e-06,-9.7446e-05,-2.9239e-07,0.00045289,-0.0002043
0.0037812,0.018614,0.0066446,-0.0054702,0.025279,-0.020429,-0.0010815,-0.022975,0.058704,-0.024917,-0.010872,0.032302,-0.052724,0.022657,-0.048086,-0.036568,-0.015248,-0.05346,0.049541,-0.0065134,-0.0065134,-0.0065134,-0.00024922,0.0076104,-0.00027634,0.81275,0.03973,-0.047265,-0.0062548,0.060345,-0.027082,0.012698,-0.042883,-0.035764,0.02543,-0.038564,0.026094,0.1907,-0.021844,0.10543,-0.026564,0.18877,-0.0054378,0.1034,0.033545,0.070996,0.010648,0.010648,0.010648,-0.0013058,-0.0033993,9.3705e-06,-0.10339,0.07531
0.037665,0.00097267,-0.045659,0.00034998,0.014692,0.046762,0.044141,0.011391,-0.0097453,-0.0020881,0.015047,-0.1463,-0.0075426,-0.12224,0.043853,0.031445,-0.037134,-0.00057337,-0.10541,-0.00082339,-0.00082339,-0.00082339,0.00052476,-0.042763,0.00033451,0.03973,0.89717,-0.0035737,-0.037169,-0.029433,-0.0087933,0.013769,0.0013016,0.004748,-0.037001,-0.0064947,0.015483,-0.057724,0.011754,0.00351,0.014314,-0.060421,0.00205,0.0035039,0.017476,-0.031581,-0.024186,-0.024186,-0.024186,0.0032642,-0.018297,-0.00027956,-0.090991,0.074009
-0.029121,-0.034443,0.01669,-0.013997,-0.0060657,-0.032329,-0.014392,-0.016966,-0.038549,0.014431,-0.004119,0.02017,0.029191,-0.026668,0.050011,0.049411,0.042698,0.026341,0.094577,-0.0078944,-0.0078944,-0.0078944,-0.0007352,-0.058297,-0.00013334,-0.047265,-0.0035737,0.91462,-0.074957,0.044888,-0.08182,0.0091716,-0.035387,-0.029502,0.0038993,-0.088142,0.010067,0.0007318,-0.0024489,0.069877,-0.0088798,0.00093035,-0.0067065,0.068917,0.012982,0.021618,-0.0014387,-0.0014387,-0.0014387,-0.0079921,-0.073524,1.9142e-05,-0.056394,0.067823
-0.013064,-0.03704,-0.0048011,-0.012956,0.0021254,-0.01046,0.0055209,-0.011047,-0.045827,0.016188,0.0011194,-0.018073,0.048713,-0.056492,0.078409,0.073197,0.036657,0.047634,0.043371,-0.0075454,-0.0075454,-0.0075454,-0.00055385,-0.068263,-9.7295e-05,-0.0062548,-0.037169,-0.074957,0.91804,0.023821,-0.077472,0.010286,-0.025147,-0.019446,-0.0099832,-0.081286,0.010603,-0.031392,0.0031074,0.041931,-0.00080145,-0.031738,-0.0042105,0.041603,0.012598,0.0025542,-0.0099383,-0.0099383,-0.0099383,-0.0069048,-0.076382,5.4992e-05,-0.060197,0.078287
0.026836,0.010702,-0.027396,0.006575,0.010453,0.033919,0.024886,0.012392,0.0079146,-0.0036844,0.0064542,-0.041419,0.0091227,-0.01518,0.0092575,0.0051963,-0.021392,0.011785,-0.086897,0.0035309,0.0035309,0.0035309,0.00045587,0.014368,8.7157e-05,0.060345,-0.029433,0.044888,0.023821,0.96128,0.037235,-0.0030959,0.024812,0.022143,-0.014529,0.042276,-0.0041483,-0.031481,0.0062922,-0.057638,0.011403,-0.032011,0.0052161,-0.056584,-0.0063713,-0.027266,-0.0072978,-0.0072978,-0.0072978,0.0041353,0.026732,2.7094e-05,0.022662,-0.019134
-0.025496,-0.039012,0.009387,-0.014314,-0.0026171,-0.025843,-0.0078331,-0.016091,-0.04422,0.017193,-0.0035643,0.023199,0.043934,-0.024944,0.071648,0.070117,0.048611,0.040781,0.08075,-0.0078745,-0.0078745,-0.0078745,-0.00075699,-0.060962,-0.00021841,-0.027082,-0.0087933,-0.08182,-0.077472,0.037235,0.91814,0.0077427,-0.029673,-0.024196,0.0010614,-0.08718,0.0079183,-0.010103,-0.00091501,0.050523,-0.0061967,-0.0097861,-0.0054889,0.050005,0.0099169,0.014969,-0.0029876,-0.0029876,-0.0029876,-0.0083862,-0.076796,4.956e-05,-0.043468,0.065018
-0.004381,-0.00054252,0.0049277,0.00095508,-0.0035305,-0.0032624,-0.0053049,0.00069952,-0.001533,0.0019686,-0.0014911,0.022251,0.0036636,0.021197,-0.00062577,0.00054945,0.0061832,0.0026168,0.0065645,0.0011028,0.0011028,0.0011028,-3.8813e-05,0.0092382,-1.0763e-05,0.012698,0.013769,0.0091716,0.010286,-0.0030959,0.0077427,0.996,0.0058008,0.0043438,0.003749,0.0086685,-0.0054717,-0.0055769,-5.4805e-05,-0.015527,0.00041444,-0.0049769,0.0006354,-0.015258,-0.0066454,-0.0020337,0.0032253,0.0032253,0.0032253,-0.00012454,0.0066035,1.3292e-05,0.028404,-0.022285
-0.01265,-0.0062346,0.012488,-0.0046287,-0.0046972,-0.017427,-0.010757,-0.0070073,-0.0058501,0.0010725,-0.0016818,-0.002191,-0.0071761,-0.016316,-0.0078614,-0.0072622,0.0060949,-0.0075295,0.04581,-0.0030316,-0.0030316,-0.0030316,-0.00021412,-0.018979,5.1002e-05,-0.042883,0.0013016,-0.035387,-0.025147,0.024812,-0.029673,0.0058008,0.97994,-0.017201,0.0036595,-0.03323,0.0073944,0.015034,-0.0026603,0.049771,-0.0062549,0.014801,-0.0038118,0.048875,0.0097454,0.01567,0.00044547,0.00044547,0.00044547,-0.002224,-0.022832,-2.6061e-05,-0.041484,0.032331
-0.013849,-0.0049831,0.014657,-0.0036546,-0.0069298,-0.018151,-0.013145,-0.0056418,-0.0059302,0.0013708,-0.0016567,0.0010312,-0.0067466,-0.011385,-0.013807,-0.013111,0.0056933,-0.0071865,0.04598,-0.0023289,-0.0023289,-0.0023289,-0.00018671,-0.014452,3.5516e-05,-0.035764,0.004748,-0.029502,-0.019446,0.022143,-0.024196,0.0043438,-0.017201,0.98492,0.0042148,-0.027114,0.0052408,0.0089878,-0.0021376,0.044113,-0.0055025,0.0089505,-0.0035204,0.0433,0.0071185,0.013373,0.0012238,0.0012238,0.0012238,-0.0018727,-0.018031,-1.1312e-05,-0.031646,0.022579
0.012981,0.00053529,-0.015644,0.00096986,0.0034369,0.017196,0.014741,0.0058645,-0.0055782,0.00014745,0.0059502,-0.053166,0.0018744,-0.043028,0.01214,0.0072167,-0.013364,0.0044223,-0.040246,0.00026802,0.00026802,0.00026802,0.00022088,-0.013128,-0.00019244,0.02543,-0.037001,0.0038993,-0.0099832,-0.014529,0.0010614,0.003749,0.0036595,0.0042148,0.98585,0.0027089,0.0035591,-0.031537,0.005405,-0.005665,0.0066405,-0.032339,0.0011083,-0.0055374,0.0037307,-0.015459,-0.0088755,-0.0088755,-0.0088755,0.001476,-0.0036263,6.6846e-05,-0.024175,0.018991
-0.026466,-0.040002,0.010046,-0.015353,-0.0012811,-0.028006,-0.0081119,-0.018254,-0.043061,0.01675,-0.0044609,0.027491,0.042161,-0.023617,0.074305,0.073433,0.050525,0.038747,0.087201,-0.0085663,-0.0085663,-0.0085663,-0.00081294,-0.063229,-0.00016141,-0.038564,-0.0064947,-0.088142,-0.081286,0.042276,-0.08718,0.0086685,-0.03323,-0.027114,0.0027089,0.90661,0.0095564,0.0005865,-0.0022546,0.057856,-0.0080019,0.00082663,-0.0059982,0.057214,0.012032,0.019702,-0.0023643,-0.0023643,-0.0023643,-0.0089036,-0.08062,2.5337e-05,-0.050065,0.071625
-0.010899,-0.0030471,0.011525,0.00098768,-0.012026,-0.0071956,-0.012066,0.002137,-0.0096852,0.0058137,-0.0012067,0.025046,-0.0051382,0.022745,0.0027262,0.0033076,0.0094664,-0.0064701,0.017543,0.0020878,0.0020878,0.0020878,-6.5642e-05,0.0081948,3.9322e-05,0.026094,0.015483,0.010067,0.010603,-0.0041483,0.0079183,-0.0054717,0.0073944,0.0052408,0.0035591,0.0095564,0.99098,-0.026859,0.0017677,-0.01767,0.0018364,-0.025873,0.0003296,-0.017434,-0.010726,-0.0066701,0.0040185,0.0040185,0.0040185,-0.00036942,0.005717,-1.4298e-05,0.040271,-0.034345
-0.05392,-0.029263,0.050443,0.0022056,-0.083907,-0.026143,-0.054143,0.02778,-0.10728,0.041143,0.016437,-0.09265,-0.0096971,-0.095315,-0.009829,-0.027994,0.012585,-0.0071764,0.066731,0.0075375,0.0075375,0.0075375,0.00015405,-0.047126,-1.4606e-05,0.1907,-0.057724,0.0007318,-0.031392,-0.031481,-0.010103,-0.0055769,0.015034,0.0089878,-0.031537,0.0005865,-0.026859,0.68947,0.032071,-0.0077993,0.027998,-0.30779,-0.0034219,-0.007999,-0.032101,-0.079752,-0.013217,-0.013217,-0.013217,-0.00018343,-0.028022,-3.1034e-05,0.054122,-0.070622
0.0014901,0.0017197,-0.00091495,-0.00064776,0.006158,-0.0016415,0.0014508,-0.003776,0.0093309,-0.0031876,-0.0025877,0.018187,0.00013291,0.015648,-0.00011155,0.0023397,0.0022171,-0.00061294,0.0038697,-0.00080807,-0.00080807,-0.00080807,-6.902e-05,0.0053042,7.9293e-05,-0.021844,0.011754,-0.0024489,0.0031074,0.0062922,-0.00091501,-5.4805e-05,-0.0026603,-0.0021376,0.005405,-0.0022546,0.0017677,0.032071,0.99623,0.003182,-0.0037882,0.031995,-5.7112e-05,0.0031497,0.0022427,0.010059,0.0027899,0.0027899,0.0027899,-0.00041567,0.0016441,-4.0311e-06,-0.0010895,0.0035631
0.035346,-0.0016122,-0.046127,0.0060399,0.029929,0.047352,0.041501,0.0086248,0.0070017,0.0020266,2.4793e-05,0.049103,0.067467,0.064123,0.081112,0.081396,0.014356,0.065598,-0.11605,0.0039062,0.0039062,0.0039062,0.00017174,0.034685,-7.7465e-05,0.10543,0.00351,0.069877,0.041931,-0.057638,0.050523,-0.015527,0.049771,0.044113,-0.005665,0.057856,-0.01767,-0.0077993,0.003182,0.85322,0.013185,-0.0070106,0.010569,-0.14376,-0.024186,-0.031994,-0.00065795,-0.00065795,-0.00065795,0.0017771,0.032337,-1.7206e-05,0.11709,-0.062201
-0.0041054,1.0061e-05,0.0051164,-0.0014021,0.001835,-0.0077258,-0.0042701,-0.0046479,0.0057206,-0.0018277,-0.0029689,0.020016,-0.0028515,0.014124,-0.0047333,-0.0022148,0.0045741,-0.0038131,0.019021,-0.0010675,-0.0010675,-0.0010675,-0.00012018,0.0021956,9.1703e-05,-0.026564,0.014314,-0.0088798,-0.00080145,0.011403,-0.0061967,0.00041444,-0.0062549,-0.0055025,0.0066405,-0.0080019,0.0018364,0.027998,-0.0037882,0.013185,0.99524,0.028053,-0.0010121,0.012951,0.0025696,0.012029,0.0034751,0.0034751,0.0034751,-0.00090801,-0.0023854,-3.6566e-06,-0.0044483,0.0045808
-0.051792,-0.028381,0.04833,0.0022866,-0.082352,-0.024181,-0.05201,0.02787,-0.10563,0.040272,0.016757,-0.09701,-0.010887,-0.098398,-0.0093902,-0.027707,0.010483,-0.0081128,0.062048,0.0074535,0.0074535,0.0074535,0.00017668,-0.047558,-1.7507e-05,0.18877,-0.060421,0.00093035,-0.031738,-0.032011,-0.0097861,-0.0049769,0.014801,0.0089505,-0.032339,0.00082663,-0.025873,-0.30779,0.031995,-0.0070106,0.028053,0.6948,-0.0033194,-0.0072249,-0.030939,-0.0796,-0.013831,-0.013831,-0.013831,7.1989e-06,-0.027693,-2.9997e-05,0.049724,-0.067206
-0.005288,-0.0016019,0.0057197,-0.00077654,-0.0040261,-0.0058702,-0.0053931,-0.00091334,-0.0033465,0.0011949,-0.00033184,0.00096292,-0.0029981,-0.002284,-0.0047377,-0.0046976,0.0020239,-0.0031681,0.014636,-0.00031143,-0.00031143,-0.00031143,-4.8582e-05,-0.0033599,1.1388e-05,-0.0054378,0.00205,-0.0067065,-0.0042105,0.0052161,-0.0054889,0.0006354,-0.0038118,-0.0035204,0.0011083,-0.0059982,0.0003296,-0.0034219,-5.7112e-05,0.010569,-0.0010121,-0.0033194,0.99903,0.010358,0.00063942,0.0021295,0.00055919,0.00055919,0.00055919,-0.00047544,-0.0041763,9.3742e-07,-0.0045793,0.0019982
0.034556,-0.0013174,-0.044954,0.0059891,0.028881,0.046466,0.040433,0.0085636,0.0069868,0.0019821,4.8049e-05,0.047882,0.063889,0.062976,0.079628,0.079916,0.01365,0.062079,-0.11373,0.0039465,0.0039465,0.0039465,0.00017222,0.0343,-7.3045e-05,0.1034,0.0035039,0.068917,0.041603,-0.056584,0.050005,-0.015258,0.048875,0.0433,-0.0055374,0.057214,-0.017434,-0.007999,0.0031497,-0.14376,0.012951,-0.0072249,0.010358,0.85918,-0.023813,-0.031456,-0.00054968,-0.00054968,-0.00054968,0.0017933,0.032175,-2.0682e-05,0.11504,-0.06171
-0.011661,-0.0038674,0.011942,0.0012856,-0.012668,-0.0073181,-0.012732,0.0027492,-0.011444,0.0067914,-0.0012942,0.029498,0.00018516,0.026846,0.0034713,0.0040246,0.011659,-0.0013838,0.017264,0.0023455,0.0023455,0.0023455,-7.095e-05,0.0098528,5.2503e-05,0.033545,0.017476,0.012982,0.012598,-0.0063713,0.0099169,-0.0066454,0.0097454,0.0071185,0.0037307,0.012032,-0.010726,-0.032101,0.0022427,-0.024186,0.0025696,-0.030939,0.00063942,-0.023813,0.9871,-0.008783,0.0043358,0.0043358,0.0043358,-0.00040898,0.006856,-1.3272e-05,0.048901,-0.040254
0.0049594,-0.001457,-0.0070455,0.003452,-0.0098024,0.014693,0.0049338,0.011935,-0.018581,0.0066209,0.0071189,-0.044701,0.0045953,-0.031854,0.0092106,0.0029515,-0.0085015,0.0066522,-0.036306,0.0030668,0.0030668,0.0030668,0.00026746,-0.0052414,0.00019395,0.070996,-0.031581,0.021618,0.0025542,-0.027266,0.014969,-0.0020337,0.01567,0.013373,-0.015459,0.019702,-0.0066701,-0.079752,0.010059,-0.031994,0.012029,-0.0796,0.0021295,-0.031456,-0.008783,0.96887,-0.0075864,-0.0075864,-0.0075864,0.0020019,0.005459,2.2148e-05,0.01848,-0.019002
0.0093977,-0.00047146,-0.011779,0.00012363,0.0059062,0.010448,0.011262,0.0026381,-0.002526,-0.00079297,0.0035788,-0.033979,0.014127,-0.029592,0.0042849,0.0012401,-0.0072216,0.01572,-0.025589,-0.0007702,-0.0007702,-0.0007702,0.00012178,-0.010394,0.00012326,0.010648,-0.024186,-0.0014387,-0.0099383,-0.0072978,-0.0029876,0.0032253,0.00044547,0.0012238,-0.0088755,-0.0023643,0.0040185,-0.013217,0.0027899,-0.00065795,0.0034751,-0.013831,0.00055919,-0.00054968,0.0043358,-0.0075864,0.9937,-0.0062999,-0.0062999,0.00067923,-0.0053137,-3.3657e-06,-0.021837,0.019971
0.0093977,-0.00047146,-0.011779,0.00012363,0.0059062,0.010448,0.011262,0.0026381,-0.002526,-0.00079297,0.0035788,-0.033979,0.014127,-0.029592,0.0042849,0.0012401,-0.0072216,0.01572,-0.025589,-0.0007702,-0.0007702,-0.0007702,0.00012178,-0.010394,0.00012326,0.010648,-0.024186,-0.0014387,-0.0099383,-0.0072978,-0.0029876,0.0032253,0.00044547,0.0012238,-0.0088755,-0.0023643,0.0040185,-0.013217,0.0027899,-0.00065795,0.0034751,-0.013831,0.00055919,-0.00054968,0.0043358,-0.0075864,-0.0062999,0.9937,-0.0062999,0.00067923,-0.0053137,-3.3657e-06,-0.021837,0.019971
0.0093977,-0.00047146,-0.011779,0.00012363,0.0059062,0.010448,0.011262,0.0026381,-0.002526,-0.00079297,0.0035788,-0.033979,0.014127,-0.029592,0.0042849,0.0012401,-0.0072216,0.01572,-0.025589,-0.0007702,-0.0007702,-0.0007702,0.00012178,-0.010394,0.00012326,0.010648,-0.024186,-0.0014387,-0.0099383,-0.0072978,-0.0029876,0.0032253,0.00044547,0.0012238,-0.0088755,-0.0023643,0.0040185,-0.013217,0.0027899,-0.00065795,0.0034751,-0.013831,0.00055919,-0.00054968,0.0043358,-0.0075864,-0.0062999,-0.0062999,0.9937,0.00067923,-0.0053137,-3.3657e-06,-0.021837,0.019971
-0.0040323,-0.0050959,0.0020288,-0.0016481,-0.00062326,-0.0038575,-0.0019053,-0.002172,-0.0053571,0.0025365,-0.0010562,0.01052,0.0061076,0.0039466,0.010526,0.01083,0.008145,0.0053562,0.011549,-0.00074767,-0.00074767,-0.00074767,-0.00011333,-0.004945,1.2275e-06,-0.0013058,0.0032642,-0.0079921,-0.0069048,0.0041353,-0.0083862,-0.00012454,-0.002224,-0.0018727,0.001476,-0.0089036,-0.00036942,-0.00018343,-0.00041567,0.0017771,-0.00090801,7.1989e-06,-0.00047544,0.0017933,-0.00040898,0.0020019,0.00067923,0.00067923,0.00067923,0.99885,-0.0079574,1.7913e-06,0.0023935,0.0025278
-0.020636,-0.040425,0.0024242,-0.013511,-0.001507,-0.017515,-0.0016874,-0.013109,-0.048583,0.019092,-0.0018115,0.014953,0.049487,-0.029682,0.085961,0.082828,0.048233,0.046703,0.061515,-0.007092,-0.007092,-0.007092,-0.00069391,-0.061879,-9.7446e-05,-0.0033993,-0.018297,-0.073524,-0.076382,0.026732,-0.076796,0.0066035,-0.022832,-0.018031,-0.0036263,-0.08062,0.005717,-0.028022,0.0016441,0.032337,-0.0023854,-0.027693,-0.0041763,0.032175,0.006856,0.005459,-0.0053137,-0.0053137,-0.0053137,-0.0079574,0.92458,3.3735e-05,-0.033295,0.059682
-5.0906e-06,-2.2462e-05,1.3087e-06,-3.4099e-05,0.00012586,-0.00011008,-1.459e-05,-2.0914e-05,4.4607e-05,0.0001178,-2.0904e-05,0.00013573,-8.3071e-06,3.4933e-05,-1.3147e-05,-9.4041e-06,0.00011298,-2.1713e-05,6.6821e-07,-2.7135e-05,-2.7135e-05,-2.7135e-05,1.7649e-06,4.9916e-05,-2.9239e-07,9.3705e-06,-0.00027956,1.9142e-05,5.4992e-05,2.7094e-05,4.956e-05,1.3292e-05,-2.6061e-05,-1.1312e-05,6.6846e-05,2.5337e-05,-1.4298e-05,-3.1034e-05,-4.0311e-06,-1.7206e-05,-3.6566e-06,-2.9997e-05,9.3742e-07,-2.0682e-05,-1.3272e-05,2.2148e-05,-3.3657e-06,-3.3657e-06,-3.3657e-06,1.7913e-06,3.3735e-05,2.0932e-07,-0.00016458,-4.4893e-05
0.033098,0.013115,-0.031961,-0.0042237,0.02695,0.020735,0.034839,-0.0035627,0.023365,-0.019907,0.01053,-0.16234,-0.020949,-0.14822,-0.035168,-0.042457,-0.054323,-0.012874,-0.048585,-0.0075782,-0.0075782,-0.0075782,0.00040741,-0.053715,0.00045289,-0.10339,-0.090991,-0.056394,-0.060197,0.022662,-0.043468,0.028404,-0.041484,-0.031646,-0.024175,-0.050065,0.040271,0.054122,-0.0010895,0.11709,-0.0044483,0.049724,-0.0045793,0.11504,0.048901,0.01848,-0.021837,-0.021837,-0.021837,0.0023935,-0.033295,-0.00016458,0.79291,0.15492
-0.034696,0.011847,0.049032,0.0099322,-0.047529,-0.024812,-0.0505,0.012272,-0.0067628,0.010104,-0.0048788,0.08889,-0.065151,0.10187,-0.043924,-0.038792,0.0079852,-0.068778,0.051569,0.011214,0.011214,0.011214,7.157e-05,0.062786,-0.0002043,0.07531,0.074009,0.067823,0.078287,-0.019134,0.065018,-0.022285,0.032331,0.022579,0.018991,0.071625,-0.034345,-0.070622,0.0035631,-0.062201,0.0045808,-0.067206,0.0019982,-0.06171,-0.040254,-0.019002,0.019971,0.019971,0.019971,0.0025278,0.059682,-4.4893e-05,0.15492,0.84567
96.07,96.07,96.07,96.07,96.07,96.07,96.07,96.07,96.07,96.07,96.07,96.07,96.07,96.07,96.07,96.07,96.07,96.07,96.07,96.07,96.07,96.07,96.07,96.07,96.07,96.07,96.07,96.07,96.07,96.07,96.07,96.07,96.07,96.07,96.07,96.07,96.07,96.07,96.07,96.07,96.07,96.07,96.07,96.07,96.07,96.07,96.07,96.07,96.07,96.07,96.07,96.07,96.07,96.07
