242.87,242.87,-226.01,-667.07,236.02,236.02,236.02,0.083929,-93.077
1476.9,1476.8,39.746,-356.37,385.64,385.64,385.64,1560.2,524.87
0.1113,-0.11076,0.015613,0.0010268,-0.002043,-0.002043,-0.002043,-0.00018471,-0.002013
-0.11076,0.1103,-0.015449,-0.0010537,0.0020354,0.0020354,0.0020354,0.00011906,0.0019936
0.015613,-0.015449,0.0053049,-0.0019159,-0.00065758,-0.00065758,-0.00065758,-0.00010696,-0.00041947
0.0010268,-0.0010537,-0.0019159,0.0018766,3.6018e-05,3.6018e-05,3.6018e-05,2.4697e-05,0.00011005
-0.002043,0.0020354,-0.00065758,3.6018e-05,0.66693,-0.33307,-0.33307,3.4131e-06,5.9216e-05
-0.002043,0.0020354,-0.00065758,3.6018e-05,-0.33307,0.66693,-0.33307,3.4131e-06,5.9216e-05
-0.002043,0.0020354,-0.00065758,3.6018e-05,-0.33307,-0.33307,0.66693,3.4131e-06,5.9216e-05
-0.00018471,0.00011906,-0.00010696,2.4697e-05,3.4131e-06,3.4131e-06,3.4131e-06,5.6388e-05,7.2727e-06
-0.002013,0.0019936,-0.00041947,0.00011005,5.9216e-05,5.9216e-05,5.9216e-05,7.2727e-06,9.8735e-05
55.013,55.013,55.013,55.013,55.013,55.013,55.013,55.013,55.013
600.3,596.45,-38.271,-442.21,335.54,335.54,335.54,219.22,137.66
1,1,1,1,1,1,1,1,1
