681.83,556.94,717.17,1272.9,7.2817,314.93,733.36,857.12,542.19,51.851,228.92,132.63,461.01
3.3967,127.66,450.98,214.36,0.020078,25.654,479.89,632.49,242.16,2.7936,90.02,31.273,38.654
1397.1,975.51,984.31,4254.4,16.272,583.72,1137.8,1151.5,1086.3,365.02,586.12,278.62,991.91
9.6063e-06,-3.3191e-06,-2.2896e-06,3.9888e-07,0.00013116,-9.0302e-06,1.2636e-05,-8.7964e-06,-9.2789e-07,5.7782e-05,-3.3566e-05,-1.8632e-05,-1.3103e-05
-3.3191e-06,1.9782e-05,-1.2236e-05,1.5005e-06,-0.00082019,2.2866e-05,-2.5635e-05,2.0787e-05,-2.393e-07,-2.7746e-05,1.8277e-05,6.6366e-06,8.1471e-06
-2.2896e-06,-1.2236e-05,6.7582e-05,-1.9121e-06,0.0016936,-1.4082e-05,-3.0455e-06,-1.6818e-06,1.1791e-05,-0.00018227,8.1543e-05,3.3475e-05,2.906e-05
3.9888e-07,1.5005e-06,-1.9121e-06,3.4579e-06,-1.2908e-05,2.2886e-06,-2.8879e-05,1.2336e-05,9.5117e-06,7.9895e-06,-1.1789e-05,1.1209e-06,1.5797e-06
0.00013116,-0.00082019,0.0016936,-1.2908e-05,0.53507,-0.012266,0.023757,-0.018009,-0.0056889,0.011889,-0.0098684,-8.1842e-05,-0.00095477
-9.0302e-06,2.2866e-05,-1.4082e-05,2.2886e-06,-0.012266,0.33399,-0.0011619,-0.33241,0.33361,-0.00021926,9.7653e-05,-0.00061176,0.00015291
1.2636e-05,-2.5635e-05,-3.0455e-06,-2.8879e-05,0.023757,-0.0011619,0.0046193,-0.0028609,-0.001712,0.0011579,-0.0005684,0.00079151,-0.00025948
-8.7964e-06,2.0787e-05,-1.6818e-06,1.2336e-05,-0.018009,-0.33241,-0.0028609,0.33524,-0.33233,-0.00059601,0.00030985,-0.00076764,0.00019442
-9.2789e-07,-2.393e-07,1.1791e-05,9.5117e-06,-0.0056889,0.33361,-0.001712,-0.33233,0.33407,-0.00036623,0.00021069,-0.00017462,4.3918e-05
5.7782e-05,-2.7746e-05,-0.00018227,7.9895e-06,0.011889,-0.00021926,0.0011579,-0.00059601,-0.00036623,0.0047625,-0.0027975,-0.0014898,-0.00043856
-3.3566e-05,1.8277e-05,8.1543e-05,-1.1789e-05,-0.0098684,9.7653e-05,-0.0005684,0.00030985,0.00021069,-0.0027975,0.0019998,0.0007879,0.00020439
-1.8632e-05,6.6366e-06,3.3475e-05,1.1209e-06,-8.1842e-05,-0.00061176,0.00079151,-0.00076764,-0.00017462,-0.0014898,0.0007879,0.0019011,-1.6361e-05
-1.3103e-05,8.1471e-06,2.906e-05,1.5797e-06,-0.00095477,0.00015291,-0.00025948,0.00019442,4.3918e-05,-0.00043856,0.00020439,-1.6361e-05,0.00011645
102.81,102.81,102.81,102.81,102.81,102.81,102.81,102.81,102.81,102.81,102.81,102.81,102.81
