551.41,289.66,256.17,727.64,23.165,587.98,454.98,728.7,140.72,23.09,350.37,178.3,40.107
0,118.64,23.529,252.63,2.7235,206.05,258.58,570.74,-71.775,1.0843,137.61,47.148,0.27398
1392.5,824.56,580.39,1832.1,60.19,897.11,845.71,979.52,672.98,114.13,502.4,337.55,94.898
4.2351e-06,4.8468e-06,4.3479e-06,-3.2563e-06,-4.7119e-06,-1.3815e-05,1.9062e-05,-1.713e-05,-3.2906e-06,-3.0798e-05,4.2649e-05,1.4429e-05,8.1608e-06
4.8468e-06,9.6991e-05,3.135e-05,-5.9997e-06,-0.0002171,-5.8249e-05,8.8269e-05,-8.7574e-05,-2.9286e-05,-0.0002163,9.4159e-05,6.4775e-05,0.00024211
4.3479e-06,3.135e-05,9.9932e-05,-3.7073e-06,-0.00063423,1.2416e-05,-0.00010927,5.156e-05,3.8529e-05,-0.00010124,3.3372e-05,-4.0665e-05,-6.4969e-05
-3.2563e-06,-5.9997e-06,-3.7073e-06,2.2902e-05,-0.00024831,7.9186e-05,-3.3009e-05,5.973e-05,-1.8912e-05,0.000157,-0.00016219,-8.3999e-05,-0.00011413
-4.7119e-06,-0.0002171,-0.00063423,-0.00024831,0.031359,-0.0020579,0.0014333,-0.0019771,8.5872e-05,-0.0028293,0.00050967,0.0015205,0.0023472
-1.3815e-05,-5.8249e-05,1.2416e-05,7.9186e-05,-0.0020579,0.33379,-0.00020581,-0.33297,0.33325,0.00076742,-0.00082391,-0.00038708,-0.00060172
1.9062e-05,8.8269e-05,-0.00010927,-3.3009e-05,0.0014333,-0.00020581,0.001103,-0.00065643,-0.00044992,-0.00022222,0.00029482,0.00018261,0.00067439
-1.713e-05,-8.7574e-05,5.156e-05,5.973e-05,-0.0019771,-0.33297,-0.00065643,0.33389,-0.33314,0.00062846,-0.00057476,-0.0003116,-0.00072196
-3.2906e-06,-2.9286e-05,3.8529e-05,-1.8912e-05,8.5872e-05,0.33325,-0.00044992,-0.33314,0.33361,-0.00013861,0.00024551,7.4294e-05,-0.00012092
-3.0798e-05,-0.0002163,-0.00010124,0.000157,-0.0028293,0.00076742,-0.00022222,0.00062846,-0.00013861,0.0054406,-0.0015608,-0.0013487,-0.0024842
4.2649e-05,9.4159e-05,3.3372e-05,-0.00016219,0.00050967,-0.00082391,0.00029482,-0.00057476,0.00024551,-0.0015608,0.0023471,0.00065201,0.0011467
1.4429e-05,6.4775e-05,-4.0665e-05,-8.3999e-05,0.0015205,-0.00038708,0.00018261,-0.0003116,7.4294e-05,-0.0013487,0.00065201,0.00079028,0.00057526
8.1608e-06,0.00024211,-6.4969e-05,-0.00011413,0.0023472,-0.00060172,0.00067439,-0.00072196,-0.00012092,-0.0024842,0.0011467,0.00057526,0.0034518
100.93,100.93,100.93,100.93,100.93,100.93,100.93,100.93,100.93,100.93,100.93,100.93,100.93
