140.62,83.333,121.57,391.12,10.562,350.94,486.21,678.43,327.49,50.427
1361.6,686.75,690.2,1852.7,29.788,600.6,801.31,1035.4,538.96,322
6.0405e-05,-6.561e-05,-1.745e-05,-2.5446e-05,0.0024735,1.0545e-05,0.00012664,-4.1496e-05,-4.7273e-05,4.4338e-05
-6.561e-05,0.00014107,2.494e-05,3.8377e-05,-0.0040294,3.0867e-05,-0.00014616,9.0387e-05,5.1837e-05,5.6553e-05
-1.745e-05,2.494e-05,0.00011699,3.6868e-07,8.2432e-05,3.833e-05,0.0002748,-8.1632e-05,-0.00012265,8.4722e-05
-2.5446e-05,3.8377e-05,3.6868e-07,3.8276e-05,-0.0021871,-3.3774e-05,-0.00012148,3.2995e-05,6.6353e-05,-5.2979e-05
0.0024735,-0.0040294,8.2432e-05,-0.0021871,0.31858,-0.0055512,0.005145,-0.0048586,0.00069427,-0.00087747
1.0545e-05,3.0867e-05,3.833e-05,-3.3774e-05,-0.0055512,0.33381,0.00041232,-0.3333,0.33289,0.00026387
0.00012664,-0.00014616,0.0002748,-0.00012148,0.005145,0.00041232,0.0021478,-0.00067579,-0.0010838,0.00079815
-4.1496e-05,9.0387e-05,-8.1632e-05,3.2995e-05,-0.0048586,-0.3333,-0.00067579,0.3337,-0.33301,-0.00010975
-4.7273e-05,5.1837e-05,-0.00012265,6.6353e-05,0.00069427,0.33289,-0.0010838,-0.33301,0.3341,-0.00038083
4.4338e-05,5.6553e-05,8.4722e-05,-5.2979e-05,-0.00087747,0.00026387,0.00079815,-0.00010975,-0.00038083,0.00074709
74.316,74.316,74.316,74.316,74.316,74.316,74.316,74.316,74.316,74.316
946.85,365.78,337.5,1196.5,19.729,475.88,596.18,872.67,396.79,208.06
1,1,1,1,1,1,1,1,1,1
