789.11,697.74,715.41,716.8,13.574,399.21,748.16,912.59,513.38,60.199
355.34,469.7,258.82,513.35,2.3959,181.74,316.5,421.85,17.833,13.845
1012.8,903.23,850.98,963.63,19.75,465.02,986.35,1178.4,760.16,93.827
0.26869,-0.019863,0.068514,-0.066282,0.0036194,-0.16786,0.076966,-0.26403,-0.096122,-0.2665
-0.019863,0.011816,-0.0021316,0.014652,0.010319,-0.0043823,0.056553,-0.012777,-0.0084076,0.084229
0.068514,-0.0021316,0.020706,-0.013113,-0.017381,-0.050213,0.041606,-0.079427,-0.029168,-0.041252
-0.066282,0.014652,-0.013113,0.026251,0.0050256,0.024375,0.040239,0.034086,0.0097175,0.13078
0.0036194,0.010319,-0.017381,0.0050256,0.99814,-0.026658,-0.011254,-0.0040554,0.022599,0.0058959
-0.16786,-0.0043823,-0.050213,0.024375,-0.026658,0.46973,-0.15383,-0.11222,0.41798,0.052035
0.076966,0.056553,0.041606,0.040239,-0.011254,-0.15383,0.42614,-0.28586,-0.13212,0.32063
-0.26403,-0.012777,-0.079427,0.034086,-0.0040554,-0.11222,-0.28586,0.70261,-0.18519,0.053245
-0.096122,-0.0084076,-0.029168,0.0097175,0.022599,0.41798,-0.13212,-0.18519,0.39688,0.0012776
-0.2665,0.084229,-0.041252,0.13078,0.0058959,0.052035,0.32063,0.053245,0.0012776,0.70117
51.892,51.892,51.892,51.892,51.892,51.892,51.892,51.892,51.892,51.892
