678.55,733.16,712.05,82.387,81.856,1007,872.8,1346,339.02,21.851,524.6,169.81,28.748
236.24,531.65,309.8,54.371,12.743,488.72,262.34,580.63,13.38,5.45,225.9,73.514,15.734
1089.2,1000,901.96,161.35,176.7,1531,1192,1544.3,858.18,34.711,845.63,209.38,46.41
0.0046394,-0.0038041,-0.004196,0.041675,0.019434,-0.0024665,-0.018818,0.008179,0.010646,-0.0097497,-0.0046103,0.040371,-0.013122
-0.0038041,0.029921,-0.017386,0.0069623,-0.011101,0.038965,0.016239,0.016908,-0.022069,-0.0025983,-0.08949,-0.11517,-0.067964
-0.004196,-0.017386,0.021233,-0.082059,0.010496,-0.027947,0.015788,-0.025993,0.0019508,0.019794,0.073747,0.02453,0.073617
0.041675,0.0069623,-0.082059,0.85295,-0.068488,-0.0083068,-0.24447,0.15443,0.16275,0.0078793,-0.038659,-0.01426,0.014368
0.019434,-0.011101,0.010496,-0.068488,0.95783,-0.065782,-0.11704,0.041719,0.1075,0.0010208,-0.059899,-0.012731,0.0011493
-0.0024665,0.038965,-0.027947,-0.0083068,-0.065782,0.45412,0.040999,-0.29889,0.24699,-0.01428,-0.29782,-0.016111,-0.0033419
-0.018818,0.016239,0.015788,-0.24447,-0.11704,0.040999,0.10337,-0.041239,-0.082218,0.0068649,-0.050919,-0.071731,0.011112
0.008179,0.016908,-0.025993,0.15443,0.041719,-0.29889,-0.041239,0.3789,-0.32222,-0.017819,-0.11166,-0.028994,-0.010959
0.010646,-0.022069,0.0019508,0.16275,0.1075,0.24699,-0.082218,-0.32222,0.43079,-0.0035397,0.18616,-0.012883,-0.007618
-0.0097497,-0.0025983,0.019794,0.0078793,0.0010208,-0.01428,0.0068649,-0.017819,-0.0035397,0.99879,-0.00831,-0.00085078,-0.0023806
-0.0046103,-0.08949,0.073747,-0.038659,-0.059899,-0.29782,-0.050919,-0.11166,0.18616,-0.00831,0.80317,-0.029095,-0.014486
0.040371,-0.11517,0.02453,-0.01426,-0.012731,-0.016111,-0.071731,-0.028994,-0.012883,-0.00085078,-0.029095,0.97623,-0.0093056
-0.013122,-0.067964,0.073617,0.014368,0.0011493,-0.0033419,0.011112,-0.010959,-0.007618,-0.0023806,-0.014486,-0.0093056,0.98884
64.134,64.134,64.134,64.134,64.134,64.134,64.134,64.134,64.134,64.134,64.134,64.134,64.134
