0.44589,0.399,0.19575,0.28145,0.27941,0.12307,0.16134,0.33142,0.17265,0.45137,0.75754,0.24381,0.74672,0.45817,0.19734,0.22206,0.21251,0.79197,-0.07346,0.48109,0.48109,0.48109,0.00021635
0.34849,0.3036,0.15853,0.23269,0.024584,0.0011182,0.13113,0.14499,0.0016212,0.31628,0.16558,0.0076238,0.23703,0.2462,0.0046116,0.0066361,0.001439,0.15024,-0.15202,0.33435,0.33435,0.33435,1.6626e-05
0.68484,0.62619,0.2773,0.41116,0.45098,0.35228,0.19003,0.47278,0.54347,0.58439,0.94366,0.84219,0.94854,0.91572,0.85312,0.82494,0.72836,0.99996,-0.033828,0.70729,0.70729,0.70729,0.00049697
860.44,-175.98,37.058,-76.559,-138.44,-25.043,-10.671,-146.59,-35.689,-102.25,2.1537,48.219,36.303,-21.991,-67.553,-9.9943,-17.08,37.35,69.301,-25.834,-25.834,-25.834,0.24924
-175.98,758.37,83.31,-108.17,-155.52,-31.348,-5.0603,-198.71,-35.15,-110.47,14.461,45.985,49.729,-40.123,-64.088,-22.57,-6.3142,29.581,88.03,31.106,31.106,31.106,0.45984
37.058,83.31,921.51,40.171,1.816,0.45603,-9.2366,65.427,-15.703,-8.7265,-25.432,11.11,-20.515,32.291,-26.437,27.089,-34.284,22.309,-24.664,-107.38,-107.38,-107.38,-0.36073
-76.559,-108.17,40.171,941.04,-66.753,-15.917,8.9395,-86.911,-23.154,-29.53,-24.538,32.198,4.3768,38.631,-60.665,-7.0609,-27.818,33.147,28.972,40.021,40.021,40.021,0.20094
-138.44,-155.52,1.816,-66.753,817.07,4.1554,-18.965,-154.67,-31.954,-112.18,-71.468,110.04,-30.765,25.269,-56.919,80.329,-20.962,-10.185,69.925,-88.828,-88.828,-88.828,0.1084
-25.043,-31.348,0.45603,-15.917,4.1554,914.72,20.796,-1.2027,-83.873,-61.437,64.645,-98.435,44.613,-75.814,-44.77,-11.029,-95.096,23.51,-30.344,12.329,12.329,12.329,-0.18594
-10.671,-5.0603,-9.2366,8.9395,-18.965,20.796,978.82,-8.148,22.278,-13.729,18.361,18.12,22.055,-27.261,15.57,-23.88,40.957,6.9724,27.765,-49.558,-49.558,-49.558,0.060509
-146.59,-198.71,65.427,-86.911,-154.67,-1.2027,-8.148,815.17,-7.2617,-96.831,-31.554,88.551,-6.3607,-25.472,-12.192,52.169,24.352,-37.541,79.164,12.624,12.624,12.624,0.37147
-35.689,-35.15,-15.703,-23.154,-31.954,-83.873,22.278,-7.2617,798.22,-52.711,7.11,-196.08,-17.249,-4.5759,-109.49,56.003,-269.55,-1.0019,-57.076,-28.045,-28.045,-28.045,-0.32841
-102.25,-110.47,-8.7265,-29.53,-112.18,-61.437,-13.729,-96.831,-52.711,840.26,58.594,-4.221,41.027,-157.1,8.2457,53.824,-14.683,-40.016,35.998,-92.029,-92.029,-92.029,-0.10814
2.1537,14.461,-25.432,-24.538,-71.468,64.645,18.361,-31.554,7.11,58.594,769.63,160.38,-179.01,256.71,-53.712,168.91,-50.239,-44.887,-16.499,3.8062,3.8062,3.8062,-0.1012
48.219,45.985,11.11,32.198,110.04,-98.435,18.12,88.551,-196.08,-4.221,160.38,628.13,70.038,-164,-14.538,-47.792,-240.72,-24.677,-87.228,28.148,28.148,28.148,-0.26957
36.303,49.729,-20.515,4.3768,-30.765,44.613,22.055,-6.3607,-17.249,41.027,-179.01,70.038,813.49,136.26,36.332,227.51,-61.356,-150.29,-46.982,14.228,14.228,14.228,-0.22982
-21.991,-40.123,32.291,38.631,25.269,-75.814,-27.261,-25.472,-4.5759,-157.1,256.71,-164,136.26,552.93,212.88,-3.2021,104.69,-159.22,21.561,-39.477,-39.477,-39.477,-0.015292
-67.553,-64.088,-26.437,-60.665,-56.919,-44.77,15.57,-12.192,-109.49,8.2457,-53.712,-14.538,36.332,212.88,731.27,-122.24,-190.02,241.36,-1.5322,-26.558,-26.558,-26.558,-0.053026
-9.9943,-22.57,27.089,-7.0609,80.329,-11.029,-23.88,52.169,56.003,53.824,168.91,-47.792,227.51,-3.2021,-122.24,625.9,76.947,296.4,57.935,23.877,23.877,23.877,0.43957
-17.08,-6.3142,-34.284,-27.818,-20.962,-95.096,40.957,24.352,-269.55,-14.683,-50.239,-240.72,-61.356,104.69,-190.02,76.947,607.34,31.98,-98.089,-18.134,-18.134,-18.134,-0.49203
37.35,29.581,22.309,33.147,-10.185,23.51,6.9724,-37.541,-1.0019,-40.016,-44.887,-24.677,-150.29,-159.22,241.36,296.4,31.98,655.78,-36.817,24.583,24.583,24.583,-0.16976
69.301,88.03,-24.664,28.972,69.925,-30.344,27.765,79.164,-57.076,35.998,-16.499,-87.228,-46.982,21.561,-1.5322,57.935,-98.089,-36.817,924.66,29.977,29.977,29.977,-0.32198
-25.834,31.106,-107.38,40.021,-88.828,12.329,-49.558,12.624,-28.045,-92.029,3.8062,28.148,14.228,-39.477,-26.558,23.877,-18.134,24.583,29.977,756.34,-243.66,-243.66,-0.35397
-25.834,31.106,-107.38,40.021,-88.828,12.329,-49.558,12.624,-28.045,-92.029,3.8062,28.148,14.228,-39.477,-26.558,23.877,-18.134,24.583,29.977,-243.66,756.34,-243.66,-0.35397
-25.834,31.106,-107.38,40.021,-88.828,12.329,-49.558,12.624,-28.045,-92.029,3.8062,28.148,14.228,-39.477,-26.558,23.877,-18.134,24.583,29.977,-243.66,-243.66,756.34,-0.35397
0.24924,0.45984,-0.36073,0.20094,0.1084,-0.18594,0.060509,0.37147,-0.32841,-0.10814,-0.1012,-0.26957,-0.22982,-0.015292,-0.053026,0.43957,-0.49203,-0.16976,-0.32198,-0.35397,-0.35397,-0.35397,1000
