1296.6,1209.9,329.54,-476.98,1009.6,1009.6,1009.6,837.81,-647.85
557.96,398.14,-288.21,-931.54,49.591,49.591,49.591,0.017933,-2900.2
3153,3150.6,732.58,205.96,1528,1528,1528,6035.1,-17.96
0.00058424,-0.00054555,-0.00010256,-2.3387e-05,2.102e-06,2.102e-06,2.102e-06,-1.6431e-05,-8.7014e-06
-0.00054555,0.0005253,9.9093e-05,2.2202e-05,-1.8296e-06,-1.8296e-06,-1.8296e-06,1.1964e-05,1.4491e-05
-0.00010256,9.9093e-05,0.0001241,-3.1178e-05,-1.5403e-05,-1.5403e-05,-1.5403e-05,6.2611e-06,4.3749e-06
-2.3387e-05,2.2202e-05,-3.1178e-05,2.4565e-05,5.2187e-06,5.2187e-06,5.2187e-06,1.3809e-06,3.1343e-06
2.102e-06,-1.8296e-06,-1.5403e-05,5.2187e-06,0.66667,-0.33333,-0.33333,-5.5484e-07,-1.8471e-07
2.102e-06,-1.8296e-06,-1.5403e-05,5.2187e-06,-0.33333,0.66667,-0.33333,-5.5484e-07,-1.8471e-07
2.102e-06,-1.8296e-06,-1.5403e-05,5.2187e-06,-0.33333,-0.33333,0.66667,-5.5484e-07,-1.8471e-07
-1.6431e-05,1.1964e-05,6.2611e-06,1.3809e-06,-5.5484e-07,-5.5484e-07,-5.5484e-07,3.5011e-06,3.1718e-06
-8.7014e-06,1.4491e-05,4.3749e-06,3.1343e-06,-1.8471e-07,-1.8471e-07,-1.8471e-07,3.1718e-06,1.3326e-05
78.475,78.475,78.475,78.475,78.475,78.475,78.475,78.475,78.475
