0.3665,0.32604,0.15265,0.15851,0.14533,0.27305,0.17817,0.079665,0.27303,0.025247,0.82301,0.41684,0.81976,0.17539,0.25215,0.33958,0.33054,0.69428,-0.054246,0.46084,0.46084,0.46084,0.00026756
0.13312,0.103,0.038675,0.049681,0.004391,0.070109,0.075359,0.0017056,0.00052688,0.00044469,0.11057,0.086918,0.0012919,0.0014661,0.016209,0.010148,0.024831,0.0063498,-0.20292,0.22732,0.22732,0.22732,3.5434e-06
0.81009,0.75639,0.29962,0.30683,0.39797,0.63896,0.29226,0.21721,0.76614,0.095176,0.99621,0.99375,0.99955,0.95487,0.98008,0.99967,0.93792,0.98898,0.016693,0.79548,0.79548,0.79548,0.0042396
686.67,-291.45,-89.437,-105.18,-73.345,-182.34,-83.82,-43.64,-130.82,14.296,2.02,31.752,4.7455,0.99055,-0.078316,0.3863,-33.563,20.316,-11.525,0.40928,0.40928,0.40928,-2.1963
-291.45,695.93,-21.373,-51.067,-110.62,-188.12,-76.427,-11.897,-147.6,-7.211,-32.006,12.092,19.598,-50.58,4.3069,3.4988,2.4392,-28.177,-31.49,20.808,20.808,20.808,-1.5071
-89.437,-21.373,826.47,-140.42,47.981,-19.368,-48.497,-48.238,-0.93075,64.896,21.404,-18.668,21.547,80.498,-3.9236,-38.927,-57.672,13.379,50.565,-52.124,-52.124,-52.124,-1.6948
-105.18,-51.067,-140.42,855.2,39.956,-26.015,-81.788,-65.349,23.435,19.05,12.855,-29.656,11.181,50.044,-22.308,-21.734,-70.555,-0.13279,57.693,-47.115,-47.115,-47.115,-1.6491
-73.345,-110.62,47.981,39.956,322.2,199.25,-145.9,7.9633,-92.693,38.264,-76.311,-11.03,-20.363,-54.251,-24.683,19.253,-53.42,14.577,76.584,-1.5159,-1.5159,-1.5159,-0.2365
-182.34,-188.12,-19.368,-26.015,199.25,527.36,24.163,-139.75,-155.95,-67.975,-25.149,-3.0841,38.725,-14.398,13.008,32.877,22.351,13.662,-7.4116,22.702,22.702,22.702,0.19189
-83.82,-76.427,-48.497,-81.788,-145.9,24.163,478.82,23.829,170.08,-82.216,94.727,50.719,6.5669,49.9,25.314,-57.155,22.805,-21.002,-28.182,8.1973,8.1973,8.1973,-1.5936
-43.64,-11.897,-48.238,-65.349,7.9633,-139.75,23.829,550.26,202.3,32.074,-44.39,95.061,-82.627,-112,-6.8158,-60.077,-40.201,11.724,31.469,-42.681,-42.681,-42.681,-1.904
-130.82,-147.6,-0.93075,23.435,-92.693,-155.95,170.08,202.3,412.3,12.553,45.22,-16.728,-66.841,0.99804,-16.523,-8.0295,44.873,-11.989,-25.154,-33.045,-33.045,-33.045,3.1563
14.296,-7.211,64.896,19.05,38.264,-67.975,-82.216,32.074,12.553,750.96,-22.772,-1.6081,13.937,-40.21,-27.055,87.938,-29.917,44.812,62.845,-18.258,-18.258,-18.258,0.88338
2.02,-32.006,21.404,12.855,-76.311,-25.149,94.727,-44.39,45.22,-22.772,398.63,79.762,173.35,88.917,-198.77,110.76,-21.134,-236.69,-5.1244,14.826,14.826,14.826,-1.8831
31.752,12.092,-18.668,-29.656,-11.03,-3.0841,50.719,95.061,-16.728,-1.6081,79.762,401.07,107.52,-170.04,41.126,-37.271,-327.46,-53.471,6.2423,2.7686,2.7686,2.7686,0.92701
4.7455,19.598,21.547,11.181,-20.363,38.725,6.5669,-82.627,-66.841,13.937,173.35,107.52,333.08,36.922,-9.975,40.874,-173.13,-242.41,23.377,2.2384,2.2384,2.2384,3.7303
0.99055,-50.58,80.498,50.044,-54.251,-14.398,49.9,-112,0.99804,-40.21,88.917,-170.04,36.922,394.3,120.25,-238.54,76.757,-63.664,89.284,17.33,17.33,17.33,1.279
-0.078316,4.3069,-3.9236,-22.308,-24.683,13.008,25.314,-6.8158,-16.523,-27.055,-198.77,41.126,-9.975,120.25,324.37,-310.23,-99.848,73.61,33.359,-1.5875,-1.5875,-1.5875,2.1169
0.3863,3.4988,-38.927,-21.734,19.253,32.877,-57.155,-60.077,-8.0295,87.938,110.76,-37.271,40.874,-238.54,-310.23,441.35,120.72,-7.4892,-100.78,-0.41236,-0.41236,-0.41236,1.3993
-33.563,2.4392,-57.672,-70.555,-53.42,22.351,22.805,-40.201,44.873,-29.917,-21.134,-327.46,-173.13,76.757,-99.848,120.72,404.23,99.608,-83.288,0.32951,0.32951,0.32951,-0.75244
20.316,-28.177,13.379,-0.13279,14.577,13.662,-21.002,11.724,-11.989,44.812,-236.69,-53.471,-242.41,-63.664,73.61,-7.4892,99.608,289.12,-5.0894,-1.9475,-1.9475,-1.9475,1.722
-11.525,-31.49,50.565,57.693,76.584,-7.4116,-28.182,31.469,-25.154,62.845,-5.1244,6.2423,23.377,89.284,33.359,-100.78,-83.288,-5.0894,435.48,14.677,14.677,14.677,-2.1543
0.40928,20.808,-52.124,-47.115,-1.5159,22.702,8.1973,-42.681,-33.045,-18.258,14.826,2.7686,2.2384,17.33,-1.5875,-0.41236,0.32951,-1.9475,14.677,690.34,-309.66,-309.66,-0.017144
0.40928,20.808,-52.124,-47.115,-1.5159,22.702,8.1973,-42.681,-33.045,-18.258,14.826,2.7686,2.2384,17.33,-1.5875,-0.41236,0.32951,-1.9475,14.677,-309.66,690.34,-309.66,-0.017144
0.40928,20.808,-52.124,-47.115,-1.5159,22.702,8.1973,-42.681,-33.045,-18.258,14.826,2.7686,2.2384,17.33,-1.5875,-0.41236,0.32951,-1.9475,14.677,-309.66,-309.66,690.34,-0.017144
-2.1963,-1.5071,-1.6948,-1.6491,-0.2365,0.19189,-1.5936,-1.904,3.1563,0.88338,-1.8831,0.92701,3.7303,1.279,2.1169,1.3993,-0.75244,1.722,-2.1543,-0.017144,-0.017144,-0.017144,999.9
