159.28,0.73178,0.79608,0.097571,0.093978,1.0844,1.0017,1.4835,0.3991,0.022687,0.56065,0.1869,0.022904
60.476,0.62963,0.67451,0.054371,0.012743,0.48872,0.71969,1.3469,0.01338,0.0085024,0.2259,0.16175,0.015734
278.82,0.93363,0.88628,0.16135,0.1767,1.531,1.192,1.5443,0.85818,0.031907,0.84563,0.20938,0.036249
0.00162,0.14221,-0.70831,0.051337,0.026977,-0.30255,-0.72957,-0.53881,-0.23625,-0.034725,-0.11164,0.11622,0.0086565
0.14221,240.8,-44.329,-129.24,-73.386,29.694,-273.22,125.99,96.297,3.7934,-108.07,-109.52,-44.214
-0.70831,-44.329,993.88,-10.321,-10.026,-37.622,0.47621,1.409,39.031,-0.53044,-28.676,-6.2678,-2.7263
0.051337,-129.24,-10.321,975.82,-17.004,-25.871,-33.6,16.774,42.645,0.054897,-35.972,-18.543,-7.6403
0.026977,-73.386,-10.026,-17.004,983.57,-61.128,0.30762,2.5076,63.635,-0.85604,-46.816,-10.38,-4.509
-0.30255,29.694,-37.622,-25.871,-61.128,560.15,193.83,-71.22,368.63,-8.5298,-245.07,5.6968,0.11758
-0.72957,-273.22,0.47621,-33.6,0.30762,193.83,825.21,73.018,-120.81,4.8642,65.184,-40.003,-15.239
-0.53881,125.99,1.409,16.774,2.5076,-71.22,73.018,969.07,40.293,-1.8961,-19.738,18.388,7.094
-0.23625,96.297,39.031,42.645,63.635,368.63,-120.81,40.293,671.66,6.6337,225.33,12.691,6.9763
-0.034725,3.7934,-0.53044,0.054897,-0.85604,-8.5298,4.8642,-1.8961,6.6337,999.82,-4.223,0.57421,0.19013
-0.11164,-108.07,-28.676,-35.972,-46.816,-245.07,65.184,-19.738,225.33,-4.223,842.94,-14.787,-7.2099
0.11622,-109.52,-6.2678,-18.543,-10.38,5.6968,-40.003,18.388,12.691,0.57421,-14.787,984.2,-6.3729
0.0086565,-44.214,-2.7263,-7.6403,-4.509,0.11758,-15.239,7.094,6.9763,0.19013,-7.2099,-6.3729,997.42
