169.19,0.71512,0.71317,0.020406,0.49113,0.018918,0.27267,0.16409,0.066353
64.615,0.19502,0.42745,0.0066707,0.31057,0.0027515,0.16353,0.041105,0.00021971
299.26,0.95,0.9451,0.0651,0.95889,0.044576,0.51121,0.26444,0.1985
0.00029512,-0.017994,0.064555,2.4793,0.60886,-2.9631,-1.3757,0.31752,0.46788
-0.017994,28.598,-12.966,-2447.7,67.221,1050.3,235.76,-120.13,-151.46
0.064555,-12.966,110.7,8144.9,67.535,-5190.2,-1144.8,559.11,679.87
2.4793,-2447.7,8144.9,1.8586e+06,-29918,-7.9988e+05,-2.1345e+05,1.0133e+05,1.1281e+05
0.60886,67.221,67.535,-29918,4522.7,6636.8,-3777.6,-871.56,-628.49
-2.9631,1050.3,-5190.2,-7.9988e+05,6636.8,4.5861e+05,93501,-51678,-58867
-1.3757,235.76,-1144.8,-2.1345e+05,-3777.6,93501,38448,-12515,-14227
0.31752,-120.13,559.11,1.0133e+05,-871.56,-51678,-12515,6407.5,6922.4
0.46788,-151.46,679.87,1.1281e+05,-628.49,-58867,-14227,6922.4,8298.2
