1364.3,1350.3,78.663,-1261.3,1389,1389,1389,634.74,-243.65
817.71,784.69,-187.07,-1618.9,1288.2,1288.2,1288.2,0.017267,-2346.2
2640.3,2633.7,230.03,-790.97,1485.1,1485.1,1485.1,3109.1,583.8
0.62628,-0.39529,0.14896,-0.068565,-0.010361,-0.010361,-0.010361,-0.19926,-0.10429
-0.39529,0.58094,0.16263,-0.090457,-0.018834,-0.018834,-0.018834,-0.19271,-0.11982
0.14896,0.16263,0.89683,0.056222,0.10834,0.10834,0.10834,-0.0065178,0.073949
-0.068565,-0.090457,0.056222,0.10829,0.046055,0.046055,0.046055,0.22672,0.15078
-0.010361,-0.018834,0.10834,0.046055,0.69451,-0.30549,-0.30549,0.084271,0.063681
-0.010361,-0.018834,0.10834,0.046055,-0.30549,0.69451,-0.30549,0.084271,0.063681
-0.010361,-0.018834,0.10834,0.046055,-0.30549,-0.30549,0.69451,0.084271,0.063681
-0.19926,-0.19271,-0.0065178,0.22672,0.084271,0.084271,0.084271,0.49417,0.31681
-0.10429,-0.11982,0.073949,0.15078,0.063681,0.063681,0.063681,0.31681,0.21014
46.737,46.737,46.737,46.737,46.737,46.737,46.737,46.737,46.737
