546.72,101.69,530.98,796.96,12.849,445.19,675.42,840.43,395.24,524.5
36.058,62.893,368.63,599.23,2.5446,228.36,487.2,724.54,-23.684,234.84
1328.1,138.3,623.53,1017.8,42.562,795.48,830.79,956.67,593.8,815.82
0.021161,0.016344,-0.10161,-0.023678,-0.0052121,-0.069304,-0.023888,-0.058423,0.010881,0.025009
0.016344,0.98643,0.04788,-0.06691,-0.0016868,-0.050479,0.017297,-0.012829,0.03765,-0.043827
-0.10161,0.04788,0.81679,0.2781,0.0036981,0.16483,-0.091526,0.023935,-0.14089,0.060871
-0.023678,-0.06691,0.2781,0.15064,0.024834,-0.025909,0.043738,-0.14926,-0.12335,0.069644
-0.0052121,-0.0016868,0.0036981,0.024834,0.99729,-0.025293,0.010051,0.0068599,0.032153,-0.014966
-0.069304,-0.050479,0.16483,-0.025909,-0.025293,0.65742,0.14554,0.024543,0.36712,-0.18116
-0.023888,0.017297,-0.091526,0.043738,0.010051,0.14554,0.82843,-0.097692,-0.24323,-0.20245
-0.058423,-0.012829,0.023935,-0.14926,0.0068599,0.024543,-0.097692,0.89119,-0.13336,-0.20631
0.010881,0.03765,-0.14089,-0.12335,0.032153,0.36712,-0.24323,-0.13336,0.49952,-0.025151
0.025009,-0.043827,0.060871,0.069644,-0.014966,-0.18116,-0.20245,-0.20631,-0.025151,0.15122
45.728,45.728,45.728,45.728,45.728,45.728,45.728,45.728,45.728,45.728
