590.7,443.62,-269.24,-1094,298.61,298.61,298.61,1.2977,-2557.3
2971.9,2943.7,682.3,217.91,1285.7,1285.7,1285.7,5566.3,-235.88
0.0013667,-0.0012138,-0.0002996,-3.1785e-05,4.3728e-05,4.3728e-05,4.3728e-05,-3.4355e-05,1.9677e-05
-0.0012138,0.00114,0.00027374,2.4353e-05,-4.0885e-05,-4.0885e-05,-4.0885e-05,1.8539e-05,1.6837e-05
-0.0002996,0.00027374,0.00021931,-3.9559e-05,-4.3446e-05,-4.3446e-05,-4.3446e-05,8.4338e-06,-6.4406e-06
-3.1785e-05,2.4353e-05,-3.9559e-05,2.2584e-05,8.2498e-06,8.2498e-06,8.2498e-06,2.8424e-07,-8.3603e-07
4.3728e-05,-4.0885e-05,-4.3446e-05,8.2498e-06,0.66668,-0.33332,-0.33332,-2.0879e-06,-1.6904e-06
4.3728e-05,-4.0885e-05,-4.3446e-05,8.2498e-06,-0.33332,0.66668,-0.33332,-2.0879e-06,-1.6904e-06
4.3728e-05,-4.0885e-05,-4.3446e-05,8.2498e-06,-0.33332,-0.33332,0.66668,-2.0879e-06,-1.6904e-06
-3.4355e-05,1.8539e-05,8.4338e-06,2.8424e-07,-2.0879e-06,-2.0879e-06,-2.0879e-06,1.0253e-05,5.8289e-06
1.9677e-05,1.6837e-05,-6.4406e-06,-8.3603e-07,-1.6904e-06,-1.6904e-06,-1.6904e-06,5.8289e-06,4.9391e-05
72.96,72.96,72.96,72.96,72.96,72.96,72.96,72.96,72.96
1333.9,1247.3,382.7,-488.24,953.75,953.75,953.75,913.35,-880.36
1,1,1,1,1,1,1,1,1
