673.09,658.87,683.92,728.79,30.902,597.28,832.65,1098.2,500.96,115.06
268.32,412.5,584.31,596.74,13.138,401.47,586.24,1011.5,-5.3515,35.213
1162.8,819.9,827.45,853.25,81.375,1068.2,960.16,1232.5,643.26,186.75
0.058069,0.039804,0.16513,0.06017,0.0081926,0.093159,0.043082,0.081034,-0.012125,-0.069991
0.039804,0.25662,-0.033051,-0.20147,0.01796,0.20024,0.15891,0.2745,0.074244,0.030469
0.16513,-0.033051,0.56741,0.35618,0.0089554,0.18481,0.036157,0.10352,-0.081286,-0.1931
0.06017,-0.20147,0.35618,0.53449,0.010169,-0.0037904,-0.092844,-0.072006,-0.068219,0.24303
0.0081926,0.01796,0.0089554,0.010169,0.99567,-0.041258,0.018336,-0.00024722,0.041011,-0.0046466
0.093159,0.20024,0.18481,-0.0037904,-0.041258,0.5773,0.1359,-0.051201,0.3715,0.016501
0.043082,0.15891,0.036157,-0.092844,0.018336,0.1359,0.80383,-0.13969,-0.27558,0.079917
0.081034,0.2745,0.10352,-0.072006,-0.00024722,-0.051201,-0.13969,0.83237,-0.11643,0.077609
-0.012125,0.074244,-0.081286,-0.068219,0.041011,0.3715,-0.27558,-0.11643,0.51209,0.061109
-0.069991,0.030469,-0.1931,0.24303,-0.0046466,0.016501,0.079917,0.077609,0.061109,0.86244
42.694,42.694,42.694,42.694,42.694,42.694,42.694,42.694,42.694,42.694
