275.68,173.87,-231.87,163.77,1.6323,1.545,156.55,156.27,76.29,946.11,7.453,27.896,25.509,126.26,290,36.865,289,118.35,-270.12,-187.86,-187.86,-187.86,20.901,-351.03,-85714,0,-141.18,359,317.24,64.23,5.2829,163.97,224.97,53.587,212.82,176.8,225.97,34.6,114.58,109.87,37.783,197.24,45.007,962.83,69.287,-214.56,201.4,201.4,201.4,3.1984,-218.17,-83571,140.35,-47.059
403.72,342.04,-171.38,203.19,333.61,289.6,237.72,324.51,224.21,999,146.26,288.94,301.22,956.69,983.51,118.93,991.6,956.62,-212.06,-130.34,-130.34,-130.34,41.754,-136.46,2.24e+05,301.63,156.86,481.21,446.79,182.21,165.95,374.59,302.03,221.75,292.85,323.15,992.09,252.27,970.13,946.53,255.29,990.15,245.49,994.91,154.1,122.09,314.55,314.55,314.55,77.411,402.87,2.3143e+05,258.12,282.35
0.98043,-0.026414,-0.0014501,0.0055512,-0.052541,0.011276,-0.004232,-0.013575,-0.017601,-0.0033474,0.028281,0.0054624,0.0098002,0.0044535,0.014756,0.017929,0.016914,0.0066698,-0.0026164,0.0027343,0.0027343,0.0027343,-0.001456,0.04315,0.00022855,-0.0051128,0.04367,0.010088,0.015096,-0.011727,-0.013301,0.0059333,0.0099487,-0.0098367,0.00082755,0.019507,-0.0019508,0.021718,0.051218,0.054857,-0.014703,0.0025607,0.0014124,-0.00083108,0.0022697,-0.028354,0.0018591,0.0018591,0.0018591,0.001391,0.028796,-0.00034526,-0.0043266,0.012128
-0.026414,0.96409,-0.0023964,0.0076136,-0.072348,0.017227,-0.0057876,-0.018384,-0.023398,-0.004534,0.038775,0.0073147,0.013345,0.00028197,0.024841,0.024714,0.027667,0.0033537,-0.0039,0.0034271,0.0034271,0.0034271,-0.0019396,0.059101,-0.0011751,-0.0061052,0.059768,0.014541,0.02117,-0.015305,-0.019073,0.0091404,0.013963,-0.012557,0.0011523,0.027378,0.0021754,0.030777,0.064322,0.069446,-0.021649,0.0087708,0.0022402,-0.0011094,0.0023331,-0.036381,0.0018312,0.0018312,0.0018312,0.0024437,0.043366,0.00093473,-0.0053859,0.018021
-0.0014501,-0.0023964,0.99916,0.00061608,-0.0063083,0.0041979,-0.00044271,-0.001112,-0.0007113,-0.00027554,0.0031156,0.00030626,0.00092269,-0.0092509,0.009336,0.0021966,0.0093506,-0.0089513,-0.00081264,-0.00023769,-0.00023769,-0.00023769,-6.5639e-05,0.0046529,-0.0026186,0.00095674,0.0046376,0.0023016,0.0024547,4.3937e-06,-0.0028641,0.0023377,0.0016351,0.00047236,0.00012225,0.0032082,0.0078985,0.0040692,-0.0042354,-0.0036074,-0.0041161,0.0090819,0.00066619,-4.1478e-05,-0.0010548,0.0010504,-0.0009956,-0.0009956,-0.0009956,0.0010517,0.0096707,0.0024941,0.00043829,0.0036644
0.0055512,0.0076136,0.00061608,0.99837,0.015574,-0.0041342,0.001236,0.0038797,0.0048267,0.00095707,-0.0083047,-0.0015223,-0.0028346,0.0014047,-0.0064802,-0.0053266,-0.0070518,0.00073848,0.00091414,-0.00065297,-0.00065297,-0.00065297,0.00040116,-0.012643,0.00064394,0.0010792,-0.012775,-0.0032934,-0.0046532,0.003083,0.0042955,-0.0022109,-0.0030716,0.0024555,-0.00025144,-0.0060231,-0.0016861,-0.0068439,-0.012291,-0.013423,0.0050122,-0.0032019,-0.00055651,0.00023007,-0.00030352,0.0071644,-0.00021166,-0.00021166,-0.00021166,-0.00065848,-0.010265,-0.00057685,0.001016,-0.0042099
-0.052541,-0.072348,-0.0063083,0.015574,0.85091,0.041531,-0.011736,-0.036858,-0.045225,-0.0090937,0.079267,0.014489,0.027099,-0.020141,0.067207,0.050995,0.072541,-0.013754,-0.0090358,0.0058916,0.0058916,0.0058916,-0.0037606,0.12063,3.8699e-05,-0.0095713,0.12165,0.032188,0.044908,-0.028592,-0.041972,0.022171,0.029694,-0.022422,0.0023523,0.058211,0.021658,0.066323,0.11081,0.12176,-0.049439,0.036566,0.0055434,-0.0021511,0.0021002,-0.065662,0.0011817,0.0011817,0.0011817,0.0068585,0.10244,-0.00035209,-0.0091433,0.041905
0.011276,0.017227,0.0041979,-0.0041342,0.041531,0.97773,0.0029422,0.0084309,0.0072945,0.0020863,-0.020959,-0.0029641,-0.0068077,0.042376,-0.047135,-0.014326,-0.047748,0.040493,0.0043013,0.00044217,0.00044217,0.00044217,0.00062931,-0.031548,-0.0025214,-0.0027432,-0.03125,-0.012928,-0.014801,0.0027257,0.016426,-0.012115,-0.009907,0.00010474,-0.00063101,-0.019402,-0.036516,-0.02366,0.007762,0.0040164,0.022365,-0.043013,-0.0032159,0.00036203,0.0042415,0.0017445,0.0042671,0.0042671,0.0042671,-0.0051553,-0.051746,0.0025827,-0.00093891,-0.020114
-0.004232,-0.0057876,-0.00044271,0.001236,-0.011736,0.0029422,0.99904,-0.0029274,-0.0037303,-0.00072184,0.0062926,0.0011078,0.0020981,-0.00047224,0.0044317,0.0040223,0.0048658,3.3142e-05,-0.00068114,0.00051523,0.00051523,0.00051523,-0.00031087,0.0095771,-0.0032892,-0.00078475,0.0097539,0.0024505,0.0034986,-0.002391,-0.0031677,0.0016105,0.0022932,-0.0019317,0.00021564,0.0045039,0.00080136,0.0051464,0.0097877,0.010635,-0.0036958,0.0019219,0.00043815,-0.0001814,0.00026826,-0.0056184,0.00023678,0.00023678,0.00023678,0.00046296,0.0073969,0.0034276,-0.00079498,0.0030043
-0.013575,-0.018384,-0.001112,0.0038797,-0.036858,0.0084309,-0.0029274,0.99053,-0.012079,-0.0023353,0.019763,0.003856,0.0069061,0.0013462,0.011724,0.01257,0.01321,0.0028993,-0.0018939,0.0018309,0.0018309,0.0018309,-0.00099864,0.030148,0.0040222,-0.0034793,0.030394,0.0072255,0.010663,-0.0079948,-0.0095518,0.0043969,0.0070519,-0.0066259,0.00054474,0.013817,8.2976e-05,0.01539,0.034184,0.036763,-0.010655,0.0033402,0.0010106,-0.00056584,0.0014091,-0.01915,0.0010766,0.0010766,0.0010766,0.0011079,0.021281,-0.0043004,-0.0029018,0.0089609
-0.017601,-0.023398,-0.0007113,0.0048267,-0.045225,0.0072945,-0.0037303,-0.012079,0.98365,-0.0029771,0.024608,0.0049018,0.008566,0.012113,0.0063035,0.015413,0.0083499,0.014001,-0.0018654,0.0028154,0.0028154,0.0028154,-0.0013489,0.037617,-0.0024231,-0.0055349,0.038246,0.0078142,0.012499,-0.011263,-0.010388,0.0037982,0.0081985,-0.0098378,0.00073668,0.016085,-0.0085318,0.017579,0.05272,0.055699,-0.010761,-0.005165,0.00087253,-0.00077189,0.0030132,-0.0281,0.0026383,0.0026383,0.0026383,0.00048015,0.019582,0.0024006,-0.0044899,0.0085133
-0.0033474,-0.004534,-0.00027554,0.00095707,-0.0090937,0.0020863,-0.00072184,-0.0023353,-0.0029771,0.99942,0.0048752,0.00095145,0.0017041,0.00031112,0.0029088,0.0031012,0.003275,0.00069431,-0.00046804,0.00045066,0.00045066,0.00045066,-0.00024613,0.0074369,0.0010102,-0.0008567,0.0074963,0.0017846,0.0026317,-0.0019697,-0.0023593,0.0010878,0.0017408,-0.0016315,0.00013408,0.0034107,3.7708e-05,0.0037993,0.008413,0.0090496,-0.0026331,0.0008425,0.00024975,-0.00013942,0.00034535,-0.0047159,0.00026295,0.00026295,0.00026295,0.00027498,0.0052635,-0.0011145,-0.00071427,0.0022161
0.028281,0.038775,0.0031156,-0.0083047,0.079267,-0.020959,0.0062926,0.019763,0.024608,0.0048752,0.95772,-0.0077598,-0.014436,0.0068622,-0.03276,-0.02711,-0.035678,0.0034723,0.0046376,-0.0033404,-0.0033404,-0.0033404,0.002045,-0.064365,0.0029952,0.005542,-0.065038,-0.01673,-0.023664,0.015734,0.021826,-0.011204,-0.015621,0.012547,-0.0012784,-0.030631,-0.0083426,-0.034789,-0.062866,-0.06862,0.025441,-0.016039,-0.0028169,0.0011726,-0.0015848,0.036598,-0.001113,-0.001113,-0.001113,-0.0033251,-0.052065,-0.0029233,0.0052001,-0.021364
0.0054624,0.0073147,0.00030626,-0.0015223,0.014489,-0.0029641,0.0011078,0.003856,0.0049018,0.00095145,-0.0077598,0.99829,-0.0028809,-0.0017588,-0.0036542,-0.0049082,-0.0042977,-0.0023517,0.00062612,-0.00081795,-0.00081795,-0.00081795,0.0004012,-0.011873,-0.0093977,0.001874,-0.011796,-0.0026179,-0.0040341,0.003363,0.003579,-0.0014189,-0.0027043,0.0028571,-0.0001419,-0.0052802,0.0010347,-0.0056736,-0.014986,-0.015962,0.0037432,-0.00012309,-0.00021266,0.00021834,-0.00082146,0.0082076,-0.00056566,-0.00056566,-0.00056566,-0.00027463,-0.007501,0.0099097,0.0013317,-0.0033355
0.0098002,0.013345,0.00092269,-0.0028346,0.027099,-0.0068077,0.0020981,0.0069061,0.008566,0.0017041,-0.014436,-0.0028809,0.99487,0.0010857,-0.010221,-0.0092295,-0.011284,-5.2684e-05,0.0014542,-0.0012475,-0.0012475,-0.0012475,0.00070708,-0.022019,-0.008318,0.0024687,-0.022038,-0.0054764,-0.0079153,0.0056123,0.0072786,-0.0034945,-0.0052685,0.0045562,-0.00035066,-0.010309,-0.0017502,-0.011474,-0.023123,-0.025049,0.0082144,-0.004248,-0.000752,0.00039466,-0.00083399,0.01323,-0.00052461,-0.00052461,-0.00052461,-0.000963,-0.016899,0.0088376,0.0019862,-0.0071282
0.0044535,0.00028197,-0.0092509,0.0014047,-0.020141,0.042376,-0.00047224,0.0013462,0.012113,0.00031112,0.0068622,-0.0017588,0.0010857,0.87091,0.10674,0.007312,0.10445,-0.12786,-0.0073651,-0.0063702,-0.0063702,-0.0063702,0.00092842,0.0092449,0.0071992,0.017364,0.0074169,0.017982,0.013957,0.014152,-0.021946,0.023432,0.0096358,0.018087,0.00024909,0.018826,0.10771,0.026822,-0.11785,-0.11398,-0.036248,0.11779,0.0065206,0.00052216,-0.016327,0.048025,-0.015636,-0.015636,-0.015636,0.012089,0.093633,-0.0067771,0.010761,0.034653
0.014756,0.024841,0.009336,-0.0064802,0.067207,-0.047135,0.0044317,0.011724,0.0063035,0.0029088,-0.03276,-0.0036542,-0.010221,0.10674,0.89423,-0.023315,-0.10585,0.10358,0.0088236,0.0028835,0.0028835,0.0028835,0.0005852,-0.048928,-0.0052646,-0.010115,-0.047876,-0.025049,-0.026344,-0.0010357,0.031499,-0.025792,-0.017732,-0.006214,-0.0010095,-0.034713,-0.090745,-0.043708,0.052708,0.045922,0.045143,-0.1037,-0.0069635,0.00034188,0.011894,-0.014377,0.011674,0.011674,0.011674,-0.01172,-0.10785,0.0051689,-0.0051518,-0.041293
0.017929,0.024714,0.0021966,-0.0053266,0.050995,-0.014326,0.0040223,0.01257,0.015413,0.0031012,-0.02711,-0.0049082,-0.0092295,0.007312,-0.023315,0.98255,-0.025123,0.005123,0.003124,-0.0019849,-0.0019849,-0.0019849,0.0012826,-0.041246,0.0017092,0.0031401,-0.041632,-0.011075,-0.015404,0.0097093,0.014414,-0.0076759,-0.010178,0.0075881,-0.00082033,-0.019957,-0.0077692,-0.022789,-0.0374,-0.041157,0.017044,-0.012905,-0.0019435,0.00073566,-0.00063954,0.022241,-0.0003538,-0.0003538,-0.0003538,-0.0023947,-0.035324,-0.0016551,0.0030709,-0.014409
0.016914,0.027667,0.0093506,-0.0070518,0.072541,-0.047748,0.0048658,0.01321,0.0083499,0.003275,-0.035678,-0.0042977,-0.011284,0.10445,-0.10585,-0.025123,0.8938,0.10108,0.0089872,0.0024956,0.0024956,0.0024956,0.00075272,-0.053401,-0.0069005,-0.009254,-0.052389,-0.025856,-0.027745,0.00042633,0.032609,-0.026073,-0.018658,-0.0048984,-0.0010786,-0.036525,-0.089015,-0.045609,0.045523,0.038406,0.046172,-0.1023,-0.006995,0.00043544,0.011399,-0.010644,0.011259,0.011259,0.011259,-0.011688,-0.10959,0.0069252,-0.0045221,-0.042125
0.0066698,0.0033537,-0.0089513,0.00073848,-0.013754,0.040493,3.3142e-05,0.0028993,0.014001,0.00069431,0.0034723,-0.0023517,-5.2684e-05,-0.12786,0.10358,0.005123,0.10108,0.87309,-0.0069541,-0.006599,-0.006599,-0.006599,0.001086,0.0040922,0.0080433,0.017686,0.0022052,0.016554,0.012002,0.015321,-0.020099,0.022412,0.0083461,0.018982,0.00014068,0.016296,0.10647,0.023908,-0.12219,-0.1188,-0.034028,0.11589,0.0062528,0.00061328,-0.016358,0.050661,-0.015642,-0.015642,-0.015642,0.011758,0.089007,-0.0076148,0.01111,0.032785
-0.0026164,-0.0039,-0.00081264,0.00091414,-0.0090358,0.0043013,-0.00068114,-0.0018939,-0.0018654,-0.00046804,0.0046376,0.00062612,0.0014542,-0.0073651,0.0088236,0.003124,0.0089872,-0.0069541,0.99913,-4.1252e-06,-4.1252e-06,-4.1252e-06,-0.00016044,0.0069889,-0.0033236,0.00047216,0.0070412,0.0026537,0.0031412,-0.00083679,-0.0033428,0.0023867,0.0020789,-0.00031113,0.00017175,0.0040808,0.0064289,0.0049784,0.0001427,0.00092942,-0.0045044,0.0077443,0.00067386,-9.619e-05,-0.00072767,-0.0011567,-0.0006914,-0.0006914,-0.0006914,0.00098177,0.010128,0.0031925,6.2369e-05,0.0039069
0.0027343,0.0034271,-0.00023769,-0.00065297,0.0058916,0.00044217,0.00051523,0.0018309,0.0028154,0.00045066,-0.0033404,-0.00081795,-0.0012475,-0.0063702,0.0028835,-0.0019849,0.0024956,-0.006599,-4.1252e-06,0.99935,-0.0006454,-0.0006454,0.00022891,-0.0051565,-0.0014192,0.0015069,-0.0052666,-0.00047934,-0.0013097,0.0021612,0.00073184,0.00030685,-0.00085159,0.0020937,-8.102e-05,-0.0016689,0.0050967,-0.0015639,-0.011967,-0.012261,0.00024258,0.0049746,0.00013611,0.0001285,-0.001048,0.0058486,-0.00094,-0.00094,-0.00094,0.00037337,0.00049627,0.0013191,0.0010578,-3.2484e-05
0.0027343,0.0034271,-0.00023769,-0.00065297,0.0058916,0.00044217,0.00051523,0.0018309,0.0028154,0.00045066,-0.0033404,-0.00081795,-0.0012475,-0.0063702,0.0028835,-0.0019849,0.0024956,-0.006599,-4.1252e-06,-0.0006454,0.99935,-0.0006454,0.00022891,-0.0051565,-0.0014192,0.0015069,-0.0052666,-0.00047934,-0.0013097,0.0021612,0.00073184,0.00030685,-0.00085159,0.0020937,-8.102e-05,-0.0016689,0.0050967,-0.0015639,-0.011967,-0.012261,0.00024258,0.0049746,0.00013611,0.0001285,-0.001048,0.0058486,-0.00094,-0.00094,-0.00094,0.00037337,0.00049627,0.0013191,0.0010578,-3.2484e-05
0.0027343,0.0034271,-0.00023769,-0.00065297,0.0058916,0.00044217,0.00051523,0.0018309,0.0028154,0.00045066,-0.0033404,-0.00081795,-0.0012475,-0.0063702,0.0028835,-0.0019849,0.0024956,-0.006599,-4.1252e-06,-0.0006454,-0.0006454,0.99935,0.00022891,-0.0051565,-0.0014192,0.0015069,-0.0052666,-0.00047934,-0.0013097,0.0021612,0.00073184,0.00030685,-0.00085159,0.0020937,-8.102e-05,-0.0016689,0.0050967,-0.0015639,-0.011967,-0.012261,0.00024258,0.0049746,0.00013611,0.0001285,-0.001048,0.0058486,-0.00094,-0.00094,-0.00094,0.00037337,0.00049627,0.0013191,0.0010578,-3.2484e-05
-0.001456,-0.0019396,-6.5639e-05,0.00040116,-0.0037606,0.00062931,-0.00031087,-0.00099864,-0.0013489,-0.00024613,0.002045,0.0004012,0.00070708,0.00092842,0.0005852,0.0012826,0.00075272,0.001086,-0.00016044,0.00022891,0.00022891,0.00022891,0.99989,0.0031248,-0.00038854,-0.00044033,0.0031808,0.00066057,0.0010463,-0.00092414,-0.00087437,0.00033141,0.00068558,-0.00080368,6.3075e-05,0.0013455,-0.00064287,0.0014781,0.0042945,0.0045441,-0.00091731,-0.00035674,7.9436e-05,-6.3985e-05,0.00023749,-0.0022979,0.00020982,0.00020982,0.00020982,4.8224e-05,0.0016804,0.0004164,-0.00036398,0.00072358
0.04315,0.059101,0.0046529,-0.012643,0.12063,-0.031548,0.0095771,0.030148,0.037617,0.0074369,-0.064365,-0.011873,-0.022019,0.0092449,-0.048928,-0.041246,-0.053401,0.0040922,0.0069889,-0.0051565,-0.0051565,-0.0051565,0.0031248,0.90199,0.003196,0.0086687,-0.099017,-0.025315,-0.035923,0.024122,0.033057,-0.016837,-0.023716,0.019302,-0.0019332,-0.046502,-0.011694,-0.052737,-0.096974,-0.10571,0.038407,-0.023321,-0.0042091,0.0017901,-0.0025881,0.056256,-0.0018415,-0.0018415,-0.0018415,-0.004945,-0.078461,-0.003059,0.0080405,-0.032253
0.00022855,-0.0011751,-0.0026186,0.00064394,3.8699e-05,-0.0025214,-0.0032892,0.0040222,-0.0024231,0.0010102,0.0029952,-0.0093977,-0.008318,0.0071992,-0.0052646,0.0017092,-0.0069005,0.0080433,-0.0033236,-0.0014192,-0.0014192,-0.0014192,-0.00038854,0.003196,0.0016842,0.019252,0.015097,0.0046549,0.0043976,0.0017524,3.5383e-05,0.0054872,0.00045465,0.0016335,0.0044661,0.0020457,-0.0027363,0.011336,-0.0088555,-0.0080528,-0.0081247,-0.00048306,0.0073583,-0.00074645,-0.0056438,0.0045635,0.0015847,0.0015847,0.0015847,0.0025639,0.00081041,-0.0016758,0.0040628,-0.0075486
-0.0051128,-0.0061052,0.00095674,0.0010792,-0.0095713,-0.0027432,-0.00078475,-0.0034793,-0.0055349,-0.0008567,0.005542,0.001874,0.0024687,0.017364,-0.010115,0.0031401,-0.009254,0.017686,0.00047216,0.0015069,0.0015069,0.0015069,-0.00044033,0.0086687,0.019252,0.99583,0.0085486,-0.00016842,0.0015189,-0.0046065,-0.00024872,-0.0018676,0.0010434,-0.0046734,-1.9209e-05,0.0020082,-0.014199,0.0011196,0.02736,0.027672,0.0015819,-0.014542,-0.00081381,-0.00022847,0.0028495,-0.012928,0.0023802,0.0023802,0.0023802,-0.0013372,-0.0054232,-0.018732,-0.0025422,-0.0013549
0.04367,0.059768,0.0046376,-0.012775,0.12165,-0.03125,0.0097539,0.030394,0.038246,0.0074963,-0.065038,-0.011796,-0.022038,0.0074169,-0.047876,-0.041632,-0.052389,0.0022052,0.0070412,-0.0052666,-0.0052666,-0.0052666,0.0031808,-0.099017,0.015097,0.0085486,0.89966,-0.025455,-0.036227,0.024533,0.033117,-0.016834,-0.023851,0.019716,-0.0020573,-0.046797,-0.010282,-0.053212,-0.099426,-0.10822,0.038518,-0.021951,-0.0043456,0.0018351,-0.0027057,0.057408,-0.0021119,-0.0021119,-0.0021119,-0.004895,-0.078052,-0.015078,0.0081809,-0.031951
0.010088,0.014541,0.0023016,-0.0032934,0.032188,-0.012928,0.0024505,0.0072255,0.0078142,0.0017846,-0.01673,-0.0026179,-0.0054764,0.017982,-0.025049,-0.011075,-0.025856,0.016554,0.0026537,-0.00047934,-0.00047934,-0.00047934,0.00066057,-0.025315,0.0046549,-0.00016842,-0.025455,0.99152,-0.010602,0.0041985,0.010829,-0.0070671,-0.0070265,0.0025304,-0.00055024,-0.013781,-0.016013,-0.016384,-0.0094181,-0.012051,0.013972,-0.020132,-0.0019072,0.00038491,0.001411,0.0079517,0.0014413,0.0014413,0.0014413,-0.0027208,-0.030785,-0.0048046,0.000629,-0.01211
0.015096,0.02117,0.0024547,-0.0046532,0.044908,-0.014801,0.0034986,0.010663,0.012499,0.0026317,-0.023664,-0.0040341,-0.0079153,0.013957,-0.026344,-0.015404,-0.027745,0.012002,0.0031412,-0.0013097,-0.0013097,-0.0013097,0.0010463,-0.035923,0.0043976,0.0015189,-0.036227,-0.010602,0.98593,0.0074597,0.013669,-0.008022,-0.0093033,0.0054063,-0.00074895,-0.018246,-0.013096,-0.021217,-0.024926,-0.028383,0.016835,-0.018117,-0.0021089,0.00060453,0.00046951,0.016148,0.00062344,0.00062344,0.00062344,-0.0027949,-0.035892,-0.0045293,0.0019595,-0.014374
-0.011727,-0.015305,4.3937e-06,0.003083,-0.028592,0.0027257,-0.002391,-0.0079948,-0.011263,-0.0019697,0.015734,0.003363,0.0056123,0.014152,-0.0010357,0.0097093,0.00042633,0.015321,-0.00083679,0.0021612,0.0021612,0.0021612,-0.00092414,0.024122,0.0017524,-0.0046065,0.024533,0.0041985,0.0074597,0.99193,-0.0057228,0.0013004,0.0048881,-0.0073262,0.00043596,0.0095851,-0.010801,0.010103,0.040273,0.042027,-0.0052118,-0.0091068,0.00019632,-0.00052428,0.002807,-0.020746,0.0024746,0.0024746,0.0024746,-0.00029401,0.008239,-0.0018717,-0.003489,0.0039357
-0.013301,-0.019073,-0.0028641,0.0042955,-0.041972,0.016426,-0.0031677,-0.0095518,-0.010388,-0.0023593,0.021826,0.003579,0.0072786,-0.021946,0.031499,0.014414,0.032609,-0.020099,-0.0033428,0.00073184,0.00073184,0.00073184,-0.00087437,0.033057,3.5383e-05,-0.00024872,0.033117,0.010829,0.013669,-0.0057228,0.98609,0.0088883,0.0090854,-0.0035861,0.00066298,0.017805,0.019599,0.020998,0.014054,0.017447,-0.017747,0.024841,0.0023209,-0.00050247,-0.0015621,-0.01114,-0.0017003,-0.0017003,-0.0017003,0.0033754,0.039127,0.00026146,-0.0010192,0.015519
0.0059333,0.0091404,0.0023377,-0.0022109,0.022171,-0.012115,0.0016105,0.0043969,0.0037982,0.0010878,-0.011204,-0.0014189,-0.0034945,0.023432,-0.025792,-0.0076759,-0.026073,0.022412,0.0023867,0.00030685,0.00030685,0.00030685,0.00033141,-0.016837,0.0054872,-0.0018676,-0.016834,-0.0070671,-0.008022,0.0013004,0.0088883,0.9933,-0.0053363,-0.00012047,-0.0004001,-0.010467,-0.020207,-0.012922,0.0052187,0.0031907,0.012267,-0.023765,-0.001866,0.00019854,0.0024632,0.00045662,0.0023693,0.0023693,0.0023693,-0.0028693,-0.028212,-0.0058224,-0.00064298,-0.01084
0.0099487,0.013963,0.0016351,-0.0030716,0.029694,-0.009907,0.0022932,0.0070519,0.0081985,0.0017408,-0.015621,-0.0027043,-0.0052685,0.0096358,-0.017732,-0.010178,-0.018658,0.0083461,0.0020789,-0.00085159,-0.00085159,-0.00085159,0.00068558,-0.023716,0.00045465,0.0010434,-0.023851,-0.0070265,-0.0093033,0.0048881,0.0090854,-0.0053363,0.99383,0.003521,-0.00047271,-0.012086,-0.008982,-0.014024,-0.016132,-0.018421,0.011178,-0.012314,-0.0013738,0.00039344,0.00033158,0.010533,0.00046655,0.00046655,0.00046655,-0.001868,-0.023962,-0.00046067,0.0012797,-0.0096269
-0.0098367,-0.012557,0.00047236,0.0024555,-0.022422,0.00010474,-0.0019317,-0.0066259,-0.0098378,-0.0016315,0.012547,0.0028571,0.0045562,0.018087,-0.006214,0.0075881,-0.0048984,0.018982,-0.00031113,0.0020937,0.0020937,0.0020937,-0.00080368,0.019302,0.0016335,-0.0046734,0.019716,0.0025304,0.0054063,-0.0073262,-0.0035861,-0.00012047,0.003521,0.99308,0.00033913,0.0069064,-0.014269,0.0069168,0.038951,0.040193,-0.0024376,-0.013391,-0.00017681,-0.00045501,0.0031294,-0.019427,0.0028131,0.0028131,0.0028131,-0.00085265,0.0020398,-0.0018889,-0.0034062,0.0014914
0.00082755,0.0011523,0.00012225,-0.00025144,0.0023523,-0.00063101,0.00021564,0.00054474,0.00073668,0.00013408,-0.0012784,-0.0001419,-0.00035066,0.00024909,-0.0010095,-0.00082033,-0.0010786,0.00014068,0.00017175,-8.102e-05,-8.102e-05,-8.102e-05,6.3075e-05,-0.0019332,0.0044661,-1.9209e-05,-0.0020573,-0.00055024,-0.00074895,0.00043596,0.00066298,-0.0004001,-0.00047271,0.00033913,0.99992,-0.00093721,-0.00031129,-0.0011491,-0.001678,-0.0018579,0.00085145,-0.00056663,-0.00015561,4.1035e-05,1.6656e-05,0.00099692,-3.3469e-05,-3.3469e-05,-3.3469e-05,-0.00013116,-0.0016218,-0.0045137,0.0001095,-0.00059259
0.019507,0.027378,0.0032082,-0.0060231,0.058211,-0.019402,0.0045039,0.013817,0.016085,0.0034107,-0.030631,-0.0052802,-0.010309,0.018826,-0.034713,-0.019957,-0.036525,0.016296,0.0040808,-0.0016689,-0.0016689,-0.0016689,0.0013455,-0.046502,0.0020457,0.0020082,-0.046797,-0.013781,-0.018246,0.0095851,0.017805,-0.010467,-0.012086,0.0069064,-0.00093721,0.97631,-0.017562,-0.027513,-0.031655,-0.036143,0.021921,-0.024097,-0.0027086,0.00077342,0.00065687,0.020658,0.00090502,0.00090502,0.00090502,-0.0036639,-0.046947,-0.002082,0.002504,-0.018844
-0.0019508,0.0021754,0.0078985,-0.0016861,0.021658,-0.036516,0.00080136,8.2976e-05,-0.0085318,3.7708e-05,-0.0083426,0.0010347,-0.0017502,0.10771,-0.090745,-0.0077692,-0.089015,0.10647,0.0064289,0.0050967,0.0050967,0.0050967,-0.00064287,-0.011694,-0.0027363,-0.014199,-0.010282,-0.016013,-0.013096,-0.010801,0.019599,-0.020207,-0.008982,-0.014269,-0.00031129,-0.017562,0.90995,-0.02452,0.094131,0.09055,0.031758,-0.098919,-0.0056378,-0.00035711,0.013507,-0.037685,0.012922,0.012922,0.012922,-0.010272,-0.081079,0.0029782,-0.0086458,-0.030093
0.021718,0.030777,0.0040692,-0.0068439,0.066323,-0.02366,0.0051464,0.01539,0.017579,0.0037993,-0.034789,-0.0056736,-0.011474,0.026822,-0.043708,-0.022789,-0.045609,0.023908,0.0049784,-0.0015639,-0.0015639,-0.0015639,0.0014781,-0.052737,0.011336,0.0011196,-0.053212,-0.016384,-0.021217,0.010103,0.020998,-0.012922,-0.014024,0.0069168,-0.0011491,-0.027513,-0.02452,0.96766,-0.030123,-0.035356,0.026415,-0.032359,-0.0034798,0.0008605,0.001577,0.020973,0.0016897,0.0016897,0.0016897,-0.0047095,-0.056984,-0.011453,0.0022571,-0.022593
0.051218,0.064322,-0.0042354,-0.012291,0.11081,0.007762,0.0097877,0.034184,0.05272,0.008413,-0.062866,-0.014986,-0.023123,-0.11785,0.052708,-0.0374,0.045523,-0.12219,0.0001427,-0.011967,-0.011967,-0.011967,0.0042945,-0.096974,-0.0088555,0.02736,-0.099426,-0.0094181,-0.024926,0.040273,0.014054,0.0052187,-0.016132,0.038951,-0.001678,-0.031655,0.094131,-0.030123,0.77753,-0.22806,0.0053574,0.091616,0.0021973,0.0024296,-0.019227,0.10885,-0.017458,-0.017458,-0.017458,0.0067379,0.0079077,0.0084199,0.01955,-0.00085834
0.054857,0.069446,-0.0036074,-0.013423,0.12176,0.0040164,0.010635,0.036763,0.055699,0.0090496,-0.06862,-0.015962,-0.025049,-0.11398,0.045922,-0.041157,0.038406,-0.1188,0.00092942,-0.012261,-0.012261,-0.012261,0.0045441,-0.10571,-0.0080528,0.027672,-0.10822,-0.012051,-0.028383,0.042027,0.017447,0.0031907,-0.018421,0.040193,-0.0018579,-0.036143,0.09055,-0.035356,-0.22806,0.7655,0.0095666,0.086782,0.0016661,0.0025736,-0.019054,0.11258,-0.017247,-0.017247,-0.017247,0.0060167,-0.0011371,0.0076569,0.019986,-0.0044742
-0.014703,-0.021649,-0.0041161,0.0050122,-0.049439,0.022365,-0.0036958,-0.010655,-0.010761,-0.0026331,0.025441,0.0037432,0.0082144,-0.036248,0.045143,0.017044,0.046172,-0.034028,-0.0045044,0.00024258,0.00024258,0.00024258,-0.00091731,0.038407,-0.0081247,0.0015819,0.038518,0.013972,0.016835,-0.0052118,-0.017747,0.012267,0.011178,-0.0024376,0.00085145,0.021921,0.031758,0.026415,0.0053574,0.0095666,0.9765,0.038641,0.0033428,-0.0005375,-0.0033174,-0.0083093,-0.0032906,-0.0032906,-0.0032906,0.0049491,0.052746,0.007897,-0.00013569,0.020566
0.0025607,0.0087708,0.0090819,-0.0032019,0.036566,-0.043013,0.0019219,0.0033402,-0.005165,0.0008425,-0.016039,-0.00012309,-0.004248,0.11779,-0.1037,-0.012905,-0.1023,0.11589,0.0077443,0.0049746,0.0049746,0.0049746,-0.00035674,-0.023321,-0.00048306,-0.014542,-0.021951,-0.020132,-0.018117,-0.0091068,0.024841,-0.023765,-0.012314,-0.013391,-0.00056663,-0.024097,-0.098919,-0.032359,0.091616,0.086782,0.038641,0.89019,-0.0066037,-0.00018987,0.014393,-0.034793,0.013808,0.013808,0.013808,-0.011687,-0.096444,0.00072031,-0.0085223,-0.036102
0.0014124,0.0022402,0.00066619,-0.00055651,0.0055434,-0.0032159,0.00043815,0.0010106,0.00087253,0.00024975,-0.0028169,-0.00021266,-0.000752,0.0065206,-0.0069635,-0.0019435,-0.006995,0.0062528,0.00067386,0.00013611,0.00013611,0.00013611,7.9436e-05,-0.0042091,0.0073583,-0.00081381,-0.0043456,-0.0019072,-0.0021089,0.00019632,0.0023209,-0.001866,-0.0013738,-0.00017681,-0.00015561,-0.0027086,-0.0056378,-0.0034798,0.0021973,0.0016661,0.0033428,-0.0066037,0.9994,5.4589e-05,0.00078414,-0.00028055,0.00066652,0.00066652,0.00066652,-0.00081597,-0.0075396,-0.0078019,-0.00028059,-0.0027893
-0.00083108,-0.0011094,-4.1478e-05,0.00023007,-0.0021511,0.00036203,-0.0001814,-0.00056584,-0.00077189,-0.00013942,0.0011726,0.00021834,0.00039466,0.00052216,0.00034188,0.00073566,0.00043544,0.00061328,-9.619e-05,0.0001285,0.0001285,0.0001285,-6.3985e-05,0.0017901,-0.00074645,-0.00022847,0.0018351,0.00038491,0.00060453,-0.00052428,-0.00050247,0.00019854,0.00039344,-0.00045501,4.1035e-05,0.00077342,-0.00035711,0.0008605,0.0024296,0.0025736,-0.0005375,-0.00018987,5.4589e-05,0.99996,0.00012747,-0.0013018,0.00011967,0.00011967,0.00011967,3.1927e-05,0.00097279,0.00081329,-0.0002023,0.00040945
0.0022697,0.0023331,-0.0010548,-0.00030352,0.0021002,0.0042415,0.00026826,0.0014091,0.0030132,0.00034535,-0.0015848,-0.00082146,-0.00083399,-0.016327,0.011894,-0.00063954,0.011399,-0.016358,-0.00072767,-0.001048,-0.001048,-0.001048,0.00023749,-0.0025881,-0.0056438,0.0028495,-0.0027057,0.001411,0.00046951,0.002807,-0.0015621,0.0024632,0.00033158,0.0031294,1.6656e-05,0.00065687,0.013507,0.001577,-0.019227,-0.019054,-0.0033174,0.014393,0.00078414,0.00012747,0.9977,0.0085054,-0.0020838,-0.0020838,-0.0020838,0.0014129,0.0091168,0.0055809,0.0017656,0.0031438
-0.028354,-0.036381,0.0010504,0.0071644,-0.065662,0.0017445,-0.0056184,-0.01915,-0.0281,-0.0047159,0.036598,0.0082076,0.01323,0.048025,-0.014377,0.022241,-0.010644,0.050661,-0.0011567,0.0058486,0.0058486,0.0058486,-0.0022979,0.056256,0.0045635,-0.012928,0.057408,0.0079517,0.016148,-0.020746,-0.01114,0.00045662,0.010533,-0.019427,0.00099692,0.020658,-0.037685,0.020973,0.10885,0.11258,-0.0083093,-0.034793,-0.00028055,-0.0013018,0.0085054,0.94534,0.0076214,0.0076214,0.0076214,-0.0020556,0.0091035,-0.0048691,-0.0094993,0.0054935
0.0018591,0.0018312,-0.0009956,-0.00021166,0.0011817,0.0042671,0.00023678,0.0010766,0.0026383,0.00026295,-0.001113,-0.00056566,-0.00052461,-0.015636,0.011674,-0.0003538,0.011259,-0.015642,-0.0006914,-0.00094,-0.00094,-0.00094,0.00020982,-0.0018415,0.0015847,0.0023802,-0.0021119,0.0014413,0.00062344,0.0024746,-0.0017003,0.0023693,0.00046655,0.0028131,-3.3469e-05,0.00090502,0.012922,0.0016897,-0.017458,-0.017247,-0.0032906,0.013808,0.00066652,0.00011967,-0.0020838,0.0076214,0.99802,-0.0019847,-0.0019847,0.0013365,0.0091546,-0.0015364,0.0015655,0.0032999
0.0018591,0.0018312,-0.0009956,-0.00021166,0.0011817,0.0042671,0.00023678,0.0010766,0.0026383,0.00026295,-0.001113,-0.00056566,-0.00052461,-0.015636,0.011674,-0.0003538,0.011259,-0.015642,-0.0006914,-0.00094,-0.00094,-0.00094,0.00020982,-0.0018415,0.0015847,0.0023802,-0.0021119,0.0014413,0.00062344,0.0024746,-0.0017003,0.0023693,0.00046655,0.0028131,-3.3469e-05,0.00090502,0.012922,0.0016897,-0.017458,-0.017247,-0.0032906,0.013808,0.00066652,0.00011967,-0.0020838,0.0076214,-0.0019847,0.99802,-0.0019847,0.0013365,0.0091546,-0.0015364,0.0015655,0.0032999
0.0018591,0.0018312,-0.0009956,-0.00021166,0.0011817,0.0042671,0.00023678,0.0010766,0.0026383,0.00026295,-0.001113,-0.00056566,-0.00052461,-0.015636,0.011674,-0.0003538,0.011259,-0.015642,-0.0006914,-0.00094,-0.00094,-0.00094,0.00020982,-0.0018415,0.0015847,0.0023802,-0.0021119,0.0014413,0.00062344,0.0024746,-0.0017003,0.0023693,0.00046655,0.0028131,-3.3469e-05,0.00090502,0.012922,0.0016897,-0.017458,-0.017247,-0.0032906,0.013808,0.00066652,0.00011967,-0.0020838,0.0076214,-0.0019847,-0.0019847,0.99802,0.0013365,0.0091546,-0.0015364,0.0015655,0.0032999
0.001391,0.0024437,0.0010517,-0.00065848,0.0068585,-0.0051553,0.00046296,0.0011079,0.00048015,0.00027498,-0.0033251,-0.00027463,-0.000963,0.012089,-0.01172,-0.0023947,-0.011688,0.011758,0.00098177,0.00037337,0.00037337,0.00037337,4.8224e-05,-0.004945,0.0025639,-0.0013372,-0.004895,-0.0027208,-0.0027949,-0.00029401,0.0033754,-0.0028693,-0.001868,-0.00085265,-0.00013116,-0.0036639,-0.010272,-0.0047095,0.0067379,0.0060167,0.0049491,-0.011687,-0.00081597,3.1927e-05,0.0014129,-0.0020556,0.0013365,0.0013365,0.0013365,0.99868,-0.011796,-0.0026244,-0.00066868,-0.004451
0.028796,0.043366,0.0096707,-0.010265,0.10244,-0.051746,0.0073969,0.021281,0.019582,0.0052635,-0.052065,-0.007501,-0.016899,0.093633,-0.10785,-0.035324,-0.10959,0.089007,0.010128,0.00049627,0.00049627,0.00049627,0.0016804,-0.078461,0.00081041,-0.0054232,-0.078052,-0.030785,-0.035892,0.008239,0.039127,-0.028212,-0.023962,0.0020398,-0.0016218,-0.046947,-0.081079,-0.056984,0.0079077,-0.0011371,0.052746,-0.096444,-0.0075396,0.00097279,0.0091168,0.0091035,0.0091546,0.0091546,0.0091546,-0.011796,0.87917,-0.00098439,-0.0013426,-0.047036
-0.00034526,0.00093473,0.0024941,-0.00057685,-0.00035209,0.0025827,0.0034276,-0.0043004,0.0024006,-0.0011145,-0.0029233,0.0099097,0.0088376,-0.0067771,0.0051689,-0.0016551,0.0069252,-0.0076148,0.0031925,0.0013191,0.0013191,0.0013191,0.0004164,-0.003059,-0.0016758,-0.018732,-0.015078,-0.0048046,-0.0045293,-0.0018717,0.00026146,-0.0058224,-0.00046067,-0.0018889,-0.0045137,-0.002082,0.0029782,-0.011453,0.0084199,0.0076569,0.007897,0.00072031,-0.0078019,0.00081329,0.0055809,-0.0048691,-0.0015364,-0.0015364,-0.0015364,-0.0026244,-0.00098439,0.0016702,-0.0037988,0.0074741
-0.0043266,-0.0053859,0.00043829,0.001016,-0.0091433,-0.00093891,-0.00079498,-0.0029018,-0.0044899,-0.00071427,0.0052001,0.0013317,0.0019862,0.010761,-0.0051518,0.0030709,-0.0045221,0.01111,6.2369e-05,0.0010578,0.0010578,0.0010578,-0.00036398,0.0080405,0.0040628,-0.0025422,0.0081809,0.000629,0.0019595,-0.003489,-0.0010192,-0.00064298,0.0012797,-0.0034062,0.0001095,0.002504,-0.0086458,0.0022571,0.01955,0.019986,-0.00013569,-0.0085223,-0.00028059,-0.0002023,0.0017656,-0.0094993,0.0015655,0.0015655,0.0015655,-0.00066868,-0.0013426,-0.0037988,0.99826,-0.00012841
0.012128,0.018021,0.0036644,-0.0042099,0.041905,-0.020114,0.0030043,0.0089609,0.0085133,0.0022161,-0.021364,-0.0033355,-0.0071282,0.034653,-0.041293,-0.014409,-0.042125,0.032785,0.0039069,-3.2484e-05,-3.2484e-05,-3.2484e-05,0.00072358,-0.032253,-0.0075486,-0.0013549,-0.031951,-0.01211,-0.014374,0.0039357,0.015519,-0.01084,-0.0096269,0.0014914,-0.00059259,-0.018844,-0.030093,-0.022593,-0.00085834,-0.0044742,0.020566,-0.036102,-0.0027893,0.00040945,0.0031438,0.0054935,0.0032999,0.0032999,0.0032999,-0.004451,-0.047036,0.0074741,-0.00012841,0.9815
66.29,66.29,66.29,66.29,66.29,66.29,66.29,66.29,66.29,66.29,66.29,66.29,66.29,66.29,66.29,66.29,66.29,66.29,66.29,66.29,66.29,66.29,66.29,66.29,66.29,66.29,66.29,66.29,66.29,66.29,66.29,66.29,66.29,66.29,66.29,66.29,66.29,66.29,66.29,66.29,66.29,66.29,66.29,66.29,66.29,66.29,66.29,66.29,66.29,66.29,66.29,66.29,66.29,66.29
358.84,291.78,-202.73,177.85,173.5,209.18,195.88,251.71,146.27,976.46,68.135,166.42,170.66,432.33,762.89,72.34,782.78,432.58,-249.05,-154.01,-154.01,-154.01,30.156,-263.83,1.0489e+05,215.75,17.255,391.94,362.42,142.91,103.23,253.04,266.84,159.28,251.09,245.92,709.48,103.14,558.24,551.09,139.05,705.2,141.69,978.68,117.33,1.141,245.72,245.72,245.72,32.031,152.31,1.0774e+05,190.69,156.08
1,1,1,1,1,1,1,1,1,1,1,1,1,1,1,1,1,1,1,1,1,1,1,1,1,1,1,1,1,1,1,1,1,1,1,1,1,1,1,1,1,1,1,1,1,1,1,1,1,1,1,1,1,1
