1.5735,1.4576,-0.56163,-1.1025,0.088548,0.088548,0.088548,1.3662
1.2254,1.0384,-0.71251,-1.1958,-0.19925,-0.19925,-0.19925,0.49215
1.9669,1.884,-0.44958,-1.0472,0.24843,0.24843,0.24843,2.2173
4919.8,-4473.6,2044.5,-65.222,-3.7842,-3.7842,-3.7842,-11.929
-4473.6,4185,-1952.2,161.11,7.3096,7.3096,7.3096,-35.831
2044.5,-1952.2,1546.1,-560.06,-123.62,-123.62,-123.62,23.995
-65.222,161.11,-560.06,844.22,114.37,114.37,114.37,-55.35
-3.7842,7.3096,-123.62,114.37,6696.8,-3303.2,-3303.2,-2.7233
-3.7842,7.3096,-123.62,114.37,-3303.2,6696.8,-3303.2,-2.7233
-3.7842,7.3096,-123.62,114.37,-3303.2,-3303.2,6696.8,-2.7233
-11.929,-35.831,23.995,-55.35,-2.7233,-2.7233,-2.7233,22.189
