213.94,0.66294,0.70414,0.011504,0.39951,0.011828,0.22364,0.1832,0.028776
14.819,0.22689,0.27059,0.0012428,0.15451,0.0014803,0.14008,0.047484,0.00023252
358.7,0.97835,0.96863,0.014449,0.45132,0.028718,0.24658,0.22924,0.15056
0.00021028,-0.066813,-0.0057441,0.54839,0.21171,-2.7054,-0.45151,0.10939,0.49696
-0.066813,48.698,-0.5356,-2369.6,28.791,1278.2,67.481,-8.8737,-271.62
-0.0057441,-0.5356,45.083,-4291.2,0.073728,38.448,618.11,17.449,-9.5209
0.54839,-2369.6,-4291.2,1.2432e+06,-30684,-34570,-71498,-3558.9,12027
0.21171,28.791,0.073728,-30684,3416.4,603.13,-5193.7,-48.327,-273.59
-2.7054,1278.2,38.448,-34570,603.13,94730,-4886.4,-3446.7,-13300
-0.45151,67.481,618.11,-71498,-5193.7,-4886.4,26895,-424.39,516.63
0.10939,-8.8737,17.449,-3558.9,-48.327,-3446.7,-424.39,1023.4,310.69
0.49696,-271.62,-9.5209,12027,-273.59,-13300,516.63,310.69,2787.8
