166.25,0.53592,0.73095,1.285,0.0074039,0.3231,0.70888,0.83284,0.50974,0.054024,0.23959,0.13033,0.42243
0.86957,0.17969,0.48235,0.21436,2.0078e-05,0.025654,0.47989,0.63248,0.24216,0.0027936,0.15331,0.031273,0.038654
357.65,0.97551,0.98431,4.2544,0.014291,0.55975,0.90695,1.0354,0.72483,0.36502,0.58612,0.27862,0.98448
0.00013236,-0.0039571,-0.018662,0.0015694,-0.013262,-0.024775,0.068517,-0.041334,-0.016597,0.22628,-0.14525,-0.052633,-0.045504
-0.0039571,30.84,-13.315,1.3035,-20.622,32.183,41.389,-1.2658,-33.417,85.142,-81.025,-52.528,20.339
-0.018662,-13.315,71.071,-3.0798,55.447,-12.129,-31.596,4.8153,16.933,-262.63,143.11,99.913,18.87
0.0015694,1.3035,-3.0798,2.7277,-1.8649,3.7396,-21.843,8.5136,4.7734,4.8994,-9.126,-0.60243,1.8312
-0.013262,-20.622,55.447,-1.8649,9906.6,-256.69,319.94,-285.02,-28.324,71.335,-102.25,94.185,-13.448
-0.024775,32.183,-12.129,3.7396,-256.69,3695.7,-396.62,-2932.9,3371.5,141.01,-180.06,-570.61,141.62
0.068517,41.389,-31.596,-21.843,319.94,-396.62,2311.7,-1318.5,-922.02,647.75,-277.2,339.54,-141.12
-0.041334,-1.2658,4.8153,8.5136,-285.02,-2932.9,-1318.5,4232.6,-2834.5,-96.617,-11.628,-549.75,135.49
-0.016597,-33.417,16.933,4.7734,-28.324,3371.5,-922.02,-2834.5,3794.1,-237.6,168.4,20.741,-6.0907
0.22628,85.142,-262.63,4.8994,71.335,141.01,647.75,-96.617,-237.6,3562.9,-2153.6,-1296.8,-210.01
-0.14525,-81.025,143.11,-9.126,-102.25,-180.06,-277.2,-11.628,168.4,-2153.6,1625,716.57,57.58
-0.052633,-52.528,99.913,-0.60243,94.185,-570.61,339.54,-549.75,20.741,-1296.8,716.57,1623,-94.887
-0.045504,20.339,18.87,1.8312,-13.448,141.62,-141.12,135.49,-6.0907,-210.01,57.58,-94.887,104.45
