133.49,0.74007,0.71793,0.52434,9.1338e-05,0.046355,0.97939,1.0022,0.95585,0.047799,0.18445,0.087075,0.98716
5.8182,0.30342,0.20392,0.23766,1.7687e-05,0.024778,0.4073,0.42185,0.36082,0.009719,0.067779,0.046274,0.86773
288.17,1,1,0.88041,0.00030133,0.10094,1.1576,1.1784,1.1411,0.089785,0.24837,0.1337,0.99969
0.00047524,-0.088564,0.02653,0.33261,2.7258e-05,-0.44741,-0.14286,-0.094771,0.35266,-0.22977,0.85027,-0.052651,-0.18473
-0.088564,84.117,-21.889,-129.88,-0.36433,64.461,53.457,-12.957,-77.455,11.225,-300.82,143.19,223.08
0.02653,-21.889,26.97,24.939,0.2521,-83.598,-41.895,-22.515,61.087,60.277,101.7,-78.741,-129.6
0.33261,-129.88,24.939,401.69,0.58671,-210.38,-106.04,29.721,240.18,-168.22,733.1,-98.592,-178.41
2.7258e-05,-0.36433,0.2521,0.58671,9999.9,-12.608,0.87801,-7.0089,5.5983,-1.5452,-1.2754,1.2091,12.97
-0.44741,64.461,-83.598,-210.38,-12.608,5645.7,68.56,-2196.2,2158.2,-319.78,-1177.9,163.68,1351.8
-0.14286,53.457,-41.895,-106.04,0.87801,68.56,6579.1,-3222.9,-3291.3,131.4,-174.3,127.45,-137.18
-0.094771,-12.957,-22.515,29.721,-7.0089,-2196.2,-3222.9,5533.3,-2270.6,-203.21,-404.22,79.925,767.88
0.35266,-77.455,61.087,240.18,5.5983,2158.2,-3291.3,-2270.6,5571.2,116.43,774.02,-83.768,-584.13
-0.22977,11.225,60.277,-168.22,-1.5452,-319.78,131.4,-203.21,116.43,7739.3,-1926.3,-2819,-63.955
0.85027,-300.82,101.7,733.1,-1.2754,-1177.9,-174.3,-404.22,774.02,-1926.3,3184.7,-465.97,-1667.9
-0.052651,143.19,-78.741,-98.592,1.2091,163.68,127.45,79.925,-83.768,-2819,-465.97,4539.9,369.69
-0.18473,223.08,-129.6,-178.41,12.97,1351.8,-137.18,767.88,-584.13,-63.955,-1667.9,369.69,2857.7
