825.45,199.54,160.78,904.34,0.23288,71.424,662.67,698.74,627.32,78.847,273.3,93.466,974.5
0,32.68,54.902,623.06,0.012403,31.314,453.52,482.25,430.15,9.823,136.58,16.786,786.81
1367.2,437.5,600,1511.8,1.3567,161.16,970.23,1011.3,935.48,176.89,391.01,161.93,999.89
5.9203e-06,2.1656e-05,5.487e-06,4.0104e-06,3.2347e-05,-7.4984e-06,-6.6586e-05,3.2775e-05,4.0092e-05,-4.823e-05,2.2315e-05,-2.0923e-05,1.1959e-05
2.1656e-05,0.00056514,0.00020591,1.8547e-05,0.00048658,0.00028183,-0.0014015,0.00089806,0.00062113,-0.0026631,0.0010565,0.0021877,-0.00065977
5.487e-06,0.00020591,0.00019207,-1.4815e-05,0.00088983,6.4642e-05,-0.0004677,0.00028223,0.00021957,-0.001075,0.00043824,0.00084433,-0.00022595
4.0104e-06,1.8547e-05,-1.4815e-05,3.5159e-05,1.0081e-05,-1.5294e-05,-0.00026243,0.00012868,0.0001443,-0.00018601,6.5456e-05,7.797e-06,-4.4737e-06
3.2347e-05,0.00048658,0.00088983,1.0081e-05,0.99698,-0.006311,0.0023874,-0.0042332,0.0020755,-0.0052066,0.0018222,0.0031684,1.334e-05
-7.4984e-06,0.00028183,6.4642e-05,-1.5294e-05,-0.006311,0.33492,-0.0043384,-0.33033,0.33475,-0.0037727,0.0010547,0.0026144,-0.00050798
-6.6586e-05,-0.0014015,-0.0004677,-0.00026243,0.0023874,-0.0043384,0.069094,-0.036827,-0.032515,0.015567,-0.0057883,-0.0084513,0.0034968
3.2775e-05,0.00089806,0.00028223,0.00012868,-0.0042332,-0.33033,-0.036827,0.35335,-0.3163,-0.0098989,0.0034866,0.0056514,-0.002036
4.0092e-05,0.00062113,0.00021957,0.0001443,0.0020755,0.33475,-0.032515,-0.3163,0.34896,-0.006158,0.0024432,0.0030686,-0.0015399
-4.823e-05,-0.0026631,-0.001075,-0.00018601,-0.0052066,-0.0037727,0.015567,-0.0098989,-0.006158,0.031879,-0.010769,-0.025647,0.0058432
2.2315e-05,0.0010565,0.00043824,6.5456e-05,0.0018222,0.0010547,-0.0057883,0.0034866,0.0024432,-0.010769,0.0039697,0.0088811,-0.0022332
-2.0923e-05,0.0021877,0.00084433,7.797e-06,0.0031684,0.0026144,-0.0084513,0.0056514,0.0030686,-0.025647,0.0088811,0.024,-0.0060414
1.1959e-05,-0.00065977,-0.00022595,-4.4737e-06,1.334e-05,-0.00050798,0.0034968,-0.002036,-0.0015399,0.0058432,-0.0022332,-0.0060414,0.0023214
85.566,85.566,85.566,85.566,85.566,85.566,85.566,85.566,85.566,85.566,85.566,85.566,85.566
