198.89,0.747,0.6854,0.68866,0.024408,0.53207,0.81224,1.0658,0.53371,0.020463,0.29674,0.18353,0.048849
64.615,0.4557,0.42745,0.19303,0.007853,0.31326,0.5056,0.92381,-0.0053515,0.0032178,0.17824,0.067872,0.00021971
299.26,0.92571,0.86667,0.85816,0.0651,0.95889,1.1684,1.3365,1.0232,0.044576,0.51121,0.26444,0.10502
0.0015672,-1.0071,1.1401,0.90719,-0.019504,0.070331,0.60671,-0.43116,-0.50139,-0.22582,-0.77303,-1.6503,-1.6174
-1.0071,1054.9,-837.28,-566.52,19.616,147.53,152.76,355.4,207.83,437.66,781.58,1444.4,1469
1.1401,-837.28,1083.2,741.73,38.815,94.544,887.6,-534.66,-629.16,-186.48,-681.03,-1456.7,-926.1
0.90719,-566.52,741.73,646.98,157.91,-33.627,664.25,-364.81,-331.2,90.278,-4.7759,-1091.2,-947.91
-0.019504,19.616,38.815,157.91,9961.7,-425.83,69.874,-133.75,292.08,4.8937,-182.74,26.435,164.51
0.070331,147.53,94.544,-33.627,-425.83,4166.8,238.8,-3015.8,2817.5,19.171,-2166,163.53,572.4
0.60671,152.76,887.6,664.25,69.874,238.8,6627.2,-2679.5,-2918.2,85.435,900.51,-1138.1,1151.9
-0.43116,355.4,-534.66,-364.81,-133.75,-3015.8,-2679.5,4834.9,-2149.3,215.94,-786.14,1004.1,188.16
-0.50139,207.83,-629.16,-331.2,292.08,2817.5,-2918.2,-2149.3,5033.2,196.78,1379.9,840.7,-384.28
-0.22582,437.66,-186.48,90.278,4.8937,19.171,85.435,215.94,196.78,9914.8,33.172,-485.14,-316.26
-0.77303,781.58,-681.03,-4.7759,-182.74,-2166,900.51,-786.14,1379.9,33.172,8718.1,709.45,243.64
-1.6503,1444.4,-1456.7,-1091.2,26.435,163.53,-1138.1,1004.1,840.7,-485.14,709.45,2718.8,2073.7
-1.6174,1469,-926.1,-947.91,164.51,572.4,1151.9,188.16,-384.28,-316.26,243.64,2073.7,3812.2
