313.99,119.54,-284.61,132.19,60.046,246.38,256.53,111.45,90.33,180.79,579.34,532.97,284.68,371.98,567.88,779.98,360.4,144.77,-595.01,2.8226,2.8226,2.8226,1.9739,35.53,34202,130.29,-68.093
223.57,29.493,-494.14,28.838,7.8949,6.1483,166.08,6.8112,0.15388,13.055,107.56,8.1755,15.74,2.8151,18.73,6.8851,55.555,32.638,-1068.2,-47.591,-47.591,-47.591,0.0031423,-40.355,-60753,-426.28,-474.51
547.2,247.42,-179.7,249.18,172.13,496.39,470.33,320.37,210.97,571.58,995.13,992.43,999.38,992.65,999.41,996.3,991.63,335.02,-401.47,42.669,42.669,42.669,11.042,103.5,1.4746e+05,648.79,356.86
0.85268,-0.09137,0.12574,-0.084864,0.0083637,-0.12195,-0.11325,-0.073919,-0.043412,0.012319,-0.0060356,0.029366,0.034672,0.02448,0.075437,0.043247,0.053581,-0.046166,0.16872,0.066855,0.066855,0.066855,-0.0029778,-0.037701,1.4287e-05,0.01677,0.011001
-0.09137,0.83746,0.033699,-0.13139,0.052368,-0.036966,-0.044988,-0.015876,-0.15571,0.074519,-0.13534,-0.075995,0.063045,0.078827,0.075784,0.058847,0.043291,-0.081659,-0.014482,0.049452,0.049452,0.049452,-0.00019958,-0.081612,0.00020287,0.0806,-0.018509
0.12574,0.033699,0.874,0.038913,0.010876,0.12109,0.10763,0.073163,-0.01543,0.017612,-0.056181,-0.067907,-0.015079,0.0011773,-0.057008,-0.021903,-0.043564,0.014448,-0.18902,-0.055201,-0.055201,-0.055201,0.0031817,0.0068347,6.1718e-05,0.01508,-0.01988
-0.084864,-0.13139,0.038913,0.88312,0.016664,-0.036137,-0.040813,-0.025936,-0.11811,0.07718,-0.11448,-0.050863,-0.009495,0.034894,0.073291,0.028096,0.054739,-0.11529,0.018466,0.033755,0.033755,0.033755,-0.00019095,-0.072476,0.00020473,0.068875,-0.012221
0.0083637,0.052368,0.010876,0.016664,0.90921,0.012143,0.0062387,-0.030133,0.080275,0.038779,0.026234,0.041301,-0.21238,-0.049799,-0.005235,-0.02301,-0.012276,-0.071681,0.094032,-0.041257,-0.041257,-0.041257,-0.00029844,0.0045626,1.4154e-05,0.020262,-0.0046008
-0.12195,-0.036966,0.12109,-0.036137,0.012143,0.87049,-0.10424,-0.060587,-0.00023065,-0.037484,0.051642,0.093984,0.088301,-0.010985,0.04481,-0.026687,0.081901,-0.0022831,0.15352,0.062632,0.062632,0.062632,-0.0026807,-0.0021236,-3.065e-05,-0.0054499,0.014067
-0.11325,-0.044988,0.10763,-0.040813,0.0062387,-0.10424,0.8948,-0.053582,0.0062229,0.042567,0.04028,0.018813,0.042717,0.041817,0.045603,0.028484,0.053313,0.049243,0.17102,0.047879,0.047879,0.047879,-0.0034656,-0.010614,-0.0001497,-0.020985,-0.0025322
-0.073919,-0.015876,0.073163,-0.025936,-0.030133,-0.060587,-0.053582,0.90874,0.033917,-0.058906,-0.074753,0.023157,-0.023016,-0.05682,-0.063462,0.05948,-0.04475,-0.058174,0.18599,0.014137,0.014137,0.014137,-0.0024963,-0.017123,0.00012461,0.018581,0.020753
-0.043412,-0.15571,-0.01543,-0.11811,0.080275,-0.00023065,0.0062229,0.033917,0.79569,0.010174,-0.098896,-0.074822,0.10377,0.048644,0.13072,0.032404,0.043999,-0.13086,-0.17498,0.055893,0.055893,0.055893,0.0025491,-0.071577,6.6336e-05,0.058918,-0.0025617
0.012319,0.074519,0.017612,0.07718,0.038779,-0.037484,0.042567,-0.058906,0.010174,0.46913,0.050329,0.21016,0.18459,-0.17302,-0.050985,0.10461,-0.23857,-0.16269,-0.070134,0.064909,0.064909,0.064909,0.0026802,0.050235,9.9299e-05,0.0063812,0.030641
-0.0060356,-0.13534,-0.056181,-0.11448,0.026234,0.051642,0.04028,-0.074753,-0.098896,0.050329,0.38694,-0.035742,0.060415,0.060336,-0.34449,0.013422,0.010572,-0.18346,0.038198,-0.043316,-0.043316,-0.043316,0.00011059,-0.0952,-0.00011164,-0.046722,-0.0083587
0.029366,-0.075995,-0.067907,-0.050863,0.041301,0.093984,0.018813,0.023157,-0.074822,0.21016,-0.035742,0.3414,0.04971,-0.26586,0.083868,0.192,-0.058508,0.13045,0.020639,-0.028346,-0.028346,-0.028346,-0.0026365,-0.056472,1.4099e-06,-0.04365,0.055002
0.034672,0.063045,-0.015079,-0.009495,-0.21238,0.088301,0.042717,-0.023016,0.10377,0.18459,0.060415,0.04971,0.35577,0.068597,0.11614,0.056878,-0.080814,-0.23374,0.08324,-0.091975,-0.091975,-0.091975,0.0011302,-0.020258,-8.0941e-06,0.018356,0.039961
0.02448,0.078827,0.0011773,0.034894,-0.049799,-0.010985,0.041817,-0.05682,0.048644,-0.17302,0.060336,-0.26586,0.068597,0.27315,0.012423,-0.15212,0.064259,-0.17025,0.10106,-0.030527,-0.030527,-0.030527,0.00048931,0.0076885,-4.9971e-05,0.035584,-0.027437
0.075437,0.075784,-0.057008,0.073291,-0.005235,0.04481,0.045603,-0.063462,0.13072,-0.050985,-0.34449,0.083868,0.11614,0.012423,0.52951,-0.061937,-0.050798,0.11742,0.13238,-0.082731,-0.082731,-0.082731,-0.001966,0.02454,-4.4771e-05,0.022472,0.049502
0.043247,0.058847,-0.021903,0.028096,-0.02301,-0.026687,0.028484,0.05948,0.032404,0.10461,0.013422,0.192,0.056878,-0.15212,-0.061937,0.53312,0.37259,-0.027989,-0.074683,-0.045571,-0.045571,-0.045571,0.0025851,0.032606,0.0002889,0.06997,-0.0057404
0.053581,0.043291,-0.043564,0.054739,-0.012276,0.081901,0.053313,-0.04475,0.043999,-0.23857,0.010572,-0.058508,-0.080814,0.064259,-0.050798,0.37259,0.56232,0.017969,0.0083081,-0.0055728,-0.0055728,-0.0055728,3.0221e-05,0.0026464,0.00021688,0.085575,-0.049748
-0.046166,-0.081659,0.014448,-0.11529,-0.071681,-0.0022831,0.049243,-0.058174,-0.13086,-0.16269,-0.18346,0.13045,-0.23374,-0.17025,0.11742,-0.027989,0.017969,0.43337,-0.088646,0.020746,0.020746,0.020746,0.005075,-0.070371,-0.0001098,-0.071792,0.010243
0.16872,-0.014482,-0.18902,0.018466,0.094032,0.15352,0.17102,0.18599,-0.17498,-0.070134,0.038198,0.020639,0.08324,0.10106,0.13238,-0.074683,0.0083081,-0.088646,0.45433,-0.0018213,-0.0018213,-0.0018213,0.0087986,0.010322,-0.00010851,-0.004518,0.030213
0.066855,0.049452,-0.055201,0.033755,-0.041257,0.062632,0.047879,0.014137,0.055893,0.064909,-0.043316,-0.028346,-0.091975,-0.030527,-0.082731,-0.045571,-0.0055728,0.020746,-0.0018213,0.93968,-0.060318,-0.060318,0.00051373,0.007323,8.6634e-05,0.022735,-0.028136
0.066855,0.049452,-0.055201,0.033755,-0.041257,0.062632,0.047879,0.014137,0.055893,0.064909,-0.043316,-0.028346,-0.091975,-0.030527,-0.082731,-0.045571,-0.0055728,0.020746,-0.0018213,-0.060318,0.93968,-0.060318,0.00051373,0.007323,8.6634e-05,0.022735,-0.028136
0.066855,0.049452,-0.055201,0.033755,-0.041257,0.062632,0.047879,0.014137,0.055893,0.064909,-0.043316,-0.028346,-0.091975,-0.030527,-0.082731,-0.045571,-0.0055728,0.020746,-0.0018213,-0.060318,-0.060318,0.93968,0.00051373,0.007323,8.6634e-05,0.022735,-0.028136
-0.0029778,-0.00019958,0.0031817,-0.00019095,-0.00029844,-0.0026807,-0.0034656,-0.0024963,0.0025491,0.0026802,0.00011059,-0.0026365,0.0011302,0.00048931,-0.001966,0.0025851,3.0221e-05,0.005075,0.0087986,0.00051373,0.00051373,0.00051373,0.99981,9.9145e-05,1.2421e-05,-0.0014254,0.0015393
-0.037701,-0.081612,0.0068347,-0.072476,0.0045626,-0.0021236,-0.010614,-0.017123,-0.071577,0.050235,-0.0952,-0.056472,-0.020258,0.0076885,0.02454,0.032606,0.0026464,-0.070371,0.010322,0.007323,0.007323,0.007323,9.9145e-05,0.94663,0.00014173,0.084821,-0.047263
1.4287e-05,0.00020287,6.1718e-05,0.00020473,1.4154e-05,-3.065e-05,-0.0001497,0.00012461,6.6336e-05,9.9299e-05,-0.00011164,1.4099e-06,-8.0941e-06,-4.9971e-05,-4.4771e-05,0.0002889,0.00021688,-0.0001098,-0.00010851,8.6634e-05,8.6634e-05,8.6634e-05,1.2421e-05,0.00014173,3.6978e-07,0.00011592,-3.5513e-05
0.01677,0.0806,0.01508,0.068875,0.020262,-0.0054499,-0.020985,0.018581,0.058918,0.0063812,-0.046722,-0.04365,0.018356,0.035584,0.022472,0.06997,0.085575,-0.071792,-0.004518,0.022735,0.022735,0.022735,-0.0014254,0.084821,0.00011592,0.051766,-0.01587
0.011001,-0.018509,-0.01988,-0.012221,-0.0046008,0.014067,-0.0025322,0.020753,-0.0025617,0.030641,-0.0083587,0.055002,0.039961,-0.027437,0.049502,-0.0057404,-0.049748,0.010243,0.030213,-0.028136,-0.028136,-0.028136,0.0015393,-0.047263,-3.5513e-05,-0.01587,0.019289
115.29,115.29,115.29,115.29,115.29,115.29,115.29,115.29,115.29,115.29,115.29,115.29,115.29,115.29,115.29,115.29,115.29,115.29,115.29,115.29,115.29,115.29,115.29,115.29,115.29,115.29,115.29
