173.77,0.6629,0.78092,0.009578,0.359,0.67229,0.83118,0.47218,0.034768,0.22584,0.1351,0.27571
15.938,0.01875,0.25882,0.0022883,0.21177,0.47376,0.66142,0.16438,0.0045474,0.14817,0.055596,0.047921
330.88,0.9697,0.95294,0.03314,0.64438,0.86628,0.96253,0.67416,0.065241,0.3829,0.21257,0.4577
0.00024637,-0.0037589,-0.073798,-0.0040191,-0.013325,0.017149,0.00054235,0.013864,0.03945,0.073075,0.065657,-0.032886
-0.0037589,44.177,-2.6015,0.24894,-9.1901,27.884,-16.932,-7.7416,-21.263,6.0141,-24.516,83.674
-0.073798,-2.6015,53.664,1.8072,-13.588,2.353,-17.305,-3.7156,-16.08,-18.904,-5.8268,-7.2411
-0.0040191,0.24894,1.8072,995.4,-31.828,5.4429,-14.736,17.093,-0.47098,-31.469,8.8056,6.1274
-0.013325,-9.1901,-13.588,-31.828,453.74,24.545,-263.19,283.07,8.53,-178.06,5.708,-7.0564
0.017149,27.884,2.353,5.4429,24.545,530.56,-257.93,-282.48,-5.9438,-35.252,-1.0723,40.072
0.00054235,-16.932,-17.305,-14.736,-263.19,-257.93,539.96,-196.86,2.8517,-73.451,11.399,-19.115
0.013864,-7.7416,-3.7156,17.093,283.07,-282.48,-196.86,520.07,-5.6788,104.6,5.6883,-12.057
0.03945,-21.263,-16.08,-0.47098,8.53,-5.9438,2.8517,-5.6788,928.39,-68.165,-128.23,-88.163
0.073075,6.0141,-18.904,-31.469,-178.06,-35.252,-73.451,104.6,-68.165,632.96,10.671,-28.537
0.065657,-24.516,-5.8268,8.8056,5.708,-1.0723,11.399,5.6883,-128.23,10.671,548.59,-163.9
-0.032886,83.674,-7.2411,6.1274,-7.0564,40.072,-19.115,-12.057,-88.163,-28.537,-163.9,274.77
