184.43,0.69903,0.88824,0.46266,0.027594,0.57149,0.87781,1.1493,0.57783,0.014633,0.32512,0.21229,0.026568
108.77,0.46392,0.76078,0.079435,0.006349,0.30644,0.49789,0.97086,0.036108,0.012171,0.2298,0.15925,0.0035741
317.27,0.93991,0.94902,0.67571,0.065111,0.93475,1.1922,1.3321,1.0256,0.020402,0.51108,0.23803,0.03671
0.0069517,2.0214,-0.42246,0.41817,0.075284,0.91879,-0.17002,0.39914,-0.51957,-0.013338,0.46575,0.11964,-0.39221
2.0214,841.09,-77.028,-108.98,19.081,169.05,-153.27,-53.802,-222.85,2.9236,99.098,2.0838,0.26592
-0.42246,-77.028,935.61,-182.64,11.485,88.799,-32.083,28.576,-60.221,1.1172,67.101,-9.4748,-12.326
0.41817,-108.98,-182.64,302.15,23.816,148.82,97.513,225.44,76.627,0.56502,159.46,-48.897,-59.596
0.075284,19.081,11.485,23.816,997.52,-20.866,14.915,1.9424,22.808,-0.32625,-13.475,0.61643,0.99764
0.91879,169.05,88.799,148.82,-20.866,818.42,152.36,43.386,224.97,-3.0341,-110.26,0.4396,2.874
-0.17002,-153.27,-32.083,97.513,14.915,152.36,786.27,-137.2,-289.56,3.2881,65.83,18.375,19.694
0.39914,-53.802,28.576,225.44,1.9424,43.386,-137.2,871.34,-172.05,1.596,-4.9728,21.894,25.257
-0.51957,-222.85,-60.221,76.627,22.808,224.97,-289.56,-172.05,602.98,4.6301,105.28,21.455,22.384
-0.013338,2.9236,1.1172,0.56502,-0.32625,-3.0341,3.2881,1.596,4.6301,999.94,-1.6117,-0.15463,-0.14301
0.46575,99.098,67.101,159.46,-13.475,-110.26,65.83,-4.9728,105.28,-1.6117,924.76,6.0907,8.6132
0.11964,2.0838,-9.4748,-48.897,0.61643,0.4396,18.375,21.894,21.455,-0.15463,6.0907,995.91,-4.8315
-0.39221,0.26592,-12.326,-59.596,0.99764,2.874,19.694,25.257,22.384,-0.14301,8.6132,-4.8315,994.26
