207.42,0.65811,0.71148,0.63771,0.0087858,0.34934,0.984,1.1515,0.80219,0.028458,0.23552,0.17242,0.10194
19.355,0.14197,0.16471,0.23748,0.0061651,0.3024,0.81805,1.0116,0.64249,0.004264,0.15915,0.062401,0.00030432
349.2,0.98469,0.98823,3.3113,0.016259,0.43887,1.2901,1.4476,1.1176,0.06278,0.44816,0.25792,0.26269
0.00014275,0.00059869,-0.033937,0.00037347,-0.043341,0.016458,0.097825,-0.037164,-0.053671,0.15682,-0.014018,-0.12769,0.0021078
0.00059869,20.674,-2.2479,2.0319,1.4351,9.1127,-18.14,17.066,7.9604,-21.034,-14.59,-12.915,17.161
-0.033937,-2.2479,33.295,1.0544,36.486,-27.69,-25.17,2.644,30.345,-94.975,-4.7596,73.498,-0.67314
0.00037347,2.0319,1.0544,2.2111,4.7982,-6.7154,-0.12948,-2.2666,4.4619,-0.81226,-2.4592,4.5352,0.27746
-0.043341,1.4351,36.486,4.7982,9858.7,-206.4,69.649,-118.55,87.885,125.82,-49.814,-104.53,-26.795
0.016458,9.1127,-27.69,-6.7154,-206.4,4100.8,-414.4,-2707.6,3191.7,-459.61,13.464,-392.92,85.912
0.097825,-18.14,-25.17,-0.12948,69.649,-414.4,3684,-2034.4,-1620,145.45,-261.98,-266.59,147.06
-0.037164,17.066,2.644,-2.2666,-118.55,-2707.6,-2034.4,4704.6,-2587.7,-323.77,120.15,-75.885,-44.946
-0.053671,7.9604,30.345,4.4619,87.885,3191.7,-1620,-2587.7,4220.6,135.55,106.53,317.2,-130.89
0.15682,-21.034,-94.975,-0.81226,125.82,-459.61,145.45,-323.77,135.55,7096.5,-1099.8,-319.22,-540.19
-0.014018,-14.59,-4.7596,-2.4592,-49.814,13.464,-261.98,120.15,106.53,-1099.8,836.41,-344.03,72.735
-0.12769,-12.915,73.498,4.5352,-104.53,-392.92,-266.59,-75.885,317.2,-319.22,-344.03,1487.5,-176.66
0.0021078,17.161,-0.67314,0.27746,-26.795,85.912,147.06,-44.946,-130.89,-540.19,72.735,-176.66,376.5
