1008.1,929.54,-272.97,-989.48,675.07,675.07,675.07,275.07,578.16
384.75,302.46,-681.65,-1593.3,-171.02,-171.02,-171.02,0.01527,-329.74
2649.8,2647.4,361.14,-69.276,1260,1260,1260,3617.8,1913.4
0.00058377,-0.00054186,3.0099e-05,3.9556e-05,1.2663e-05,1.2663e-05,1.2663e-05,-3.4457e-06,-6.5523e-06
-0.00054186,0.00052531,-4.4089e-05,-3.1957e-05,-1.0165e-05,-1.0165e-05,-1.0165e-05,-2.0129e-06,-9.2051e-06
3.0099e-05,-4.4089e-05,9.3421e-05,-3.3664e-05,-8.4885e-06,-8.4885e-06,-8.4885e-06,1.5426e-06,7.3369e-06
3.9556e-05,-3.1957e-05,-3.3664e-05,2.5413e-05,4.0461e-06,4.0461e-06,4.0461e-06,3.5289e-09,-2.7049e-06
1.2663e-05,-1.0165e-05,-8.4885e-06,4.0461e-06,0.66667,-0.33333,-0.33333,-1.2304e-07,-1.1885e-06
1.2663e-05,-1.0165e-05,-8.4885e-06,4.0461e-06,-0.33333,0.66667,-0.33333,-1.2304e-07,-1.1885e-06
1.2663e-05,-1.0165e-05,-8.4885e-06,4.0461e-06,-0.33333,-0.33333,0.66667,-1.2304e-07,-1.1885e-06
-3.4457e-06,-2.0129e-06,1.5426e-06,3.5289e-09,-1.2304e-07,-1.2304e-07,-1.2304e-07,4.0725e-06,7.7668e-07
-6.5523e-06,-9.2051e-06,7.3369e-06,-2.7049e-06,-1.1885e-06,-1.1885e-06,-1.1885e-06,7.7668e-07,1.8636e-05
77.185,77.185,77.185,77.185,77.185,77.185,77.185,77.185,77.185
