35.156,41.176,545.1,527.3,8.8732,634.52,567.19,792.36,-1.5318,290.74,7.3122e-14,6.9812e-14,8.6416e-14,8.0765e-14
1367.2,127.66,749.02,910.44,48.783,811.67,735.67,845.61,184.63,1475.4,2.1259e-12,2.0631e-12,2.1935e-12,2.1483e-12
0.037639,-0.029779,0.16859,0.039466,-0.0070276,0.00038145,0.057703,0.01947,0.019088,-0.035026,1.2023e-15,1.2597e-15,1.2282e-15,1.289e-15
-0.029779,0.97985,0.014981,0.075439,0.016069,0.069318,-0.038063,-0.0013103,-0.070629,0.037926,-6.805e-17,-3.2481e-17,-5.3455e-17,-2.9237e-17
0.16859,0.014981,0.95875,-0.052234,-0.00076176,-0.014867,-0.0020329,-0.0037239,0.011144,-0.088389,-2.2208e-16,-2.2929e-16,-2.2557e-16,-2.3381e-16
0.039466,0.075439,-0.052234,0.4074,-0.019369,0.060869,0.34718,0.23876,0.17789,-0.13405,-3.0694e-15,-2.0384e-15,-3.1042e-15,-2.2181e-15
-0.0070276,0.016069,-0.00076176,-0.019369,0.97592,-0.11489,0.019895,-0.025556,0.089334,0.023935,5.6737e-16,3.8134e-16,5.4713e-16,3.9883e-16
0.00038145,0.069318,-0.014867,0.060869,-0.11489,0.37363,-0.035879,-0.23031,0.39607,-0.017835,4.0345e-15,2.6748e-15,3.9497e-15,2.8379e-15
0.057703,-0.038063,-0.0020329,0.34718,0.019895,-0.035879,0.74382,-0.17282,-0.13693,-0.1218,1.9666e-15,1.2614e-15,2.0007e-15,1.389e-15
0.01947,-0.0013103,-0.0037239,0.23876,-0.025556,-0.23031,-0.17282,0.81473,0.045041,-0.088096,2.6e-15,1.7051e-15,2.5942e-15,1.8405e-15
0.019088,-0.070629,0.011144,0.17789,0.089334,0.39607,-0.13693,0.045041,0.64897,-0.07026,-1.4345e-15,-9.6974e-16,-1.3556e-15,-9.9746e-16
-0.035026,0.037926,-0.088389,-0.13405,0.023935,-0.017835,-0.1218,-0.088096,-0.07026,0.060558,6.6659e-16,4.3782e-16,7.2496e-16,5.1161e-16
1.2023e-15,-6.805e-17,-2.2208e-16,-3.0694e-15,5.6737e-16,4.0345e-15,1.9666e-15,2.6e-15,-1.4345e-15,6.6659e-16,1,-2.7458e-29,-4.0455e-29,-2.9408e-29
1.2597e-15,-3.2481e-17,-2.2929e-16,-2.0384e-15,3.8134e-16,2.6748e-15,1.2614e-15,1.7051e-15,-9.6974e-16,4.3782e-16,-2.7458e-29,1,-2.7309e-29,-2.0045e-29
1.2282e-15,-5.3455e-17,-2.2557e-16,-3.1042e-15,5.4713e-16,3.9497e-15,2.0007e-15,2.5942e-15,-1.3556e-15,7.2496e-16,-4.0455e-29,-2.7309e-29,1,-2.9257e-29
1.289e-15,-2.9237e-17,-2.3381e-16,-2.2181e-15,3.9883e-16,2.8379e-15,1.389e-15,1.8405e-15,-9.9746e-16,5.1161e-16,-2.9408e-29,-2.0045e-29,-2.9257e-29,1
41.188,41.188,41.188,41.188,41.188,41.188,41.188,41.188,41.188,41.188,41.188,41.188,41.188,41.188
1058.4,86.169,629.8,694.35,29.909,737.15,650.4,820.1,82.952,820,6.1601e-13,5.7632e-13,6.5188e-13,6.1256e-13
1,1,1,1,1,1,1,1,1,1,1,1,1,1
