225.15,0.48019,0.68578,0.013765,0.4391,0.90235,1.0915,0.65235,0.073602
100.23,0.31618,0.53333,0.011831,0.41485,0.85502,1.0399,0.62456,0.058524
346.55,0.84793,0.85098,0.015268,0.46939,0.96456,1.1317,0.69006,0.087951
0.00017451,0.021783,-0.00063955,0.010584,0.027241,-0.015963,0.014584,-0.012645,0.084801
0.021783,68.127,-6.5992,-1.6842,29.775,102.84,88.331,58.558,-17.86
-0.00063955,-6.5992,98.008,-2.1776,32.348,32.676,90.985,58.63,24.684
0.010584,-1.6842,-2.1776,999.79,-3.9397,3.372,-1.0338,2.9065,0.8056
0.027241,29.775,32.348,-3.9397,838.52,134.46,-93.978,67.519,-17.094
-0.015963,102.84,32.676,3.372,134.46,696.68,92.079,-42.389,26.389
0.014584,88.331,90.985,-1.0338,-93.978,92.079,881.84,-24.174,-25.181
-0.012645,58.558,58.63,2.9065,67.519,-42.389,-24.174,908.29,-8.0878
0.084801,-17.86,24.684,0.8056,-17.094,26.389,-25.181,-8.0878,981.35
