178.9,0.6543,0.80882,1.7405,0.0097145,0.35938,0.67743,0.8347,0.47532,0.032708,0.22649,0.12569,0.26583
15.938,0.01875,0.25882,0.90284,0.0022883,0.21177,0.48427,0.66353,0.16438,0.0045474,0.14817,0.055596,0.047921
330.88,0.9697,0.95294,4.4589,0.03314,0.64438,0.86628,0.95781,0.65031,0.065241,0.3829,0.19008,0.4577
0.00051624,-0.10282,-0.039055,0.010006,-0.059303,-0.10276,0.013718,-0.21319,-0.11043,0.52934,0.0037439,0.80407,-0.52628
-0.10282,110.05,-24.599,-7.0293,-8.4145,8.6774,100.32,20.118,11.432,-333.08,80.123,-223.24,341.05
-0.039055,-24.599,64.643,1.7014,31.851,-13.148,50.981,-66.947,-53.784,9.526,-63.547,51.518,-89.501
0.010006,-7.0293,1.7014,1.8574,11.602,-7.5385,-8.4399,-7.8549,-0.31452,-3.8244,7.3907,17.241,-23.756
-0.059303,-8.4145,31.851,11.602,9921.2,-303.82,126.96,-208.03,95.785,-68.951,-503.12,73.866,54.031
-0.10276,8.6774,-13.148,-7.5385,-303.82,3622.2,153.6,-3203.8,3174,311.5,-592.04,-163.38,74.248
0.013718,100.32,50.981,-8.4399,126.96,153.6,1918.7,-961.52,-1115.1,327.21,-531.59,-43.985,142.54
-0.21319,20.118,-66.947,-7.8549,-208.03,-3203.8,-961.52,4082.9,-2713.3,-306.23,57.067,-408.38,266.21
-0.11043,11.432,-53.784,-0.31452,95.785,3174,-1115.1,-2713.3,4112.7,-617.74,649.1,-244.96,191.93
0.52934,-333.08,9.526,-3.8244,-68.951,311.5,327.21,-306.23,-617.74,8978,-1940.7,-1061.1,-1233.3
0.0037439,80.123,-63.547,7.3907,-503.12,-592.04,-531.59,57.067,649.1,-1940.7,2183.9,-98.777,289.68
0.80407,-223.24,51.518,17.241,73.866,-163.38,-43.985,-408.38,-244.96,-1061.1,-98.777,3303.4,-1320.2
-0.52628,341.05,-89.501,-23.756,54.031,74.248,142.54,266.21,191.93,-1233.3,289.68,-1320.2,1349.8
