174.01,0.58479,0.73653,0.86753,0.00051783,0.11252,0.66913,0.72852,0.616,0.73794
32.308,0.06639,0.36471,0.37682,2.3609e-05,0.027319,0.54896,0.61695,0.47973,0.15473
341.82,0.925,0.97255,3.816,0.0021183,0.20111,0.78913,0.84525,0.67907,1.8536
0.00018337,0.0035536,-0.013404,0.0030246,0.00070945,-0.048982,0.2101,-0.085359,-0.036374,-0.0052491
0.0035536,28.446,12.641,2.3572,-4.7114,36.863,45.715,-17.95,-54.816,-0.0074575
-0.013404,12.641,56.141,3.0346,2.9884,-17.693,-87.51,0.34299,18.027,-0.76112
0.0030246,2.3572,3.0346,2.2843,-0.30881,-2.5189,4.2107,-3.5181,-1.0004,0.58144
0.00070945,-4.7114,2.9884,-0.30881,9994.6,-83.023,-1.793,-44.335,38.69,2.3838
-0.048982,36.863,-17.693,-2.5189,-83.023,3851.3,89.538,-3222.9,2925.8,-27.525
0.2101,45.715,-87.51,4.2107,-1.793,89.538,3023,-1338.5,-1428,-9.2348
-0.085359,-17.95,0.34299,-3.5181,-44.335,-3222.9,-1338.5,4076.1,-2701,-3.1869
-0.036374,-54.816,18.027,-1.0004,38.69,2925.8,-1428,-2701,4373.2,24.334
-0.0052491,-0.0074575,-0.76112,0.58144,2.3838,-27.525,-9.2348,-3.1869,24.334,6.5778
