0.21735,0.10972,-0.18489,0.094712,0.099601,0.15344,0.18137,0.090898,0.059326,0.022175,0.9884,0.12229,0.4926,0.096294,0.73468,0.74389,0.063915,0.48775,-0.40498,0.01487,0.01487,0.01487,0.00074324,0.26786,0.18276,-0.19316,0.19139,0.011741,0.18411,0.18318,0.028338,0.18934,0.014116,0.10837,0.98994,0.044111,0.98772,0.10861,0.99751,0.044029,0.014746,-0.43602,0.010607,0.010607,0.010607,0.0017147
0.1278,0.078617,-0.24934,0.081176,0.04695,0.0173,0.076345,0.052047,0.0091679,0.0028281,0.96144,0.01303,0.087324,0.0070585,0.2138,0.21445,0.033472,0.081232,-0.44775,-0.0061107,-0.0061107,-0.0061107,8.7546e-06,0.20534,0.13566,-0.21683,0.13733,0.0002143,0.14353,0.13648,0.0027505,0.13447,0.0019902,0.0029465,0.94985,0.0049395,0.9497,0.0064697,0.98434,0.0048893,0.0020225,-0.46939,-0.0033743,-0.0033743,-0.0033743,6.0939e-05
0.29098,0.14999,-0.076744,0.12352,0.17542,0.23753,0.24496,0.1156,0.12322,0.054319,0.99942,0.27493,0.97667,0.26089,0.98327,0.9961,0.11005,0.97598,-0.17472,0.031925,0.031925,0.031925,0.002258,0.33825,0.26653,-0.13159,0.28077,0.023401,0.21474,0.21753,0.087105,0.28255,0.022034,0.31269,0.99979,0.17511,0.99969,0.3127,0.99999,0.1752,0.02847,-0.41166,0.037301,0.037301,0.037301,0.014062
891.89,-46.895,100.51,-31.372,-99.838,-68.43,-93.22,-21.734,-81.357,9.2664,8.3587,-16.6,21.777,-33.419,26.487,16.273,36.902,18.404,115.14,36.306,36.306,36.306,-2.4302,-6.0968,47.948,48.601,31.336,-20.501,-29.87,-35.276,39.557,31.063,-21.616,-5.4065,-7.3975,34.774,-12.846,-3.3576,-4.9063,36.215,-22.64,-1.6093,15.327,15.327,15.327,-4.6896
-46.895,952.52,27.891,-27.508,-18.078,-34.906,-25.95,-16.806,-58.174,26.907,5.6953,-15.445,54.97,-48.558,86.94,76.594,48.959,51.74,27.565,13.476,13.476,13.476,-1.301,-22.274,-1.9233,24.986,-4.5278,-5.6492,-20.005,-18.612,17.225,-7.5954,-8.3216,-18.192,-0.73585,-2.5321,-1.9576,-17.637,-0.99223,-1.4542,-8.5849,-4.0337,0.37616,0.37616,0.37616,-4.7331
100.51,27.891,896.86,21.586,105.7,64.244,96.758,16.881,60.014,0.13294,-4.8775,4.1756,7.1178,9.3182,23.892,28.962,-19.923,9.79,-123.71,-33.027,-33.027,-33.027,1.9815,-5.0011,-56.016,-42.515,-39.67,19.56,25.321,31.787,-39.186,-39.839,20.818,1.3011,8.7958,-46.849,14.974,-0.86145,5.6659,-47.652,21.919,1.5785,-15.709,-15.709,-15.709,2.8095
-31.372,-27.508,21.586,974.54,-6.3697,-31.414,-22.219,-17.218,-21.347,26.007,2.7378,-23.55,20.242,-45.791,44.002,37.468,32.68,17.57,-6.2276,11.789,11.789,11.789,-0.66892,4.18,25.909,16.698,29.771,-1.4235,-21.154,-18.238,26.103,23.097,-4.8508,10.947,-5.7815,8.3836,-6.3473,10.682,-0.44536,8.6307,-4.2412,-5.7494,-5.3911,-5.3911,-5.3911,-0.83565
-99.838,-18.078,105.7,-6.3697,768.6,19.872,-102.95,-25.846,-71.223,-59.025,-0.88826,-25.632,-22.986,14.289,30.23,38.379,-10.149,-22.77,119.79,47.922,47.922,47.922,-2.6357,12.21,13.511,-7.3213,36.691,-23.733,-15.35,-28.114,27.481,41.132,-16.505,21.373,-24.987,78.377,-34.491,23.19,-9.2621,80.56,-21.573,-72.159,-16.91,-16.91,-16.91,-5.7085
-68.43,-34.906,64.244,-31.414,19.872,892.07,-61.476,-11.97,-34.636,57.978,3.1491,18.977,19.362,-34.229,-37.655,-48.925,56.667,13.694,85.05,6.8849,6.8849,6.8849,-0.62851,-9.7172,51.542,59.71,24.421,-4.743,-32.278,-28.985,41.395,16.636,-15.862,-35.471,3.1661,21.839,0.063647,-33.882,-2.6052,20.858,-14.031,34.134,20.597,20.597,20.597,-0.9015
-93.22,-25.95,96.758,-22.219,-102.95,-61.476,905.44,-20.491,-48.34,8.1478,-0.18985,10.145,-2.9206,-1.643,-26.619,-27.921,30.344,-6.9234,110.93,28.753,28.753,28.753,-1.5762,12.971,54.555,30.938,49.049,-16.22,-25.776,-30.579,45.696,45.766,-20.719,-6.6932,-12.18,48.724,-18.606,-4.6124,-5.9181,49.115,-22.56,-15.975,4.9284,4.9284,4.9284,-2.3809
-21.734,-16.806,16.881,-17.218,-25.846,-11.97,-20.491,977.02,-1.6839,10.243,-7.1544,19.077,20.995,-0.46318,34.216,38.574,32.978,17.225,7.0075,7.0419,7.0419,7.0419,-0.47238,1.6246,8.969,5.2504,21.772,0.34139,-19.739,-17.05,30.225,13.178,-0.98153,44.289,-15.135,25.445,-17.384,44.128,-2.247,25.461,-1.386,-16.082,-14.761,-14.761,-14.761,-2.0992
-81.357,-58.174,60.014,-21.347,-71.223,-34.636,-48.34,-1.6839,880.84,2.4792,21.677,-73.498,48.055,-82.045,94.824,72.957,20.035,49.343,85.317,29.131,29.131,29.131,-2.5027,-43.568,-15.023,39.631,-35.342,-17.594,-12.444,-18.646,-10.07,-25.28,-14.999,-76.774,13.18,-4.0641,10.782,-75.185,-2.0247,-1.5949,-15.59,2.5254,20.919,20.919,20.919,-6.795
9.2664,26.907,0.13294,26.007,-59.025,57.978,8.1478,10.243,2.4792,922.86,4.6398,-21.904,-1.1973,35.093,-30.4,-24.836,-66.799,5.0337,20.862,10.362,10.362,10.362,-0.84567,-9.2655,-20.486,-6.6342,-28.782,-8.8202,16.417,7.6102,-29.403,-16.036,9.5997,71.053,-3.6178,13.588,-4.0594,70.807,-0.7649,15.245,9.3483,9.4861,11.185,11.185,11.185,-0.96185
8.3587,5.6953,-4.8775,2.7378,-0.88826,3.1491,-0.18985,-7.1544,21.677,4.6398,988.46,55.207,-1.9339,43.462,-6.8883,2.9951,17.172,-4.7947,8.9058,-8.1722,-8.1722,-8.1722,0.47619,2.4061,-8.1597,-9.8485,0.96478,3.4321,-0.78746,1.0006,11.944,-3.9357,0.41913,14.649,-7.9362,9.3454,-9.2571,14.942,-1.3215,8.6562,-0.6439,-10.498,-10.229,-10.229,-10.229,-0.77706
-16.6,-15.445,4.1756,-23.55,-25.632,18.977,10.145,19.077,-73.498,-21.904,55.207,597.73,-14.017,-331.8,13.019,-33.006,-107.18,3.7164,-132.86,39.99,39.99,39.99,-1.3558,-1.3458,17.67,15.786,31.393,7.6292,-27.776,-27.871,-52.117,42.156,21.24,-64.921,25.005,50.38,27.851,-69.963,2.0406,51.79,29.148,-10.858,-7.1875,-7.1875,-7.1875,8.3549
21.777,54.97,7.1178,20.242,-22.986,19.362,-2.9206,20.995,48.055,-1.1973,-1.9339,-14.017,547.06,35.684,53.258,59.849,-78.715,-448.5,15.961,-1.8511,-1.8511,-1.8511,1.3297,17.978,26.377,5.2885,11.953,8.8325,6.7865,8.2337,-15.124,12.345,-1.1268,-25.329,7.8249,51.42,6.0722,-26.26,-1.817,46.992,4.6417,24.785,22.655,22.655,22.655,6.6756
-33.419,-48.558,9.3182,-45.791,14.289,-34.229,-1.643,-0.46318,-82.045,35.093,43.462,-331.8,35.684,670.88,47.369,3.1959,-28.161,45.71,-96.771,25.944,25.944,25.944,-1.0658,-30.57,-2.2288,36.473,14.832,16.057,-52.077,-43.809,-21.766,12.583,17.959,-89.232,20.775,64.208,20.996,-93.538,-0.42604,64.306,26.03,-8.7762,-17.418,-17.418,-17.418,4.29
26.487,86.94,23.892,44.002,30.23,-37.655,-26.619,34.216,94.824,-30.4,-6.8883,13.019,53.258,47.369,582.12,-405.08,-76.292,58.118,63.446,-25.26,-25.26,-25.26,2.4609,38.877,44.638,-4.0418,32.808,8.4327,10.096,6.0679,-5.5404,36.084,9.0919,-25.001,5.5485,71.15,1.5353,-24.195,-4.2354,68.126,9.8725,25.829,7.8598,7.8598,7.8598,11.341
16.273,76.594,28.962,37.468,38.379,-48.925,-27.921,38.574,72.957,-24.836,2.9951,-33.006,59.849,3.1959,-405.08,597.92,-81.476,66.375,55.404,-18.983,-18.983,-18.983,2.0705,35.324,52.98,7.5034,33.271,6.2759,7.7527,3.2798,-12.221,39.296,7.6491,-45.061,12.956,61.597,10.094,-44.466,-3.0449,59.045,9.4626,35.306,16.074,16.074,16.074,11.822
36.902,48.959,-19.923,32.68,-10.149,56.667,30.344,32.978,20.035,-66.799,17.172,-107.18,-78.715,-28.161,-76.292,-81.476,888.37,-67.174,-35.125,5.1499,5.1499,5.1499,0.15668,7.721,-0.70153,-9.2561,-14.293,-0.95559,23.625,16.534,-52.896,1.7522,14.405,17.772,13.288,6.9176,15.865,16.216,2.1142,7.337,17.284,24.234,19.117,19.117,19.117,5.7247
18.404,51.74,9.79,17.57,-22.77,13.694,-6.9234,17.225,49.343,5.0337,-4.7947,3.7164,-448.5,45.71,58.118,66.375,-67.174,554.52,20.814,-2.592,-2.592,-2.592,1.3488,19.566,29.02,5.5272,15.866,8.6256,4.9836,7.0374,-8.0022,14.366,-3.0425,-23.025,5.5091,50.559,3.4587,-23.734,-2.0535,46.041,2.3086,22.361,20.861,20.861,20.861,6.1907
115.14,27.565,-123.71,-6.2276,119.79,85.05,110.93,7.0075,85.317,20.862,8.9058,-132.86,15.961,-96.771,63.446,55.404,-35.125,20.814,670.87,-5.9576,-5.9576,-5.9576,2.1377,105.85,58.504,-87.312,111.3,17.042,28.177,36.319,-12.759,105.11,15.011,34.554,0.91314,-107.58,15.62,29.505,14.284,-106.87,15.239,-51.179,-43.584,-43.584,-43.584,13.048
36.306,13.476,-33.027,11.789,47.922,6.8849,28.753,7.0419,29.131,10.362,-8.1722,39.99,-1.8511,25.944,-25.26,-18.983,5.1499,-2.592,-5.9576,977.34,-22.661,-22.661,1.1858,-16.57,-36.297,-9.1904,-33.038,11.346,5.4535,9.4965,-11.449,-35.545,7.9016,-20.504,4.0511,1.8109,4.0866,-20.667,-0.13639,0.43245,8.4516,6.4642,-5.5268,-5.5268,-5.5268,0.19666
36.306,13.476,-33.027,11.789,47.922,6.8849,28.753,7.0419,29.131,10.362,-8.1722,39.99,-1.8511,25.944,-25.26,-18.983,5.1499,-2.592,-5.9576,-22.661,977.34,-22.661,1.1858,-16.57,-36.297,-9.1904,-33.038,11.346,5.4535,9.4965,-11.449,-35.545,7.9016,-20.504,4.0511,1.8109,4.0866,-20.667,-0.13639,0.43245,8.4516,6.4642,-5.5268,-5.5268,-5.5268,0.19666
36.306,13.476,-33.027,11.789,47.922,6.8849,28.753,7.0419,29.131,10.362,-8.1722,39.99,-1.8511,25.944,-25.26,-18.983,5.1499,-2.592,-5.9576,-22.661,-22.661,977.34,1.1858,-16.57,-36.297,-9.1904,-33.038,11.346,5.4535,9.4965,-11.449,-35.545,7.9016,-20.504,4.0511,1.8109,4.0866,-20.667,-0.13639,0.43245,8.4516,6.4642,-5.5268,-5.5268,-5.5268,0.19666
-2.4302,-1.301,1.9815,-0.66892,-2.6357,-0.62851,-1.5762,-0.47238,-2.5027,-0.84567,0.47619,-1.3558,1.3297,-1.0658,2.4609,2.0705,0.15668,1.3488,2.1377,1.1858,1.1858,1.1858,999.91,-0.61536,0.73378,1.3535,0.0035507,-0.70073,-0.49587,-0.73449,0.36016,0.23192,-0.33542,1.6314,-0.15652,0.13587,-0.20924,1.6604,-0.044993,0.23135,-0.33979,0.49601,0.73264,0.73264,0.73264,-0.18012
-6.0968,-22.274,-5.0011,4.18,12.21,-9.7172,12.971,1.6246,-43.568,-9.2655,2.4061,-1.3458,17.978,-30.57,38.877,35.324,7.721,19.566,105.85,-16.57,-16.57,-16.57,-0.61536,882.47,-117.53,49.418,-138.22,11.817,-23.427,-19.329,-33.326,-135.89,19.339,-16.57,10.119,67.78,4.3737,-16.609,-6.2655,66.889,23.839,46.085,12.325,12.325,12.325,-8.6423
47.948,-1.9233,-56.016,25.909,13.511,51.542,54.555,8.969,-15.023,-20.486,-8.1597,17.67,26.377,-2.2288,44.638,52.98,-0.70153,29.02,58.504,-36.297,-36.297,-36.297,0.73378,-117.53,822.06,-4.6457,-165.14,23.56,-3.78,1.8879,-57.401,-162.91,29.023,-55.868,9.7365,62.275,4.253,-56.482,-6.2933,60.791,31.009,0.91856,-18.273,-18.273,-18.273,-8.5168
48.601,24.986,-42.515,16.698,-7.3213,59.71,30.938,5.2504,39.631,-6.6342,-9.8485,15.786,5.2885,36.473,-4.0418,7.5034,-9.2561,5.5272,-87.312,-9.1904,-9.1904,-9.1904,1.3535,49.418,-4.6457,930.54,34.278,4.5413,27.698,27.05,-7.4975,33.574,-0.19397,-28.659,-4.665,-36.279,-1.9115,-29.114,2.7311,-36.236,-4.5451,-61.441,-32.622,-32.622,-32.622,3.4435
31.336,-4.5278,-39.67,29.771,36.691,24.421,49.049,21.772,-35.342,-28.782,0.96478,31.393,11.953,14.832,32.808,33.271,-14.293,15.866,111.3,-33.038,-33.038,-33.038,0.0035507,-138.22,-165.14,34.278,806.17,13.743,2.0618,3.9004,-69.444,-183.16,24.235,-46.68,21.395,40.196,17.204,-46.266,-4.803,39.346,28.022,57.601,21.339,21.339,21.339,-9.6484
-20.501,-5.6492,19.56,-1.4235,-23.733,-4.743,-16.22,0.34139,-17.594,-8.8202,3.4321,7.6292,8.8325,16.057,8.4327,6.2759,-0.95559,8.6256,17.042,11.346,11.346,11.346,-0.70073,11.817,23.56,4.5413,13.743,989.15,6.3385,1.9823,4.0328,17.977,-8.8696,7.4033,-0.15135,-21.09,0.56191,8.2372,0.96171,-19.955,-10.226,2.7967,11.381,11.381,11.381,-0.63957
-29.87,-20.005,25.321,-21.154,-15.35,-32.278,-25.776,-19.739,-12.444,16.417,-0.78746,-27.776,6.7865,-52.077,10.096,7.7527,23.625,4.9836,28.177,5.4535,5.4535,5.4535,-0.49587,-23.427,-3.78,27.698,2.0618,6.3385,965.33,-29.641,23.285,-7.1014,5.3963,24.727,-8.9705,61.424,-13.077,24.023,-4.2964,60.578,7.9117,1.3079,-10.239,-10.239,-10.239,-1.7769
-35.276,-18.612,31.787,-18.238,-28.114,-28.985,-30.579,-17.05,-18.646,7.6102,1.0006,-27.871,8.2337,-43.809,6.0679,3.2798,16.534,7.0374,36.319,9.4965,9.4965,9.4965,-0.73449,-19.329,1.8879,27.05,3.9004,1.9823,-29.641,972.98,20.505,-2.3028,2.6797,24.724,-8.1301,54.081,-12.013,24.356,-4.0009,53.707,4.5801,1.7821,-5.3874,-5.3874,-5.3874,-1.8745
39.557,17.225,-39.186,26.103,27.481,41.395,45.696,30.225,-10.07,-29.403,11.944,-52.117,-15.124,-21.766,-5.5404,-12.221,-52.896,-8.0022,-12.759,-11.449,-11.449,-11.449,0.36016,-33.326,-57.401,-7.4975,-69.444,4.0328,23.285,20.505,941.75,-56.109,11.474,-51.116,21.109,-18.825,23.412,-51.653,1.9938,-18.522,12.982,20.358,14.093,14.093,14.093,0.29248
31.063,-7.5954,-39.839,23.097,41.132,16.636,45.766,13.178,-25.28,-16.036,-3.9357,42.156,12.345,12.583,36.084,39.296,1.7522,14.366,105.11,-35.545,-35.545,-35.545,0.23192,-135.89,-162.91,33.574,-183.16,17.977,-7.1014,-2.3028,-56.109,821.85,25.441,-37.249,15.854,53.986,10.777,-37.104,-5.7261,52.543,29.431,50.06,11.626,11.626,11.626,-9.6059
-21.616,-8.3216,20.818,-4.8508,-16.505,-15.862,-20.719,-0.98153,-14.999,9.5997,0.41913,21.24,-1.1268,17.959,9.0919,7.6491,14.405,-3.0425,15.011,7.9016,7.9016,7.9016,-0.33542,19.339,29.023,-0.19397,24.235,-8.8696,5.3963,2.6797,11.474,25.441,987.2,-19.637,0.36345,-24.248,0.87277,-18.537,0.87534,-23.678,-14.715,-6.4236,6.4185,6.4185,6.4185,-0.10916
-5.4065,-18.192,1.3011,10.947,21.373,-35.471,-6.6932,44.289,-76.774,71.053,14.649,-64.921,-25.329,-89.232,-25.001,-45.061,17.772,-23.025,34.554,-20.504,-20.504,-20.504,1.6314,-16.57,-55.868,-28.659,-46.68,7.4033,24.727,24.724,-51.116,-37.249,-19.637,650.83,47.183,-37.355,46.357,-346.85,-0.2681,-39.149,-22.595,-46.138,-4.0757,-4.0757,-4.0757,1.7033
-7.3975,-0.73585,8.7958,-5.7815,-24.987,3.1661,-12.18,-15.135,13.18,-3.6178,-7.9362,25.005,7.8249,20.775,5.5485,12.956,13.288,5.5091,0.91314,4.0511,4.0511,4.0511,-0.15652,10.119,9.7365,-4.665,21.395,-0.15135,-8.9705,-8.1301,21.109,15.854,0.36345,47.183,986.3,19.036,-15.239,47.046,-1.5728,19.02,-0.41861,-14.87,-12.261,-12.261,-12.261,-0.7303
34.774,-2.5321,-46.849,8.3836,78.377,21.839,48.724,25.445,-4.0641,13.588,9.3454,50.38,51.42,64.208,71.15,61.597,6.9176,50.559,-107.58,1.8109,1.8109,1.8109,0.13587,67.78,62.275,-36.279,40.196,-21.09,61.424,54.081,-18.825,53.986,-24.248,-37.355,19.036,810.37,32.252,-35.866,14.039,-186.38,-29.56,9.0361,29.7,29.7,29.7,3.0166
-12.846,-1.9576,14.974,-6.3473,-34.491,0.063647,-18.606,-17.384,10.782,-4.0594,-9.2571,27.851,6.0722,20.996,1.5353,10.094,15.865,3.4587,15.62,4.0866,4.0866,4.0866,-0.20924,4.3737,4.253,-1.9115,17.204,0.56191,-13.077,-12.013,23.412,10.777,0.87277,46.357,-15.239,32.252,982,46.314,-2.814,32.038,0.1713,-16.744,-14.132,-14.132,-14.132,-1.3404
-3.3576,-17.637,-0.86145,10.682,23.19,-33.882,-4.6124,44.128,-75.185,70.807,14.942,-69.963,-26.26,-93.538,-24.195,-44.466,16.216,-23.734,29.505,-20.667,-20.667,-20.667,1.6604,-16.609,-56.482,-29.114,-46.266,8.2372,24.023,24.356,-51.653,-37.104,-18.537,-346.85,47.046,-35.866,46.314,655.3,-0.20784,-37.698,-21.289,-46.312,-5.1065,-5.1065,-5.1065,1.8923
-4.9063,-0.99223,5.6659,-0.44536,-9.2621,-2.6052,-5.9181,-2.247,-2.0247,-0.7649,-1.3215,2.0406,-1.817,-0.42604,-4.2354,-3.0449,2.1142,-2.0535,14.284,-0.13639,-0.13639,-0.13639,-0.044993,-6.2655,-6.2933,2.7311,-4.803,0.96171,-4.2964,-4.0009,1.9938,-5.7261,0.87534,-0.2681,-1.5728,14.039,-2.814,-0.20784,998.72,13.826,1.0096,-1.7986,-2.1044,-2.1044,-2.1044,-0.60581
36.215,-1.4542,-47.652,8.6307,80.56,20.858,49.115,25.461,-1.5949,15.245,8.6562,51.79,46.992,64.306,68.126,59.045,7.337,46.041,-106.87,0.43245,0.43245,0.43245,0.23135,66.889,60.791,-36.236,39.346,-19.955,60.578,53.707,-18.522,52.543,-23.678,-39.149,19.02,-186.38,32.038,-37.698,13.826,816.68,-28.837,9.1273,28.866,28.866,28.866,3.1364
-22.64,-8.5849,21.919,-4.2412,-21.573,-14.031,-22.56,-1.386,-15.59,9.3483,-0.6439,29.148,4.6417,26.03,9.8725,9.4626,17.284,2.3086,15.239,8.4516,8.4516,8.4516,-0.33979,23.839,31.009,-4.5451,28.022,-10.226,7.9117,4.5801,12.982,29.431,-14.715,-22.595,-0.41861,-29.56,0.1713,-21.289,1.0096,-28.837,982.66,-11.649,5.0919,5.0919,5.0919,-0.2332
-1.6093,-4.0337,1.5785,-5.7494,-72.159,34.134,-15.975,-16.082,2.5254,9.4861,-10.498,-10.858,24.785,-8.7762,25.829,35.306,24.234,22.361,-51.179,6.4642,6.4642,6.4642,0.49601,46.085,0.91856,-61.441,57.601,2.7967,1.3079,1.7821,20.358,50.06,-6.4236,-46.138,-14.87,9.0361,-16.744,-46.312,-1.7986,9.1273,-11.649,904.09,-51.03,-51.03,-51.03,0.91073
15.327,0.37616,-15.709,-5.3911,-16.91,20.597,4.9284,-14.761,20.919,11.185,-10.229,-7.1875,22.655,-17.418,7.8598,16.074,19.117,20.861,-43.584,-5.5268,-5.5268,-5.5268,0.73264,12.325,-18.273,-32.622,21.339,11.381,-10.239,-5.3874,14.093,11.626,6.4185,-4.0757,-12.261,29.7,-14.132,-5.1065,-2.1044,28.866,5.0919,-51.03,960.84,-39.165,-39.165,0.54221
15.327,0.37616,-15.709,-5.3911,-16.91,20.597,4.9284,-14.761,20.919,11.185,-10.229,-7.1875,22.655,-17.418,7.8598,16.074,19.117,20.861,-43.584,-5.5268,-5.5268,-5.5268,0.73264,12.325,-18.273,-32.622,21.339,11.381,-10.239,-5.3874,14.093,11.626,6.4185,-4.0757,-12.261,29.7,-14.132,-5.1065,-2.1044,28.866,5.0919,-51.03,-39.165,960.84,-39.165,0.54221
15.327,0.37616,-15.709,-5.3911,-16.91,20.597,4.9284,-14.761,20.919,11.185,-10.229,-7.1875,22.655,-17.418,7.8598,16.074,19.117,20.861,-43.584,-5.5268,-5.5268,-5.5268,0.73264,12.325,-18.273,-32.622,21.339,11.381,-10.239,-5.3874,14.093,11.626,6.4185,-4.0757,-12.261,29.7,-14.132,-5.1065,-2.1044,28.866,5.0919,-51.03,-39.165,-39.165,960.84,0.54221
-4.6896,-4.7331,2.8095,-0.83565,-5.7085,-0.9015,-2.3809,-2.0992,-6.795,-0.96185,-0.77706,8.3549,6.6756,4.29,11.341,11.822,5.7247,6.1907,13.048,0.19666,0.19666,0.19666,-0.18012,-8.6423,-8.5168,3.4435,-9.6484,-0.63957,-1.7769,-1.8745,0.29248,-9.6059,-0.10916,1.7033,-0.7303,3.0166,-1.3404,1.8923,-0.60581,3.1364,-0.2332,0.91073,0.54221,0.54221,0.54221,998.7
