888.53,881.89,26.539,-543.55,743.87,743.87,743.87,136.61,85.378
740.99,740.55,-180.91,-1115.4,366.95,366.95,366.95,0.0063328,-174.11
1481.2,1474.5,140.36,-212.63,1134.9,1134.9,1134.9,1178.3,728.03
0.069159,-0.082289,0.010566,-0.0062343,-0.00069976,-0.00069976,-0.00069976,0.0086689,-0.00061375
-0.082289,0.10308,-0.014662,0.0089312,0.0008764,0.0008764,0.0008764,-0.013793,0.0011893
0.010566,-0.014662,0.0033669,-0.0019904,-0.00019827,-0.00019827,-0.00019827,0.0028308,-0.00038445
-0.0062343,0.0089312,-0.0019904,0.0012352,0.00011754,0.00011754,0.00011754,-0.0018736,0.00026733
-0.00069976,0.0008764,-0.00019827,0.00011754,0.66668,-0.33332,-0.33332,-0.0001324,2.6617e-05
-0.00069976,0.0008764,-0.00019827,0.00011754,-0.33332,0.66668,-0.33332,-0.0001324,2.6617e-05
-0.00069976,0.0008764,-0.00019827,0.00011754,-0.33332,-0.33332,0.66668,-0.0001324,2.6617e-05
0.0086689,-0.013793,0.0028308,-0.0018736,-0.0001324,-0.0001324,-0.0001324,0.0034876,-0.00045371
-0.00061375,0.0011893,-0.00038445,0.00026733,2.6617e-05,2.6617e-05,2.6617e-05,-0.00045371,0.00013553
59.559,59.559,59.559,59.559,59.559,59.559,59.559,59.559,59.559
