0.98184,0.90851,-0.25024,-0.93992,0.7053,0.7053,0.7053,0.3612
0.38475,0.30246,-0.68165,-1.5933,-0.17102,-0.17102,-0.17102,2.2606e-05
2.6498,2.6474,0.36114,-0.069276,1.26,1.26,1.26,3.6178
477.24,-447.92,26.137,32.814,10.771,10.771,10.771,-2.4239
-447.92,434.46,-40.7,-24.428,-8.8435,-8.8435,-8.8435,-4.056
26.137,-40.7,105.26,-40.173,-10.194,-10.194,-10.194,3.4788
32.814,-24.428,-40.173,27.011,4.7656,4.7656,4.7656,-1.009
10.771,-8.8435,-10.194,4.7656,6668.9,-3331.1,-3331.1,-0.18491
10.771,-8.8435,-10.194,4.7656,-3331.1,6668.9,-3331.1,-0.18491
10.771,-8.8435,-10.194,4.7656,-3331.1,-3331.1,6668.9,-0.18491
-2.4239,-4.056,3.4788,-1.009,-0.18491,-0.18491,-0.18491,4.2203
