337.17,153.79,-466.85,-857.06,-195.54,-195.54,-195.54,0.017267,-508.69
1503.3,1482.4,367.74,-98.983,826.8,826.8,826.8,74.597,113.64
0.072826,-0.068532,0.21085,-0.059129,-0.051231,-0.051231,-0.051231,-0.060784,0.0049112
-0.068532,0.064513,-0.19806,0.055564,0.048106,0.048106,0.048106,0.056839,-0.0045739
0.21085,-0.19806,0.65109,-0.18178,-0.15888,-0.15888,-0.15888,-0.18201,0.018022
-0.059129,0.055564,-0.18178,0.050798,0.044335,0.044335,0.044335,0.050767,-0.0049481
-0.051231,0.048106,-0.15888,0.044335,0.70546,-0.29454,-0.29454,0.044497,-0.0044604
-0.051231,0.048106,-0.15888,0.044335,-0.29454,0.70546,-0.29454,0.044497,-0.0044604
-0.051231,0.048106,-0.15888,0.044335,-0.29454,-0.29454,0.70546,0.044497,-0.0044604
-0.060784,0.056839,-0.18201,0.050767,0.044497,0.044497,0.044497,0.060235,-0.0044894
0.0049112,-0.0045739,0.018022,-0.0049481,-0.0044604,-0.0044604,-0.0044604,-0.0044894,0.00078814
56.517,56.517,56.517,56.517,56.517,56.517,56.517,56.517,56.517
905.29,818.84,-70.881,-585.39,312.32,312.32,312.32,11.33,-112.59
1,1,1,1,1,1,1,1,1
