1.5735,1.4576,-0.56163,-1.1025,0.088548,0.088548,0.088548,1.3662
1.2254,1.0384,-0.71251,-1.1958,-0.19925,-0.19925,-0.19925,0.49215
1.9669,1.884,-0.44958,-1.0472,0.24843,0.24843,0.24843,2.2173
537.57,-437.38,132.55,52.652,9.4352,9.4352,9.4352,-20.033
-437.38,453.88,-148.14,-1.2997,-12.548,-12.548,-12.548,-22.401
132.55,-148.14,389.92,-180.08,-55.734,-55.734,-55.734,2.7843
52.652,-1.2997,-180.08,420.89,47.281,47.281,47.281,-29.043
9.4352,-12.548,-55.734,47.281,684.42,-315.58,-315.58,0.64986
9.4352,-12.548,-55.734,47.281,-315.58,684.42,-315.58,0.64986
9.4352,-12.548,-55.734,47.281,-315.58,-315.58,684.42,0.64986
-20.033,-22.401,2.7843,-29.043,0.64986,0.64986,0.64986,19.363
