0.25754,0.20525,-0.1543,0.201,0.012161,0.15977,0.15775,0.017582,0.20146,0.01014,0.081102,0.99572,0.044615,0.99437,0.080994,0.99849,0.04475,0.011082,-0.38394,0.024631,0.024631,0.024631,1.741e-05
0.24265,0.18207,-0.18547,0.17915,0.0067318,0.13984,0.13863,0.00069785,0.18318,0.00061071,0.016324,0.99043,0.00072839,0.98704,0.015205,0.99523,0.00034195,0.0012119,-0.4023,0.0019177,0.0019177,0.0019177,1.7124e-06
0.28766,0.21989,-0.13129,0.21879,0.017394,0.18599,0.1858,0.046241,0.21961,0.023099,0.13783,0.99969,0.097581,0.99821,0.13783,0.99997,0.0967,0.019818,-0.34847,0.045052,0.045052,0.045052,4.6797e-05
912.17,-57.546,70.618,-65.204,-7.4969,-59.848,-67.64,14.194,-59.308,39.024,19.891,-2.9922,12.92,-3.0872,20.044,-0.94754,14.883,37.218,77.788,56.497,56.497,56.497,-0.089851
-57.546,900.01,-35.882,-94.074,17.927,22.736,18.375,-46.812,-82.33,38.7,10.189,2.492,3.8392,4.2027,13.411,0.93539,9.4834,23.72,84.284,6.6769,6.6769,6.6769,-0.025121
70.618,-35.882,834.8,-15.273,36.368,129.82,136.95,-86.26,-9.4268,-13.366,-20.919,8.3732,-16.565,10.817,-16.907,2.821,-12.319,-30.156,-16.013,-84.991,-84.991,-84.991,0.11546
-65.204,-94.074,-15.273,909.05,13.008,6.9257,1.5655,-37.433,-79.685,40.711,4.9411,1.9672,4.0479,3.5215,7.571,0.7318,9.0817,27.319,83.662,15.9,15.9,15.9,-0.038319
-7.4969,17.927,36.368,13.008,989.83,-27.534,-28.286,23.099,10.248,-3.3509,-3.8525,-1.3947,11.525,-2.4663,-5.177,-1.0089,9.7918,2.2877,-15.4,14.604,14.604,14.604,-0.014979
-59.848,22.736,129.82,6.9257,-27.534,897.2,-108.53,68.248,2.4755,11.98,27.778,-7.2677,15.152,-9.305,24.858,-2.3776,12.15,25.365,21.021,69.877,69.877,69.877,-0.095086
-67.64,18.375,136.95,1.5655,-28.286,-108.53,884.58,66.418,-1.5832,17.837,18.782,-6.8177,13.293,-8.5929,15.817,-2.2477,10.558,30.238,31.17,74.91,74.91,74.91,-0.10556
14.194,-46.812,-86.26,-37.433,23.099,68.248,66.418,916.04,-24.019,26.635,-94.998,10.774,-39.571,15.185,-92.378,3.8893,-34.826,5.1701,43.872,-41.079,-41.079,-41.079,0.029053
-59.308,-82.33,-9.4268,-79.685,10.248,2.4755,-1.5832,-24.019,928.48,31.41,23.832,0.22056,13.444,0.81735,26.075,-0.033128,17.516,22.27,67.826,17.156,17.156,17.156,-0.032677
39.024,38.7,-13.366,40.711,-3.3509,11.98,17.837,26.635,31.41,964.61,42.009,-3.08,29.06,-5.794,41.193,-1.9511,26.282,-24.44,-66.229,-16.194,-16.194,-16.194,0.047153
19.891,10.189,-20.919,4.9411,-3.8525,27.778,18.782,-94.998,23.832,42.009,629.08,27.401,25.519,30.157,-373.48,1.8471,26.226,25.361,-10.523,-33.223,-33.223,-33.223,0.014051
-2.9922,2.492,8.3732,1.9672,-1.3947,-7.2677,-6.8177,10.774,0.22056,-3.08,27.401,997.64,-3.3954,-2.5734,27.387,-0.15134,-3.7034,-1.2592,-0.29866,5.1704,5.1704,5.1704,-0.0049121
12.92,3.8392,-16.565,4.0479,11.525,15.152,13.293,-39.571,13.444,29.06,25.519,-3.3954,680.55,12.618,28.178,15.817,-316.88,-13.859,28.724,-41.55,-41.55,-41.55,-0.015378
-3.0872,4.2027,10.817,3.5215,-2.4663,-9.305,-8.5929,15.185,0.81735,-5.794,30.157,-2.5734,12.618,996.32,29.955,-1.0073,12.036,-1.2512,-3.6053,7.7963,7.7963,7.7963,-0.0040707
20.044,13.411,-16.907,7.571,-5.177,24.858,15.817,-92.378,26.075,41.193,-373.48,27.387,28.178,29.955,623.76,1.6729,28.625,25.418,-13.495,-31.902,-31.902,-31.902,0.013143
-0.94754,0.93539,2.821,0.7318,-1.0089,-2.3776,-2.2477,3.8893,-0.033128,-1.9511,1.8471,-0.15134,15.817,-1.0073,1.6729,999.16,15.602,0.61048,-1.6639,3.1179,3.1179,3.1179,-0.00032322
14.883,9.4834,-12.319,9.0817,9.7918,12.15,10.558,-34.826,17.516,26.282,26.226,-3.7034,-316.88,12.036,28.625,15.602,685.24,-15.26,21.603,-40.934,-40.934,-40.934,-0.014114
37.218,23.72,-30.156,27.319,2.2877,25.365,30.238,5.1701,22.27,-24.44,25.361,-1.2592,-13.859,-1.2512,25.418,0.61048,-15.26,976.68,-52.849,-27.316,-27.316,-27.316,0.048597
77.788,84.284,-16.013,83.662,-15.4,21.021,31.17,43.872,67.826,-66.229,-10.523,-0.29866,28.724,-3.6053,-13.495,-1.6639,21.603,-52.849,812.11,-49.542,-49.542,-49.542,0.11279
56.497,6.6769,-84.991,15.9,14.604,69.877,74.91,-41.079,17.156,-16.194,-33.223,5.1704,-41.55,7.7963,-31.902,3.1179,-40.934,-27.316,-49.542,940.41,-59.587,-59.587,0.080344
56.497,6.6769,-84.991,15.9,14.604,69.877,74.91,-41.079,17.156,-16.194,-33.223,5.1704,-41.55,7.7963,-31.902,3.1179,-40.934,-27.316,-49.542,-59.587,940.41,-59.587,0.080344
56.497,6.6769,-84.991,15.9,14.604,69.877,74.91,-41.079,17.156,-16.194,-33.223,5.1704,-41.55,7.7963,-31.902,3.1179,-40.934,-27.316,-49.542,-59.587,-59.587,940.41,0.080344
-0.089851,-0.025121,0.11546,-0.038319,-0.014979,-0.095086,-0.10556,0.029053,-0.032677,0.047153,0.014051,-0.0049121,-0.015378,-0.0040707,0.013143,-0.00032322,-0.014114,0.048597,0.11279,0.080344,0.080344,0.080344,1000
