0.59062,0.50983,0.24712,0.031684,0.44459,0.44459,0.44459,0.1765
0.22597,0.054599,0.11033,-0.13819,0.34364,0.34364,0.34364,1.6157e-05
1.6202,1.5907,0.33475,0.12446,0.55848,0.55848,0.55848,1.6601
507.18,-414.83,-43.131,-1.1345,-25.047,-25.047,-25.047,-53.854
-414.83,369.55,46.724,32.964,8.0396,8.0396,8.0396,13.772
-43.131,46.724,723.98,-197.95,-144.54,-144.54,-144.54,-1.8884
-1.1345,32.964,-197.95,462.96,-65.468,-65.468,-65.468,-35.039
-25.047,8.0396,-144.54,-65.468,773.38,-226.62,-226.62,10.645
-25.047,8.0396,-144.54,-65.468,-226.62,773.38,-226.62,10.645
-25.047,8.0396,-144.54,-65.468,-226.62,-226.62,773.38,10.645
-53.854,13.772,-1.8884,-35.039,10.645,10.645,10.645,44.77
