150.38,0.54819,0.74627,1.2694,0.0076672,0.33673,0.70708,0.83678,0.50005,0.058014,0.24051,0.13826,0.41313
0.86957,0.20976,0.48235,0.21436,0.00015566,0.055477,0.47989,0.63248,0.24216,0.0027936,0.15331,0.031329,0.038654
357.65,0.97551,0.98431,4.2544,0.014291,0.55975,0.90695,1.0354,0.72483,0.36502,0.58612,0.27862,0.95312
0.00017831,-0.0091885,-0.027019,0.005328,3.6787e-05,-0.046853,-0.019548,-0.023722,0.023125,0.042945,-0.013524,-0.023572,-0.050389
-0.0091885,30.538,-3.3031,2.0349,-1.4839,27.674,4.8624,9.5937,-18.077,-1.9886,-28.499,-11.629,24.035
-0.027019,-3.3031,53.731,-3.2078,5.0745,13.586,7.6573,8.55,-5.0362,-52.75,10.402,16.374,15.787
0.005328,2.0349,-3.2078,2.5927,0.29744,0.91774,-10.253,0.92075,0.0027731,0.44262,-5.1847,1.478,1.172
3.6787e-05,-1.4839,5.0745,0.29744,998.2,-17.23,4.6297,-11.33,5.9,-1.071,-8.0227,-1.2646,2.6049
-0.046853,27.674,13.586,0.91774,-17.23,499.29,-60.768,-216.13,284.58,-32.736,-58.588,-158.13,90.378
-0.019548,4.8624,7.6573,-10.253,4.6297,-60.768,565.35,-281.52,-220.75,71.295,15.4,37.605,-18.807
-0.023722,9.5937,8.55,0.92075,-11.33,-216.13,-281.52,556.08,-227.78,-20.463,-22.055,-120.49,50.337
0.023125,-18.077,-5.0362,0.0027731,5.9,284.58,-220.75,-227.78,487.64,12.272,36.533,37.64,-40.037
0.042945,-1.9886,-52.75,0.44262,-1.071,-32.736,71.295,-20.463,12.272,637.33,-323.83,-152.8,-65.601
-0.013524,-28.499,10.402,-5.1847,-8.0227,-58.588,15.4,-22.055,36.533,-323.83,421.86,9.9342,-33.722
-0.023572,-11.629,16.374,1.478,-1.2646,-158.13,37.605,-120.49,37.64,-152.8,9.9342,503.92,-25.587
-0.050389,24.035,15.787,1.172,2.6049,90.378,-18.807,50.337,-40.037,-65.601,-33.722,-25.587,78.997
