178.01,0.60948,0.54958,0.5985,0.012237,0.42432,0.91123,1.1235,0.69921,0.052003
10.909,0.37391,0.31765,0.44849,0.0097409,0.40674,0.88306,1.0827,0.66661,0.045192
328.34,0.89071,0.74118,0.78334,0.013308,0.45132,0.98839,1.1972,0.7905,0.064104
0.0004117,-0.015984,-0.22576,0.093762,-0.023487,-0.49394,0.42754,0.064507,0.55802,0.32025
-0.015984,79.095,-93.587,155.39,5.0221,324.14,119.23,40.589,-283.61,-259.35
-0.22576,-93.587,348.22,-358.5,10.084,-189.72,-427.44,-116.21,73.903,315.74
0.093762,155.39,-358.5,539.46,-7.9654,586.33,327.96,111.79,-474.86,-761.5
-0.023487,5.0221,10.084,-7.9654,9996.8,-50.044,87.715,45.127,95.183,-43.52
-0.49394,324.14,-189.72,586.33,-50.044,6939.7,564.95,-2275.3,785.37,-1152.4
0.42754,119.23,-427.44,327.96,87.715,564.95,7261,-2349.3,-2914.5,1033.5
0.064507,40.589,-116.21,111.79,45.127,-2275.3,-2349.3,5282,-2442.9,-96.972
0.55802,-283.61,73.903,-474.86,95.183,785.37,-2914.5,-2442.9,6771.4,1055.6
0.32025,-259.35,315.74,-761.5,-43.52,-1152.4,1033.5,-96.972,1055.6,9211.9
