216.45,0.64692,0.70946,0.68311,0.011692,0.39052,0.83434,1.0196,0.62911,0.0084578,0.21654,0.093543,0.061037
55.2,0.19841,0.21961,0.5073,0.0018632,0.16144,0.17067,0.39347,0.017833,0.0036171,0.10639,0.066524,0.0010373
347.37,0.96629,0.93333,1.0898,0.015213,0.42888,0.99852,1.1972,0.83031,0.018199,0.25089,0.10668,0.113
0.00046349,0.0019387,-0.090244,-0.13058,0.008034,0.054011,-0.051861,-0.031646,-0.085685,-0.0010019,0.066975,0.0097542,-0.19329
0.0019387,23.882,-6.0663,12.073,0.73471,10.715,14.969,-4.1411,-14.857,1.6816,10.48,-10.081,24.575
-0.090244,-6.0663,49.39,24.181,-2.9583,-19.508,-14.468,11.69,31.203,0.62827,-26.984,-4.5277,60.632
-0.13058,12.073,24.181,157.04,-0.29457,41.14,54.796,41.755,0.62243,7.3767,-8.8723,35.007,105.34
0.008034,0.73471,-2.9583,-0.29457,998.51,-15.053,-3.4177,-7.4995,7.5541,0.46927,-15.078,2.0362,-2.4936
0.054011,10.715,-19.508,41.14,-15.053,607.92,25.719,-228.94,163.14,-4.3637,-174.3,7.8488,-74.731
-0.051861,14.969,-14.468,54.796,-3.4177,25.719,565.88,-256.62,-282.33,3.4022,-21.826,-6.0005,-11.449
-0.031646,-4.1411,11.69,41.755,-7.4995,-228.94,-256.62,528.96,-242.1,-4.7181,-94.627,6.0218,14.013
-0.085685,-14.857,31.203,0.62243,7.5541,163.14,-282.33,-242.1,594.76,-0.35442,79.672,-1.8205,88.748
-0.0010019,1.6816,0.62827,7.3767,0.46927,-4.3637,3.4022,-4.7181,-0.35442,993.7,5.0594,-12.254,-18.403
0.066975,10.48,-26.984,-8.8723,-15.078,-174.3,-21.826,-94.627,79.672,5.0594,842.94,27.206,-23.945
0.0097542,-10.081,-4.5277,35.007,2.0362,7.8488,-6.0005,6.0218,-1.8205,-12.254,27.206,923.32,-16.011
-0.19329,24.575,60.632,105.34,-2.4936,-74.731,-11.449,14.013,88.748,-18.403,-23.945,-16.011,595.97
