315.32,295.78,95.249,94.379,138.75,245.94,62.853,171.57,237.13,954.79,202.51,24.05,202.02,928.38,170.57,34.363,165.83,972.53,34.499,156.59,156.59,156.59,4.8563,-77.052,21825,78.712,47.059,381.96,373.75,-39.027,43.285,83.684,357.67,66.441,35.253,366.94,204.19,949.78,73.157,926.64,186.59,220.46,202.01,113.64,962.38,-378.91,139.24,139.24,139.24,7.7332,-64.288,-9962,92.551,4.7931,603.65,553.08,-231.13,513.07,26.632,305.81,255.84,130.71,521.07,35.072,66.404,994.7,501.84,813.48,51.365,815.21,497.82,59.474,-536.85,47.619,47.619,47.619,64.764,-371.84,-27040,198.42,-76.688
157.57,126.97,70.551,67.299,70.058,85.024,7.2998,68.694,82.28,737.68,18.409,1.356,20.837,737.63,12.374,3.4357,11.965,858.74,4.5801,128.57,128.57,128.57,0.44179,-185.05,-2.1484e+05,-227.45,-235.29,74.639,62.285,-143.18,7.5722,2.5243,19.967,24.545,10.277,20.558,15.548,739.67,2.2602,706.46,5.9175,43.338,38.231,30.502,876.53,-620.36,89.516,89.516,89.516,0.044969,-186.26,-1.3302e+05,-890.48,-243.14,459.34,395.31,-317.25,346.51,0.23542,239,147.98,25.855,336.15,3.2958,0.67054,971.99,34.444,483.36,3.8657,482.02,34.123,20.826,-695.54,-83.544,-83.544,-83.544,34.511,-489.48,-2.952e+05,-454.47,-368.63
650.13,644.65,130.66,136.88,211.47,636.97,100.54,276.66,599.55,999.67,675.03,56.192,674.4,998.01,510.02,78.215,512.33,999.92,72.092,220.49,220.49,220.49,14.301,9.6808,2.2318e+05,511.67,329.41,752.9,751.24,46.861,147.97,174.23,745.59,140.96,78.966,750.04,672.91,998.08,254.5,988.39,646.4,461.75,445.88,267.32,998.79,-236.88,217.3,217.3,217.3,47.023,67.341,1.7628e+05,577.77,164.71,705.17,690.17,-128.79,659.91,41.77,371.4,351.48,231.8,650.67,73.3,228.64,999.69,873.09,999.37,160.4,998.8,875.42,171.76,-274.21,107.26,107.26,107.26,136.71,-223.35,1.3221e+05,731.99,278.43
0.89758,-0.10687,-0.0020983,0.0034342,-0.010261,-0.11133,0.00026066,-0.024713,-0.10723,-0.0065088,0.011225,-0.0087302,0.0092249,0.012944,-0.062151,-0.0040505,-0.062412,0.019678,-0.011404,-0.0012268,-0.0012268,-0.0012268,-0.00047537,0.021612,8.1057e-05,0.06503,-0.0023961,0.061209,0.066958,0.02011,-0.012446,-0.0083022,0.073888,-0.015258,-0.0089227,0.072338,0.016797,-0.0077079,-0.0043706,-0.011161,0.01147,0.025236,0.022738,0.0088527,-0.0035338,0.057504,-0.0047897,-0.0047897,-0.0047897,0.0067115,-0.002521,-0.00029978,0.017734,-0.0032709,-0.0022597,-0.0074002,-0.017367,-0.0071956,0.0045192,0.0098379,0.018893,0.0083285,-0.011902,-0.0094651,0.0077231,0.00031263,-0.03091,0.028635,-0.0046295,0.028812,-0.031263,-0.00012665,-0.059381,0.0043435,0.0043435,0.0043435,-0.010693,0.022454,0.00044836,-0.010739,0.08799
-0.10687,0.88778,-0.0010837,0.0039801,-0.012813,-0.1158,0.0006804,-0.027095,-0.1108,-0.0074657,0.014877,-0.0086239,0.012809,0.012293,-0.066403,-0.0044721,-0.066718,0.019951,-0.011006,9.891e-06,9.891e-06,9.891e-06,-0.00044578,0.023762,9.3403e-05,0.0549,0.0098905,0.067036,0.072663,0.018309,-0.014101,-0.0075466,0.079765,-0.015236,-0.0087397,0.077892,0.021577,-0.0084074,-0.0083543,-0.013464,0.015792,0.028681,0.026388,0.0062855,-0.0042912,0.056973,-0.0050754,-0.0050754,-0.0050754,0.0079259,-0.0061509,-0.00034098,0.024704,0.004549,-0.0040268,-0.008715,-0.015739,-0.0087664,0.0049032,0.0090069,0.018806,0.008643,-0.013899,-0.0097173,0.0048049,0.00065468,-0.03467,0.031375,-0.0060208,0.031357,-0.034715,-0.0021339,-0.062426,0.0074285,0.0074285,0.0074285,-0.01218,0.02023,0.00047906,-0.009369,0.087776
-0.0020983,-0.0010837,0.99801,-0.00082404,0.0025758,-0.0025625,-0.00048323,0.0017059,-0.004153,0.0012223,-0.0063192,-0.00085111,-0.0063075,0.0019457,0.0028179,-0.00010808,0.0029715,0.00080104,-0.0018549,-0.0023523,-0.0023523,-0.0023523,-0.00012306,-0.0018379,-4.0511e-05,0.025667,-0.017572,-0.0019838,-0.0013423,0.0037682,0.0019249,-0.0016901,-0.00089133,-0.00097169,-0.0010347,-0.00042973,-0.0075202,0.00058479,0.0064878,0.0028722,-0.0073807,-0.003013,-0.0034527,0.0051909,0.00076668,0.0051948,-0.00035305,-0.00035305,-0.00035305,-0.001255,0.0040042,0.00013914,-0.00037172,-0.01401,0.0026284,0.0017445,-0.0033893,0.0020402,-0.00031215,0.0018411,0.0011032,0.0010701,0.0022445,-0.00010216,0.0057294,-0.00059995,0.0061518,-0.0040227,0.0022208,-0.0036721,0.0055681,0.0037185,0.0014282,-0.0050481,-0.0050481,-0.0050481,0.0015654,0.0051657,-4.5563e-05,0.0031267,0.0082245
0.0034342,0.0039801,-0.00082404,0.99888,0.0013085,0.004564,-0.00059869,0.0037158,0.0015263,0.0023333,-0.0053288,-0.00041738,-0.005123,0.0013559,0.0041606,-0.0012292,0.0044953,-0.00089759,-0.00044239,-0.00097624,-0.00097624,-0.00097624,-0.00013441,-0.0031527,-9.1676e-05,-0.0011914,-0.010693,0.0019557,0.0018941,-0.0009302,0.0040527,-0.0017404,0.0014134,0.0014493,0.00056199,0.0016375,-0.0063191,0.0015312,0.0053337,0.0043187,-0.0057341,-0.0075785,-0.0073334,0.0028816,0.0011664,0.0025022,-0.0017169,-0.0017169,-0.0017169,-8.6311e-05,-0.0022105,7.6286e-05,0.010557,-0.0072754,-0.00022548,0.00058123,0.0015272,-0.00011034,-0.0011804,-6.8757e-05,-0.0013286,-0.00044858,0.0008479,0.00050402,0.0047331,-0.00073735,0.0083754,-0.0037128,0.0031959,-0.0033071,0.0077329,0.0034244,0.0086783,-0.0046916,-0.0046916,-0.0046916,0.00035652,0.0015814,-2.6275e-05,0.0033157,0.00053231
-0.010261,-0.012813,0.0025758,0.0013085,0.98606,-0.0072376,0.006361,-0.014842,-0.001469,0.0027675,-0.0068194,0.0016477,-0.0065311,0.0013945,-0.0077359,-0.0020363,-0.0074719,-0.0015522,2.6165e-05,0.0018933,0.0018933,0.0018933,-7.7917e-05,0.01174,-4.114e-05,-0.015654,0.061024,0.020315,0.019342,-0.0050496,-0.011001,0.011195,0.020261,0.00018558,-0.0017449,0.02001,-0.0013258,0.0049212,-0.021995,-0.0033162,-0.0019373,0.016233,0.019651,-0.020833,-0.0020565,-0.0038475,-0.0018321,-0.0018321,-0.0018321,0.0041939,-0.0055799,-0.00010016,0.030555,0.034728,0.0069948,0.0095244,0.0064623,0.01138,0.0027479,-0.0058797,-0.0049087,0.012655,0.0070332,-0.00078805,-0.018408,0.0023929,0.013726,-0.01002,-0.0096092,-0.011424,0.015962,-0.012279,-0.013141,0.015209,0.015209,0.015209,-0.0015605,-0.012199,-8.8196e-05,0.00038328,0.015616
-0.11133,-0.1158,-0.0025625,0.004564,-0.0072376,0.87581,-0.0016761,-0.02544,-0.11816,-0.01267,0.022863,-0.0091864,0.020341,0.0096269,-0.066547,-0.0017209,-0.067432,0.022488,-0.011919,-0.0011605,-0.0011605,-0.0011605,-0.00027675,0.022096,9.281e-05,0.092074,-0.0096023,0.054745,0.061431,0.024111,-0.014432,-0.011007,0.069646,-0.018395,-0.0096403,0.067904,0.027998,-0.013845,-0.0016745,-0.01851,0.021109,0.034201,0.029336,0.01635,-0.0053731,0.056631,-0.0015117,-0.0015117,-0.0015117,0.0051501,0.0010969,-0.00023534,0.0039534,-0.011934,-0.0058099,-0.013697,-0.023604,-0.013423,0.0054656,0.01314,0.023939,0.0049043,-0.018136,-0.0098386,0.010094,0.00027422,-0.0505,0.038119,-0.0049903,0.038335,-0.050995,0.0012415,-0.069273,0.0042516,0.0042516,0.0042516,-0.010857,0.026859,0.00052432,-0.0017181,0.084623
0.00026066,0.0006804,-0.00048323,-0.00059869,0.006361,-0.0016761,0.99538,0.0090522,-0.0063003,-0.0032951,0.010389,-0.0012676,0.010144,-0.0022787,0.00031576,-3.613e-05,0.00018357,0.001133,0.00047825,0.00045146,0.00045146,0.00045146,4.8039e-05,-0.0068806,3.4599e-05,-0.0058445,-0.0277,-0.0022088,-0.0017225,-0.00074477,0.0077449,-0.0084064,-0.0022225,0.00081928,0.0021518,-0.0025497,0.0078478,-0.0050009,0.012702,-0.00031428,0.0075002,-0.0091526,-0.011437,0.013649,0.00045583,0.0025024,-7.5545e-05,-7.5545e-05,-7.5545e-05,-0.0008939,-0.0053895,0.00020335,0.001296,-0.016643,-0.0099213,-0.010526,-0.00072857,-0.01306,-0.0020667,0.0028851,0.0028706,-0.0095848,-0.0099421,0.00061213,0.01161,-0.0016657,-0.014105,0.011175,0.0068137,0.012132,-0.015659,0.0079504,0.0096194,-0.0085925,-0.0085925,-0.0085925,-0.0016505,0.0058996,-8.1687e-05,0.0094634,-0.013491
-0.024713,-0.027095,0.0017059,0.0037158,-0.014842,-0.02544,0.0090522,0.97316,-0.010904,-0.00050341,-0.0058138,0.0015836,-0.0061314,0.0028672,-0.017694,0.0019818,-0.01819,0.0030503,-0.0021635,0.00048819,0.00048819,0.00048819,0.00010434,0.02125,-0.0001609,0.032589,0.067252,0.0092105,0.0095559,0.0068257,-0.023337,0.016409,0.012779,-0.0070211,-0.0064738,0.012753,0.0012881,0.0037383,-0.03189,-0.010397,-0.00038047,0.036109,0.038875,-0.026199,-0.0039224,-0.00045513,0.0030467,0.0030467,0.0030467,0.0024006,0.013601,-0.00033557,-0.017143,0.039078,0.017278,0.015573,-0.0054011,0.021388,0.0067025,-0.0028589,0.0010136,0.019065,0.013295,-0.0033891,-0.027169,0.0042928,0.0028387,-0.008199,-0.018497,-0.010587,0.0066435,-0.019706,-0.043421,0.024025,0.024025,0.024025,0.00081825,-0.0088745,-8.5248e-05,-0.019117,0.036659
-0.10723,-0.1108,-0.004153,0.0015263,-0.001469,-0.11816,-0.0063003,-0.010904,0.87668,-0.0087133,0.018486,-0.011542,0.016265,0.01241,-0.061021,-0.0058956,-0.061067,0.021612,-0.012554,-0.0022578,-0.0022578,-0.0022578,-0.00062203,0.010749,0.00017034,0.068468,-0.050379,0.065925,0.072764,0.01983,0.0011693,-0.021706,0.079281,-0.013869,-0.0064125,0.077535,0.020095,-0.013194,0.018458,-0.0077237,0.014392,0.0077087,0.0022593,0.031255,-0.0020689,0.067963,-0.0072199,-0.0072199,-0.0072199,0.0058247,-0.01229,-0.0001622,0.037335,-0.035518,-0.01517,-0.02068,-0.018275,-0.024473,0.00092306,0.014375,0.022539,-0.0032073,-0.024564,-0.0086978,0.029267,-0.0027034,-0.040699,0.039694,0.0076323,0.0416,-0.043867,0.014532,-0.041625,-0.012246,-0.012246,-0.012246,-0.012971,0.03404,0.00051882,0.0090158,0.079146
-0.0065088,-0.0074657,0.0012223,0.0023333,0.0027675,-0.01267,-0.0032951,-0.00050341,-0.0087133,0.98669,0.027889,0.0011549,0.027183,-0.011521,-0.0024857,0.0042246,-0.0037206,0.0016158,0.0018275,0.0025352,0.0025352,0.0025352,0.00052801,-4.6495e-05,0.00015803,0.02785,0.012256,-0.011708,-0.011267,-0.00092303,-0.0038668,-0.0025212,-0.0095295,-0.002649,0.00094541,-0.010156,0.028113,-0.012772,1.604e-05,-0.017527,0.024814,0.020389,0.016395,0.0099559,-0.0048396,-0.01598,0.0067039,0.0067039,0.0067039,-0.0021214,-0.0020465,0.00026694,-0.0041389,-0.0044588,-0.01119,-0.014537,-0.0050127,-0.015317,0.001543,0.0027984,0.0055326,-0.0075948,-0.01511,0.0012395,-0.0012928,0.00032401,-0.038737,0.016818,-0.0015764,0.016559,-0.038526,9.9179e-05,-0.011115,0.0038856,0.0038856,0.0038856,-0.0010308,-0.00022416,-0.00032915,0.034256,-0.026654
0.011225,0.014877,-0.0063192,-0.0053288,-0.0068194,0.022863,0.010389,-0.0058138,0.018486,0.027889,0.92546,-0.0011616,-0.072845,0.02326,0.017959,-0.0067499,0.020497,-0.00436,-0.007544,-0.010681,-0.010681,-0.010681,-0.0011647,0.0029663,-0.00036813,0.035949,-0.018244,0.01371,0.013454,0.0087713,0.0010332,0.012449,0.012509,0.0020953,-0.0062941,0.015327,-0.074515,0.027804,-0.00036834,0.034056,-0.068753,-0.025221,-0.016957,-0.02066,0.0082554,0.026692,-0.010738,-0.010738,-0.010738,0.00076756,0.018101,-0.00070272,0.01901,-0.0075701,0.037106,0.041454,0.0023205,0.04669,-0.00057891,-0.0048707,-0.012004,0.028245,0.042704,-0.0015545,-3.8989e-05,0.00021487,0.09911,-0.056628,-0.00071361,-0.056705,0.099455,-0.0010507,0.013779,-0.0074125,-0.0074125,-0.0074125,0.0089104,0.0026064,0.00041427,-0.041998,0.07181
-0.0087302,-0.0086239,-0.00085111,-0.00041738,0.0016477,-0.0091864,-0.0012676,0.0015836,-0.011542,0.0011549,-0.0011616,0.99816,-0.0013403,0.0034867,-0.0060101,-0.0011871,-0.0058303,0.0024513,-0.0014902,-0.00068677,-0.00068677,-0.00068677,-0.00014922,-0.00074187,0.00010465,-0.0014488,-0.018302,0.0065741,0.0073654,0.0029379,0.0029181,-0.0040853,0.0074263,-0.00092271,-0.00038493,0.0072961,-0.0019348,0.00018791,0.0053745,0.0032015,-0.0017343,-0.0066884,-0.0070564,0.0046688,0.0011683,0.011697,-0.0019222,-0.0019222,-0.0019222,0.00058476,-0.00053884,8.3518e-05,-0.0022393,-0.0072682,-0.0013343,-0.0015904,-0.0017277,-0.0023187,-0.00075699,0.0019639,0.0023217,-0.0016954,-0.0014814,-0.0011961,0.0064147,-0.00076719,-0.00061457,0.004255,0.0027886,0.0047635,-0.0013842,0.0034366,-0.00017451,-0.0044177,-0.0044177,-0.0044177,-0.0013803,0.0056376,-3.5832e-05,-0.0086334,0.010538
0.0092249,0.012809,-0.0063075,-0.005123,-0.0065311,0.020341,0.010144,-0.0061314,0.016265,0.027183,-0.072845,-0.0013403,0.92876,0.023168,0.016345,-0.0065149,0.018803,-0.0037465,-0.0076445,-0.010575,-0.010575,-0.010575,-0.0011442,0.0033132,-0.00038939,0.037448,-0.019474,0.013558,0.013464,0.0094996,0.00068671,0.011975,0.012669,0.0015694,-0.0064334,0.015418,-0.07282,0.027102,-0.00028667,0.033229,-0.067229,-0.024317,-0.016323,-0.019937,0.0080891,0.027527,-0.010445,-0.010445,-0.010445,0.00072396,0.018595,-0.00073705,0.015886,-0.0079574,0.036609,0.040608,0.0014626,0.045844,-0.00044236,-0.0043835,-0.011156,0.027726,0.041848,-0.0017848,0.0002112,0.00022421,0.096127,-0.054721,-0.00085233,-0.054792,0.096461,-0.0010342,0.011855,-0.0072616,-0.0072616,-0.0072616,0.0086671,0.0033359,0.00045377,-0.042939,0.072371
0.012944,0.012293,0.0019457,0.0013559,0.0013945,0.0096269,-0.0022787,0.0028672,0.01241,-0.011521,0.02326,0.0034867,0.023168,0.98483,0.01218,0.0038181,0.011199,-0.0038905,0.0040654,0.002926,0.002926,0.002926,0.00056591,-0.0036124,0.00010406,0.016168,0.028623,-0.016652,-0.017763,-0.0086456,-0.0019132,0.0011462,-0.017143,0.0016871,0.0029736,-0.017407,0.023459,-0.010695,-0.0014755,-0.016042,0.020795,0.018378,0.015544,0.0058546,-0.0048896,-0.031043,0.0066364,0.0066364,0.0066364,-0.0025126,-0.0071874,0.00054729,0.018542,-0.00013575,-0.010956,-0.012096,0.0017905,-0.013187,0.00072539,-0.001044,-0.00068628,-0.0063858,-0.012623,0.0039205,-0.004978,0.00042389,-0.026081,0.0060057,-0.0010529,0.0055558,-0.025608,-0.00060457,0.0036687,0.0044481,0.0044481,0.0044481,0.00083679,-0.0080717,-0.00035806,0.05172,-0.044861
-0.062151,-0.066403,0.0028179,0.0041606,-0.0077359,-0.066547,0.00031576,-0.017694,-0.061021,-0.0024857,0.017959,-0.0060101,0.016345,0.01218,0.94314,-0.0022006,-0.057291,0.014773,-0.0037284,0.0042655,0.0042655,0.0042655,-0.00014275,0.0183,0.00025814,-0.046555,0.0023578,0.039689,0.042737,0.012448,-0.010123,-0.0054966,0.044808,-0.0095711,-0.0042289,0.042524,0.022513,-0.0021619,-0.014776,-0.0050765,0.020998,0.0075299,0.0073729,-0.0068709,-0.00032387,0.043888,-0.0038361,-0.0038361,-0.0038361,0.0073862,-0.00027263,-0.0010051,-0.043137,0.029976,-0.004018,-0.0060921,-0.0076498,-0.0061236,0.0028313,0.0049173,0.013388,-0.00078532,-0.0084636,-0.0089475,-0.0037595,0.0011768,-0.035563,0.03628,-0.0070212,0.036027,-0.034902,-0.008121,-0.04623,0.011142,0.011142,0.011142,-0.011341,0.0098916,-2.353e-05,-0.069184,0.05407
-0.0040505,-0.0044721,-0.00010808,-0.0012292,-0.0020363,-0.0017209,-3.613e-05,0.0019818,-0.0058956,0.0042246,-0.0067499,-0.0011871,-0.0065149,0.0038181,-0.0022006,0.99661,-0.0015665,-0.00028171,-0.00083948,-0.0001512,-0.0001512,-0.0001512,-0.00027431,-0.001255,0.00011119,-0.020686,-0.0037118,0.015611,0.015539,-0.0028662,0.0045436,-0.0021052,0.014929,0.0021066,0.00072393,0.014819,-0.006665,0.0031169,0.0030354,0.0061986,-0.005997,-0.010339,-0.0091811,4.1003e-05,0.0015625,0.0089307,-0.0044681,-0.0044681,-0.0044681,0.0022306,-0.00836,5.3517e-05,0.025625,-4.4635e-06,-0.0015412,0.00067974,0.0047335,-0.0007456,-0.0014997,-0.0011531,-0.0020858,0.00067944,0.0001196,-0.00026166,0.0043622,-0.00078881,0.011962,-0.0024738,0.0034068,-0.0020112,0.011266,0.0027751,0.0089013,-0.0038176,-0.0038176,-0.0038176,-0.0020019,0.00069513,-6.2634e-05,-0.00096204,0.0083177
-0.062412,-0.066718,0.0029715,0.0044953,-0.0074719,-0.067432,0.00018357,-0.01819,-0.061067,-0.0037206,0.020497,-0.0058303,0.018803,0.011199,-0.057291,-0.0015665,0.94213,0.015002,-0.0035121,0.0045093,0.0045093,0.0045093,-7.9362e-05,0.018686,0.00026068,-0.043693,0.0039011,0.03746,0.040549,0.012806,-0.011057,-0.0053371,0.042786,-0.010038,-0.004292,0.040454,0.025123,-0.0032023,-0.0155,-0.006837,0.023351,0.0099956,0.00951,-0.0066289,-0.00077756,0.042223,-0.0029523,-0.0029523,-0.0029523,0.0070917,0.00065259,-0.00099483,-0.04723,0.030447,-0.0044362,-0.006958,-0.0084951,-0.0068422,0.0031377,0.005197,0.014019,-0.0012714,-0.0093143,-0.0089375,-0.0045987,0.0013252,-0.039465,0.037848,-0.0076781,0.037509,-0.038679,-0.0086696,-0.048407,0.012077,0.012077,0.012077,-0.011269,0.0097385,-2.6747e-05,-0.068265,0.051994
0.019678,0.019951,0.00080104,-0.00089759,-0.0015522,0.022488,0.001133,0.0030503,0.021612,0.0016158,-0.00436,0.0024513,-0.0037465,-0.0038905,0.014773,-0.00028171,0.015002,0.99441,0.0023227,0.00046193,0.00046193,0.00046193,5.1883e-05,-0.0033349,-6.2845e-05,-0.011278,0.017965,-0.0053633,-0.0069521,-0.0078083,0.0015568,0.0040031,-0.0080372,0.0042964,0.0020013,-0.007675,-0.0042833,0.0020013,-0.0020755,0.0010887,-0.0036927,-0.0012012,-2.9979e-05,-0.0045194,-0.00017823,-0.0158,0.00012311,0.00012311,0.00012311,-0.00041914,-0.0049683,0.00027335,0.022342,0.0050706,0.00036804,0.002542,0.0067964,0.0023169,-0.00070561,-0.003944,-0.0062756,0.001379,0.0025642,0.0027159,-0.0042903,0.00018324,0.012336,-0.010917,0.0001898,-0.011159,0.012676,-0.0010763,0.014289,0.0010544,0.0010544,0.0010544,0.0019355,-0.0082245,-2.2529e-05,0.017818,-0.018675
-0.011404,-0.011006,-0.0018549,-0.00044239,2.6165e-05,-0.011919,0.00047825,-0.0021635,-0.012554,0.0018275,-0.007544,-0.0014902,-0.0076445,0.0040654,-0.0037284,-0.00083948,-0.0035121,0.0023227,0.99716,-0.0022823,-0.0022823,-0.0022823,-0.00019598,0.0015198,2.1412e-06,0.025676,-0.0119,0.0057746,0.0067663,0.0051805,-0.00032335,-0.00094029,0.007743,-0.0021782,-0.0020624,0.008053,-0.0076571,0.0013588,0.0032288,0.0026639,-0.0077682,-0.00042949,-0.00042377,0.002575,0.00059808,0.010881,-0.0013057,-0.0013057,-0.0013057,-5.5859e-05,0.0037617,0.00020645,0.0018676,-0.0092115,0.0040202,0.0031501,-0.0039423,0.0037808,0.00032636,0.0018701,0.0019505,0.0035087,0.0030735,-0.0011936,0.0040619,-0.00027443,0.00682,-0.0031767,0.00062317,-0.0029735,0.0064882,0.0020033,-0.0050088,-0.0028965,-0.0028965,-0.0028965,0.00048365,0.0056753,-3.5697e-05,-0.0023512,0.019215
-0.0012268,9.891e-06,-0.0023523,-0.00097624,0.0018933,-0.0011605,0.00045146,0.00048819,-0.0022578,0.0025352,-0.010681,-0.00068677,-0.010575,0.002926,0.0042655,-0.0001512,0.0045093,0.00046193,-0.0022823,0.99697,-0.003034,-0.003034,-0.00016577,-0.0010708,-8.3775e-05,0.031685,-0.01592,-0.0025384,-0.0019321,0.0045664,0.00094396,-0.00012954,-0.0013854,-0.0011316,-0.0016426,-0.00071329,-0.011693,0.002119,0.0053467,0.0040651,-0.011322,-0.0024308,-0.0023807,0.0031971,0.00097742,0.0054161,-0.00047871,-0.00047871,-0.00047871,-0.0014066,0.0061588,0.00012806,-0.00080976,-0.013625,0.0056026,0.004767,-0.0037149,0.0056866,-2.71e-05,0.0014771,0.00040204,0.0034145,0.0053251,-0.00015523,0.0045112,-0.00039369,0.011726,-0.0080493,0.00137,-0.0078195,0.011339,0.0028905,0.00066673,-0.0045183,-0.0045183,-0.0045183,0.0024445,0.0048279,-5.434e-05,0.0014281,0.012399
-0.0012268,9.891e-06,-0.0023523,-0.00097624,0.0018933,-0.0011605,0.00045146,0.00048819,-0.0022578,0.0025352,-0.010681,-0.00068677,-0.010575,0.002926,0.0042655,-0.0001512,0.0045093,0.00046193,-0.0022823,-0.003034,0.99697,-0.003034,-0.00016577,-0.0010708,-8.3775e-05,0.031685,-0.01592,-0.0025384,-0.0019321,0.0045664,0.00094396,-0.00012954,-0.0013854,-0.0011316,-0.0016426,-0.00071329,-0.011693,0.002119,0.0053467,0.0040651,-0.011322,-0.0024308,-0.0023807,0.0031971,0.00097742,0.0054161,-0.00047871,-0.00047871,-0.00047871,-0.0014066,0.0061588,0.00012806,-0.00080976,-0.013625,0.0056026,0.004767,-0.0037149,0.0056866,-2.71e-05,0.0014771,0.00040204,0.0034145,0.0053251,-0.00015523,0.0045112,-0.00039369,0.011726,-0.0080493,0.00137,-0.0078195,0.011339,0.0028905,0.00066673,-0.0045183,-0.0045183,-0.0045183,0.0024445,0.0048279,-5.434e-05,0.0014281,0.012399
-0.0012268,9.891e-06,-0.0023523,-0.00097624,0.0018933,-0.0011605,0.00045146,0.00048819,-0.0022578,0.0025352,-0.010681,-0.00068677,-0.010575,0.002926,0.0042655,-0.0001512,0.0045093,0.00046193,-0.0022823,-0.003034,-0.003034,0.99697,-0.00016577,-0.0010708,-8.3775e-05,0.031685,-0.01592,-0.0025384,-0.0019321,0.0045664,0.00094396,-0.00012954,-0.0013854,-0.0011316,-0.0016426,-0.00071329,-0.011693,0.002119,0.0053467,0.0040651,-0.011322,-0.0024308,-0.0023807,0.0031971,0.00097742,0.0054161,-0.00047871,-0.00047871,-0.00047871,-0.0014066,0.0061588,0.00012806,-0.00080976,-0.013625,0.0056026,0.004767,-0.0037149,0.0056866,-2.71e-05,0.0014771,0.00040204,0.0034145,0.0053251,-0.00015523,0.0045112,-0.00039369,0.011726,-0.0080493,0.00137,-0.0078195,0.011339,0.0028905,0.00066673,-0.0045183,-0.0045183,-0.0045183,0.0024445,0.0048279,-5.434e-05,0.0014281,0.012399
-0.00047537,-0.00044578,-0.00012306,-0.00013441,-7.7917e-05,-0.00027675,4.8039e-05,0.00010434,-0.00062203,0.00052801,-0.0011647,-0.00014922,-0.0011442,0.00056591,-0.00014275,-0.00027431,-7.9362e-05,5.1883e-05,-0.00019598,-0.00016577,-0.00016577,-0.00016577,0.99997,-7.0058e-05,-1.5028e-05,-0.00034521,-0.0012337,0.0011244,0.0011577,0.00011044,0.00035071,-0.00015171,0.0011303,6.8678e-05,-5.7689e-05,0.0011528,-0.0012004,0.00043079,0.00041352,0.00077465,-0.0011058,-0.0010076,-0.00089136,3.7118e-05,0.00020527,0.0012024,-0.00039488,-0.00039488,-0.00039488,0.00012329,-0.00019537,1.5623e-05,0.0013363,-0.00051036,0.00027121,0.00039741,0.0001369,0.00035765,-0.00010646,-4.4268e-06,-0.00011045,0.00026411,0.00039066,-7.6738e-05,0.0005144,-7.0616e-05,0.0015784,-0.00055289,0.00028198,-0.00050873,0.0015133,0.00029243,0.00054323,-0.00047466,-0.00047466,-0.00047466,-4.4761e-05,0.0003367,6.0951e-06,-0.00073418,0.0016235
0.021612,0.023762,-0.0018379,-0.0031527,0.01174,0.022096,-0.0068806,0.02125,0.010749,-4.6495e-05,0.0029663,-0.00074187,0.0033132,-0.0036124,0.0183,-0.001255,0.018686,-0.0033349,0.0015198,-0.0010708,-0.0010708,-0.0010708,-7.0058e-05,0.9826,-6.6153e-05,-0.011492,-0.050347,-0.009679,-0.01004,-0.0058053,0.018108,-0.011958,-0.012269,0.005704,0.0049512,-0.011997,-0.0026991,-0.003324,0.025904,0.0073201,-0.001658,-0.025867,-0.028189,0.02154,0.0025996,-0.0035008,-0.0017563,-0.0017563,-0.0017563,-0.0026209,-0.010298,0.00018769,0.020817,-0.034399,-0.012695,-0.01153,0.0039639,-0.015866,-0.0051124,0.0020671,-0.0015231,-0.013758,-0.0097568,0.0033981,0.021343,-0.0033618,0.0004937,0.0025759,0.01458,0.0044014,-0.0024675,0.016012,0.035649,-0.01933,-0.01933,-0.01933,0.00051098,0.0064874,0.00022838,0.025847,-0.031124
8.1057e-05,9.3403e-05,-4.0511e-05,-9.1676e-05,-4.114e-05,9.281e-05,3.4599e-05,-0.0001609,0.00017034,0.00015803,-0.00036813,0.00010465,-0.00038939,0.00010406,0.00025814,0.00011119,0.00026068,-6.2845e-05,2.1412e-06,-8.3775e-05,-8.3775e-05,-8.3775e-05,-1.5028e-05,-6.6153e-05,5.8738e-06,3.633e-06,0.00020532,0.00051817,0.0005172,-0.00027469,-3.3137e-05,0.00016885,0.00052883,2.0223e-05,-4.0456e-05,0.00056156,-0.00029437,0.0001368,0.00020533,-5.6481e-05,-0.00039841,0.00072953,0.00074999,0.00016302,-0.00023326,-0.00022934,-7.6207e-05,-7.6207e-05,-7.6207e-05,-1.5396e-05,-0.00052535,3.8301e-08,-0.0010133,-0.00062971,-0.00018766,-0.00018948,7.1667e-05,-0.00025555,-3.7685e-05,2.9015e-05,-9.5561e-05,-4.4076e-05,-0.00015103,9.0506e-05,0.00015615,-1.349e-05,-5.7117e-05,0.00014782,0.00014575,0.00014871,-6.9802e-05,0.00013174,0.00022101,-5.2798e-05,-5.2798e-05,-5.2798e-05,2.9931e-05,-9.1886e-05,9.7245e-07,-0.00011032,-0.00059717
0.06503,0.0549,0.025667,-0.0011914,-0.015654,0.092074,-0.0058445,0.032589,0.068468,0.02785,0.035949,-0.0014488,0.037448,0.016168,-0.046555,-0.020686,-0.043693,-0.011278,0.025676,0.031685,0.031685,0.031685,-0.00034521,-0.011492,3.633e-06,0.34055,0.041607,0.084266,0.074663,-0.061337,0.038522,-0.01635,0.053781,0.0345,0.026952,0.046309,0.038503,0.02463,-0.029272,0.042693,0.05191,-0.12231,-0.10883,-0.052887,0.016692,0.023372,-0.030667,-0.030667,-0.030667,0.028255,-0.091378,-0.00039652,0.0047949,0.16215,-0.053618,-0.025151,0.078304,-0.043175,-0.016596,-0.025766,-0.025681,-0.045765,-0.026509,-0.0031444,-0.014321,-0.002408,-0.0059097,0.067,0.014741,0.068816,-0.0073439,-0.013253,0.09023,0.010535,0.010535,0.010535,-0.035213,-0.04552,0.00059132,-0.20628,-0.082293
-0.0023961,0.0098905,-0.017572,-0.010693,0.061024,-0.0096023,-0.0277,0.067252,-0.050379,0.012256,-0.018244,-0.018302,-0.019474,0.028623,0.0023578,-0.0037118,0.0039011,0.017965,-0.0119,-0.01592,-0.01592,-0.01592,-0.0012337,-0.050347,0.00020532,0.041607,0.63897,-0.029759,-0.021734,0.039391,0.063958,-0.063336,-0.026539,-0.0034164,0.0025942,-0.025159,-0.044667,-0.0023797,0.11859,0.052864,-0.037299,-0.12446,-0.1352,0.09764,0.020452,0.10103,-0.011566,-0.011566,-0.011566,-0.01142,0.024017,-0.00033037,-0.1234,-0.17872,-0.018657,-0.026526,-0.031001,-0.036405,-0.016657,0.031354,0.025748,-0.047647,-0.015356,-0.0049774,0.11141,-0.014182,-0.0051261,0.038107,0.055534,0.04682,-0.018578,0.068566,0.063498,-0.090827,-0.090827,-0.090827,0.0010146,0.081718,-0.00051513,-0.084924,0.035569
0.061209,0.067036,-0.0019838,0.0019557,0.020315,0.054745,-0.0022088,0.0092105,0.065925,-0.011708,0.01371,0.0065741,0.013558,-0.016652,0.039689,0.015611,0.03746,-0.0053633,0.0057746,-0.0025384,-0.0025384,-0.0025384,0.0011244,-0.009679,0.00051817,0.084266,-0.029759,0.9024,-0.098625,0.01051,-0.0069608,0.0064624,-0.099218,-0.0033526,-0.00011376,-0.097455,0.0076387,-0.0081794,0.004103,-0.012924,0.0082317,0.018474,0.013776,0.0071904,-0.0022546,-0.048963,0.019448,0.019448,0.019448,-0.01444,0.043529,-0.00043374,-0.13005,-0.024989,0.010076,0.0016271,-0.018016,0.0073351,0.0027328,0.0045884,0.00324,-0.0085468,0.0074874,0.0045847,-0.0080461,0.0015744,-0.028539,-0.0043461,-0.0061464,-0.0053841,-0.026992,-0.0031855,-0.0050891,0.0023445,0.0023445,0.0023445,0.015024,-0.0014878,0.0007594,-0.00033003,-0.060816
0.066958,0.072663,-0.0013423,0.0018941,0.019342,0.061431,-0.0017225,0.0095559,0.072764,-0.011267,0.013454,0.0073654,0.013464,-0.017763,0.042737,0.015539,0.040549,-0.0069521,0.0067663,-0.0019321,-0.0019321,-0.0019321,0.0011577,-0.01004,0.0005172,0.074663,-0.021734,-0.098625,0.8998,0.0078493,-0.007015,0.0079574,-0.10123,-0.0020439,0.00057976,-0.099465,0.0076581,-0.0074773,0.0019762,-0.01289,0.0084723,0.01839,0.014182,0.0045072,-0.0023389,-0.053733,0.019473,0.019473,0.019473,-0.014242,0.041743,-0.0004191,-0.12563,-0.020222,0.0099517,0.0022883,-0.015531,0.0079377,0.0026167,0.0031394,0.0013389,-0.0082998,0.0080878,0.0052254,-0.010529,0.0017719,-0.026129,-0.0064444,-0.0066669,-0.0076274,-0.024349,-0.0044224,-0.0018161,0.0037728,0.0037728,0.0037728,0.015211,-0.0047188,0.00075708,0.0017397,-0.066739
0.02011,0.018309,0.0037682,-0.0009302,-0.0050496,0.024111,-0.00074477,0.0068257,0.01983,-0.00092303,0.0087713,0.0029379,0.0094996,-0.0086456,0.012448,-0.0028662,0.012806,-0.0078083,0.0051805,0.0045664,0.0045664,0.0045664,0.00011044,-0.0058053,-0.00027469,-0.061337,0.039391,0.01051,0.0078493,0.98032,0.0061162,0.0011392,0.0057719,0.0087586,0.0059375,0.0051701,0.0099101,-0.0013473,-0.0030726,-0.0022487,0.0097037,-0.0043378,-0.0032052,-0.0037447,-0.0013232,-0.022542,-0.0022846,-0.0022846,-0.0022846,0.0027341,-0.02554,0.00022665,0.065128,0.016938,-0.012862,-0.0076199,0.017087,-0.011283,-0.0024015,-0.0069947,-0.0092072,-0.0045988,-0.0091219,0.0042203,-0.0042557,-0.00039281,0.0031223,-0.0022989,0.0032774,-0.0022899,0.0030222,6.0205e-05,0.026819,0.0018944,0.0018944,0.0018944,-0.0029445,-0.014912,-0.00014898,0.039145,-0.040121
-0.012446,-0.014101,0.0019249,0.0040527,-0.011001,-0.014432,0.0077449,-0.023337,0.0011693,-0.0038668,0.0010332,0.0029181,0.00068671,-0.0019132,-0.010123,0.0045436,-0.011057,0.0015568,-0.00032335,0.00094396,0.00094396,0.00094396,0.00035071,0.018108,-3.3137e-05,0.038522,0.063958,-0.0069608,-0.007015,0.0061162,0.97697,0.016295,-0.004142,-0.0066194,-0.0054074,-0.0040595,0.0069405,0.00074219,-0.030093,-0.013979,0.0051246,0.038586,0.040152,-0.023187,-0.0046669,-0.011824,0.0064502,0.0064502,0.0064502,0.00011214,0.01706,-0.00010501,-0.032676,0.035035,0.015297,0.012513,-0.0067752,0.018451,0.0066963,-0.0023563,0.0012746,0.015134,0.011094,-0.0020312,-0.027703,0.0043256,-0.0064502,-0.0061221,-0.018405,-0.0085769,-0.0025774,-0.019319,-0.040751,0.023909,0.023909,0.023909,0.0025879,-0.010169,-0.00011415,-0.01249,0.018132
-0.0083022,-0.0075466,-0.0016901,-0.0017404,0.011195,-0.011007,-0.0084064,0.016409,-0.021706,-0.0025212,0.012449,-0.0040853,0.011975,0.0011462,-0.0054966,-0.0021052,-0.0053371,0.0040031,-0.00094029,-0.00012954,-0.00012954,-0.00012954,-0.00015171,-0.011958,0.00016885,-0.01635,-0.063336,0.0064624,0.0079574,0.0011392,0.016295,0.9824,0.0069917,0.00099393,0.0031498,0.0063636,0.0076438,-0.0064216,0.026055,0.0048499,0.0076143,-0.024297,-0.027833,0.025697,0.0024502,0.017909,-0.0032335,-0.0032335,-0.0032335,-0.00031556,-0.010593,-0.00012326,0.00509,-0.033336,-0.016731,-0.017311,-0.0016089,-0.022283,-0.0044138,0.0061024,0.0060693,-0.016343,-0.016343,-0.00029223,0.025636,-0.0035708,-0.018416,0.020403,0.014322,0.022527,-0.021786,0.016538,0.017622,-0.018956,-0.018956,-0.018956,-0.0042727,0.014989,2.0141e-05,0.0045654,-0.0082205
0.073888,0.079765,-0.00089133,0.0014134,0.020261,0.069646,-0.0022225,0.012779,0.079281,-0.0095295,0.012509,0.0074263,0.012669,-0.017143,0.044808,0.014929,0.042786,-0.0080372,0.007743,-0.0013854,-0.0013854,-0.0013854,0.0011303,-0.012269,0.00052883,0.053781,-0.026539,-0.099218,-0.10123,0.0057719,-0.004142,0.0069917,0.89672,-0.00028282,0.0017658,-0.10159,0.0060823,-0.0060399,0.0033974,-0.0097303,0.007735,0.011164,0.0074092,0.0039516,-0.0012359,-0.053824,0.018423,0.018423,0.018423,-0.013911,0.039662,-0.0004691,-0.12719,-0.018585,0.0086623,0.0020369,-0.012813,0.0070347,0.0016105,0.0023405,-0.00012168,-0.010389,0.0081993,0.0055197,-0.0093831,0.0014389,-0.023276,-0.0061963,-0.0050314,-0.0071847,-0.021752,-0.0035949,0.0051505,0.0021736,0.0021736,0.0021736,0.014843,-0.0057504,0.00084982,-0.0051132,-0.071822
-0.015258,-0.015236,-0.00097169,0.0014493,0.00018558,-0.018395,0.00081928,-0.0070211,-0.013869,-0.002649,0.0020953,-0.00092271,0.0015694,0.0016871,-0.0095711,0.0021066,-0.010038,0.0042964,-0.0021782,-0.0011316,-0.0011316,-0.0011316,6.8678e-05,0.005704,2.0223e-05,0.0345,-0.0034164,-0.0033526,-0.0020439,0.0087586,-0.0066194,0.00099393,-0.00028282,0.99475,-0.0031675,-0.00024486,0.0028333,-0.0018366,-0.0033274,-0.0044766,0.0018644,0.011358,0.010412,0.00012968,-0.0011128,0.0069228,0.00251,0.00251,0.00251,-0.00092771,0.010994,-0.00010709,-0.027725,-0.0019326,0.0047726,0.0017276,-0.0087075,0.0037343,0.0022568,0.0031223,0.0053328,0.0029122,0.001744,-0.0020977,-0.0021342,0.00080695,-0.0098609,0.0042506,-0.0042096,0.0038766,-0.0092737,-0.002708,-0.020075,0.0034975,0.0034975,0.0034975,0.000656,0.0050352,0.00011133,-0.011125,0.01715
-0.0089227,-0.0087397,-0.0010347,0.00056199,-0.0017449,-0.0096403,0.0021518,-0.0064738,-0.0064125,0.00094541,-0.0062941,-0.00038493,-0.0064334,0.0029736,-0.0042289,0.00072393,-0.004292,0.0020013,-0.0020624,-0.0016426,-0.0016426,-0.0016426,-5.7689e-05,0.0049512,-4.0456e-05,0.026952,0.0025942,-0.00011376,0.00057976,0.0059375,-0.0054074,0.0031498,0.0017658,-0.0031675,0.99718,0.0020791,-0.0053184,0.0017257,-0.0042777,-0.00037638,-0.0055179,0.007272,0.0077031,-0.0037381,-0.00027587,0.0053997,0.00073153,0.00073153,0.00073153,-0.00034751,0.0086177,9.7047e-06,-0.01295,0.00082799,0.0074199,0.0060123,-0.0049346,0.0080651,0.0017347,0.00096822,0.0017379,0.0058829,0.0059308,-0.0014097,-0.0033613,0.00080343,0.0043012,-0.0041452,-0.0038195,-0.0045564,0.0049615,-0.0030544,-0.012817,0.0030984,0.0030984,0.0030984,0.0014029,0.0021189,6.423e-05,-0.0091806,0.018255
0.072338,0.077892,-0.00042973,0.0016375,0.02001,0.067904,-0.0025497,0.012753,0.077535,-0.010156,0.015327,0.0072961,0.015418,-0.017407,0.042524,0.014819,0.040454,-0.007675,0.008053,-0.00071329,-0.00071329,-0.00071329,0.0011528,-0.011997,0.00056156,0.046309,-0.025159,-0.097455,-0.099465,0.0051701,-0.0040595,0.0063636,-0.10159,-0.00024486,0.0020791,0.89989,0.0090692,-0.006703,0.0028244,-0.010504,0.0106,0.011126,0.0072531,0.0039758,-0.0013733,-0.053326,0.018308,0.018308,0.018308,-0.013465,0.038042,-0.00052649,-0.12735,-0.016315,0.0069625,0.00044483,-0.01229,0.0051046,0.0015472,0.0023404,0.00027264,-0.011517,0.0064577,0.0053454,-0.0095482,0.0014309,-0.02683,-0.0032582,-0.0050104,-0.0042318,-0.02532,-0.0038177,0.0045278,0.0027179,0.0027179,0.0027179,0.013972,-0.0060125,0.00081781,-0.0064912,-0.073173
0.016797,0.021577,-0.0075202,-0.0063191,-0.0013258,0.027998,0.0078478,0.0012881,0.020095,0.028113,-0.074515,-0.0019348,-0.07282,0.023459,0.022513,-0.006665,0.025123,-0.0042833,-0.0076571,-0.011693,-0.011693,-0.011693,-0.0012004,-0.0026991,-0.00029437,0.038503,-0.044667,0.0076387,0.0076581,0.0099101,0.0069405,0.0076438,0.0060823,0.0028333,-0.0053184,0.0090692,0.92311,0.026888,0.0097667,0.037414,-0.070581,-0.034949,-0.027724,-0.012181,0.0095936,0.029261,-0.010989,-0.010989,-0.010989,-0.00066407,0.018774,-0.00067377,0.012945,-0.022623,0.034373,0.038305,0.0010265,0.042508,-0.0021585,-0.0029237,-0.010992,0.023402,0.040563,-0.0010501,0.0085915,-0.00097931,0.098177,-0.054608,0.0042109,-0.053996,0.097431,0.0048175,0.022803,-0.014924,-0.014924,-0.014924,0.0095202,0.0074731,0.00038815,-0.041455,0.066203
-0.0077079,-0.0084074,0.00058479,0.0015312,0.0049212,-0.013845,-0.0050009,0.0037383,-0.013194,-0.012772,0.027804,0.00018791,0.027102,-0.010695,-0.0021619,0.0031169,-0.0032023,0.0020013,0.0013588,0.002119,0.002119,0.002119,0.00043079,-0.003324,0.0001368,0.02463,-0.0023797,-0.0081794,-0.0074773,-0.0013473,0.00074219,-0.0064216,-0.0060399,-0.0018366,0.0017257,-0.006703,0.026888,0.98669,0.0068248,-0.014939,0.023742,0.013122,0.0086307,0.01577,-0.0039902,-0.011348,0.0051829,0.0051829,0.0051829,-0.0020235,-0.0056695,0.00029316,0.0043632,-0.013294,-0.014485,-0.017499,-0.0044189,-0.01954,0.00026013,0.0037838,0.0060045,-0.010462,-0.017917,0.001386,0.0053418,-0.00063711,-0.038195,0.018816,0.0023764,0.019113,-0.03887,0.0045529,-0.0043525,-0.0014432,-0.0014432,-0.0014432,-0.0018389,0.0030774,-0.00029959,0.037922,-0.027168
-0.0043706,-0.0083543,0.0064878,0.0053337,-0.021995,-0.0016745,0.012702,-0.03189,0.018458,1.604e-05,-0.00036834,0.0053745,-0.00028667,-0.0014755,-0.014776,0.0030354,-0.0155,-0.0020755,0.0032288,0.0053467,0.0053467,0.0053467,0.00041352,0.025904,0.00020533,-0.029272,0.11859,0.004103,0.0019762,-0.0030726,-0.030093,0.026055,0.0033974,-0.0033274,-0.0042777,0.0028244,0.0097667,0.0068248,0.94767,-0.014185,0.0089711,0.043309,0.048721,-0.046652,-0.0050618,-0.020903,0.0046815,0.0046815,0.0046815,0.004434,0.0099233,-0.00011763,-0.025136,0.07895,0.018305,0.019457,0.0043391,0.026225,0.0078952,-0.0097205,-0.0055835,0.020898,0.016629,-0.0022735,-0.04721,0.0065037,0.0023829,-0.010075,-0.026578,-0.013788,0.0083939,-0.032327,-0.043646,0.03902,0.03902,0.03902,0.00020038,-0.026253,-0.00015858,-0.033588,0.014416
-0.011161,-0.013464,0.0028722,0.0043187,-0.0033162,-0.01851,-0.00031428,-0.010397,-0.0077237,-0.017527,0.034056,0.0032015,0.033229,-0.016042,-0.0050765,0.0061986,-0.006837,0.0010887,0.0026639,0.0040651,0.0040651,0.0040651,0.00077465,0.0073201,-5.6481e-05,0.042693,0.052864,-0.012924,-0.01289,-0.0022487,-0.013979,0.0048499,-0.0097303,-0.0044766,-0.00037638,-0.010504,0.037414,-0.014939,-0.014185,0.97246,0.032498,0.041569,0.037845,0.00062171,-0.008239,-0.028207,0.010123,0.010123,0.010123,-0.0017865,-0.00036236,0.00014411,-0.0013426,0.013213,-0.0084996,-0.012622,-0.0055847,-0.011557,0.004463,0.00079151,0.0051579,-0.0020975,-0.014423,0.0014048,-0.014765,0.0022589,-0.046421,0.015409,-0.0095472,0.013989,-0.044446,-0.0084543,-0.02651,0.015701,0.015701,0.015701,-0.00060924,-0.0076944,-0.00022092,0.045981,-0.029177
0.01147,0.015792,-0.0073807,-0.0057341,-0.0019373,0.021109,0.0075002,-0.00038047,0.014392,0.024814,-0.068753,-0.0017343,-0.067229,0.020795,0.020998,-0.005997,0.023351,-0.0036927,-0.0077682,-0.011322,-0.011322,-0.011322,-0.0011058,-0.001658,-0.00039841,0.05191,-0.037299,0.0082317,0.0084723,0.0097037,0.0051246,0.0076143,0.007735,0.0018644,-0.0055179,0.0106,-0.070581,0.023742,0.0089711,0.032498,0.93459,-0.027607,-0.02126,-0.010107,0.0080275,0.026073,-0.0096436,-0.0096436,-0.0096436,-0.00087126,0.017369,-0.00067645,0.019727,-0.023571,0.032165,0.035305,-0.00026279,0.039423,-0.0014914,-0.0023676,-0.0096838,0.023149,0.037058,-0.00081574,0.0078326,-0.00080514,0.090284,-0.051878,0.0033785,-0.051392,0.089665,0.0045924,0.018457,-0.013419,-0.013419,-0.013419,0.0091509,0.0073766,0.00054374,-0.028295,0.063247
0.025236,0.028681,-0.003013,-0.0075785,0.016233,0.034201,-0.0091526,0.036109,0.0077087,0.020389,-0.025221,-0.0066884,-0.024317,0.018378,0.0075299,-0.010339,0.0099956,-0.0012012,-0.00042949,-0.0024308,-0.0024308,-0.0024308,-0.0010076,-0.025867,0.00072953,-0.12231,-0.12446,0.018474,0.01839,-0.0043378,0.038586,-0.024297,0.011164,0.011358,0.007272,0.011126,-0.034949,0.013122,0.043309,0.041569,-0.027607,0.91356,-0.084619,0.022106,0.013745,0.043296,-0.016599,-0.016599,-0.016599,0.0026321,-0.017933,5.5857e-05,0.0088408,-0.039717,-0.011944,-0.0048635,0.013423,-0.012855,-0.011848,0.0020877,-0.0045785,-0.019606,-0.0012051,-0.00040964,0.042513,-0.0067088,0.038881,0.0036122,0.028423,0.0076451,0.032902,0.026901,0.066438,-0.038652,-0.038652,-0.038652,-0.0046168,0.01788,-4.2129e-05,-0.057262,0.0038383
0.022738,0.026388,-0.0034527,-0.0073334,0.019651,0.029336,-0.011437,0.038875,0.0022593,0.016395,-0.016957,-0.0070564,-0.016323,0.015544,0.0073729,-0.0091811,0.00951,-2.9979e-05,-0.00042377,-0.0023807,-0.0023807,-0.0023807,-0.00089136,-0.028189,0.00074999,-0.10883,-0.1352,0.013776,0.014182,-0.0032052,0.040152,-0.027833,0.0074092,0.010412,0.0077031,0.0072531,-0.027724,0.0086307,0.048721,0.037845,-0.02126,-0.084619,0.91538,0.029989,0.0129,0.041904,-0.014903,-0.014903,-0.014903,0.0014083,-0.018096,0.00018547,0.0054573,-0.049692,-0.01658,-0.01092,0.010536,-0.019646,-0.012064,0.0043203,-0.001775,-0.02396,-0.0070419,-7.3398e-05,0.0471,-0.0072455,0.026334,0.010225,0.030446,0.014557,0.019818,0.030144,0.065955,-0.041481,-0.041481,-0.041481,-0.0048484,0.021285,-9.9131e-05,-0.04659,-0.0036905
0.0088527,0.0062855,0.0051909,0.0028816,-0.020833,0.01635,0.013649,-0.026199,0.031255,0.0099559,-0.02066,0.0046688,-0.019937,0.0058546,-0.0068709,4.1003e-05,-0.0066289,-0.0045194,0.002575,0.0031971,0.0031971,0.0031971,3.7118e-05,0.02154,0.00016302,-0.052887,0.09764,0.0071904,0.0045072,-0.0037447,-0.023187,0.025697,0.0039516,0.00012968,-0.0037381,0.0039758,-0.012181,0.01577,-0.046652,0.00062171,-0.010107,0.022106,0.029989,0.95035,-0.00079056,-0.011817,-0.00020373,-0.00020373,-0.00020373,0.0050041,0.01044,-0.00036235,-0.021769,0.074607,0.024329,0.028167,0.0089054,0.03473,0.0055964,-0.011479,-0.01038,0.023235,0.026405,-0.0022075,-0.042036,0.0055723,0.031605,-0.022766,-0.022326,-0.02592,0.036868,-0.029087,-0.026542,0.031932,0.031932,0.031932,0.0016434,-0.025185,-4.8409e-05,-0.054459,0.024624
-0.0035338,-0.0042912,0.00076668,0.0011664,-0.0020565,-0.0053731,0.00045583,-0.0039224,-0.0020689,-0.0048396,0.0082554,0.0011683,0.0080891,-0.0048896,-0.00032387,0.0015625,-0.00077756,-0.00017823,0.00059808,0.00097742,0.00097742,0.00097742,0.00020527,0.0025996,-0.00023326,0.016692,0.020452,-0.0022546,-0.0023389,-0.0013232,-0.0046669,0.0024502,-0.0012359,-0.0011128,-0.00027587,-0.0013733,0.0095936,-0.0039902,-0.0050618,-0.008239,0.0080275,0.013745,0.0129,-0.00079056,0.99734,-0.0094542,0.0027965,0.0027965,0.0027965,-0.00040029,-0.00085866,-8.5048e-05,0.006835,0.0045163,-0.0016772,-0.0026509,-0.0010525,-0.0021972,0.0014731,-0.00030253,0.0007468,0.00090652,-0.0034041,0.00064368,-0.005249,0.00077572,-0.01057,0.0019185,-0.0032063,0.0014165,-0.0098758,-0.0028777,-0.007508,0.0051623,0.0051623,0.0051623,8.4007e-05,-0.0031795,0.0001298,0.018254,-0.0076126
0.057504,0.056973,0.0051948,0.0025022,-0.0038475,0.056631,0.0025024,-0.00045513,0.067963,-0.01598,0.026692,0.011697,0.027527,-0.031043,0.043888,0.0089307,0.042223,-0.0158,0.010881,0.0054161,0.0054161,0.0054161,0.0012024,-0.0035008,-0.00022934,0.023372,0.10103,-0.048963,-0.053733,-0.022542,-0.011824,0.017909,-0.053824,0.0069228,0.0053997,-0.053326,0.029261,-0.011348,-0.020903,-0.028207,0.026073,0.043296,0.041904,-0.011817,-0.0094542,0.91569,0.014901,0.014901,0.014901,-0.0058161,-0.00546,0.00057461,0.031633,0.025644,-0.0058684,-0.0056131,0.010138,-0.0039567,0.0032255,-0.0096294,-0.011814,-0.00038934,-0.0061896,0.0099682,-0.030105,0.0032965,-0.020211,-0.014776,-0.011063,-0.017203,-0.016777,-0.013231,0.011417,0.020602,0.020602,0.020602,0.0076848,-0.032255,-0.0005649,0.094346,-0.096557
