61.678,17.857,525.49,596.74,13.138,401.47,586.24,1011.5,-5.3515,35.213,1.8759e-13,2.1121e-13,1.5281e-13,1.4427e-13
1380.2,149.25,866.67,853.25,81.375,1068.2,960.16,1232.5,643.26,186.75,1.154e-12,1.1702e-12,1.154e-12,1.1349e-12
0.013819,-0.082059,-0.010795,0.021863,-0.00048335,-0.028834,-0.035532,-0.056473,-0.027635,-0.015499,1.2331e-15,1.2631e-15,1.3268e-15,1.3435e-15
-0.082059,0.77128,0.30341,0.089364,0.0066871,0.087578,0.12613,0.16166,0.074082,-0.1198,1.7501e-15,1.7199e-15,1.9012e-15,1.907e-15
-0.010795,0.30341,0.23436,0.25804,-0.011963,-0.045535,-0.065396,-0.095507,-0.049969,-0.048923,-1.9971e-15,-1.9901e-15,-2.4722e-15,-2.5715e-15
0.021863,0.089364,0.25804,0.55436,0.0019943,-0.10271,-0.17727,-0.207,-0.10429,0.27609,-9.4312e-16,-8.8197e-16,-6.9999e-16,-5.9326e-16
-0.00048335,0.0066871,-0.011963,0.0019943,0.9947,-0.05368,0.013797,-0.010111,0.043568,0.0028516,-6.0014e-17,-8.2569e-17,-6.1548e-17,-8.507e-17
-0.028834,0.087578,-0.045535,-0.10271,-0.05368,0.42147,0.092615,-0.16085,0.41768,0.10443,-8.1607e-16,-1.0297e-15,-7.583e-16,-9.6884e-16
-0.035532,0.12613,-0.065396,-0.17727,0.013797,0.092615,0.83163,-0.12149,-0.2141,0.1333,-9.5213e-16,-8.426e-16,-9.5864e-16,-8.5532e-16
-0.056473,0.16166,-0.095507,-0.207,-0.010111,-0.16085,-0.12149,0.81374,-0.025413,0.16994,-1.2749e-15,-1.262e-15,-1.264e-15,-1.2578e-15
-0.027635,0.074082,-0.049969,-0.10429,0.043568,0.41768,-0.2141,-0.025413,0.55691,0.06551,-4.5882e-16,-2.3235e-16,-5.0571e-16,-2.8897e-16
-0.015499,-0.1198,-0.048923,0.27609,0.0028516,0.10443,0.1333,0.16994,0.06551,0.80808,1.0525e-15,1.0167e-15,9.5999e-16,9.1006e-16
1.2331e-15,1.7501e-15,-1.9971e-15,-9.4312e-16,-6.0014e-17,-8.1607e-16,-9.5213e-16,-1.2749e-15,-4.5882e-16,1.0525e-15,1,-1.3809e-29,-1.4952e-29,-1.4995e-29
1.2631e-15,1.7199e-15,-1.9901e-15,-8.8197e-16,-8.2569e-17,-1.0297e-15,-8.426e-16,-1.262e-15,-2.3235e-16,1.0167e-15,-1.3809e-29,1,-1.4767e-29,-1.4925e-29
1.3268e-15,1.9012e-15,-2.4722e-15,-6.9999e-16,-6.1548e-17,-7.583e-16,-9.5864e-16,-1.264e-15,-5.0571e-16,9.5999e-16,-1.4952e-29,-1.4767e-29,1,-1.6352e-29
1.3435e-15,1.907e-15,-2.5715e-15,-5.9326e-16,-8.507e-17,-9.6884e-16,-8.5532e-16,-1.2578e-15,-2.8897e-16,9.1006e-16,-1.4995e-29,-1.4925e-29,-1.6352e-29,1
42.243,42.243,42.243,42.243,42.243,42.243,42.243,42.243,42.243,42.243,42.243,42.243,42.243,42.243
398.17,77.688,687.84,728.79,30.902,597.28,832.65,1098.2,500.96,115.06,5.738e-13,6.6136e-13,5.8849e-13,6.4814e-13
1,1,1,1,1,1,1,1,1,1,1,1,1,1
