290.88,278.26,-76.907,90.132,179.23,210.45,154.28,117.03,189.83,179.2,658.98,387.65,298.57,363.73,663.9,919.61,302.14,174.66,-225.32,113.16,113.16,113.16,4.7602,-132.85,-78016,-123.54,-282.35
183.49,182.96,-139.63,53.777,105.83,139.91,66.963,78.27,40.809,125.41,29.601,39.775,174.71,75.901,42.517,835.3,179.23,121.64,-266.29,8.677,8.677,8.677,2.7364,-140.77,-1.7213e+05,-710.76,-482.35
360.73,332.61,-13.833,112.85,225.48,257.98,231.99,165.88,264.92,210.5,978.64,991.66,535.29,843.6,981.69,963.75,536.16,216.05,-187.56,176.92,176.92,176.92,8.6362,-117.05,99831,199.79,-137.25
0.99374,-0.0058537,0.0028169,-0.0021548,-0.0043353,-0.0040441,-0.0042603,0.0025702,-0.009545,-0.0036277,-0.040214,0.036968,0.014981,0.028917,-0.039616,-0.0053351,0.015259,-0.0039924,-0.0013499,0.0012236,0.0012236,0.0012236,-2.2999e-06,0.0010136,-0.00010443,-0.0010563,0.010347
-0.0058537,0.99452,0.0026354,-0.002016,-0.004056,-0.0037836,-0.0039859,0.0024046,-0.0089301,-0.003394,-0.037624,0.034587,0.014016,0.027054,-0.037064,-0.0049914,0.014276,-0.0037352,-0.001263,0.0011448,0.0011448,0.0011448,-2.1504e-06,0.00094834,-3.5855e-05,-0.00098846,0.0096805
0.0028169,0.0026354,0.99873,0.00097014,0.0019518,0.0018207,0.0019181,-0.0011572,0.0042973,0.0016332,0.018105,-0.016644,-0.0067448,-0.013019,0.017836,0.0024019,-0.0068698,0.0017974,0.00060769,-0.00055098,-0.00055098,-0.00055098,1.0393e-06,-0.00045635,0.00022285,0.00047497,-0.0046581
-0.0021548,-0.002016,0.00097014,0.99926,-0.0014931,-0.0013928,-0.0014672,0.00088517,-0.0032873,-0.0012494,-0.01385,0.012732,0.0051596,0.0099588,-0.013644,-0.0018374,0.0052551,-0.001375,-0.0004649,0.0004214,0.0004214,0.0004214,-7.9192e-07,0.00034909,-2.8423e-05,-0.00036381,0.0035635
-0.0043353,-0.004056,0.0019518,-0.0014931,0.997,-0.0028021,-0.0029519,0.0017809,-0.0066136,-0.0025136,-0.027864,0.025615,0.01038,0.020036,-0.027449,-0.0036966,0.010573,-0.0027663,-0.00093533,0.00084782,0.00084782,0.00084782,-1.5933e-06,0.00070234,-6.0273e-05,-0.00073194,0.0071693
-0.0040441,-0.0037836,0.0018207,-0.0013928,-0.0028021,0.99739,-0.0027537,0.0016613,-0.0061694,-0.0023448,-0.025993,0.023895,0.0096833,0.01869,-0.025606,-0.0034484,0.0098627,-0.0025805,-0.00087251,0.00079089,0.00079089,0.00079089,-1.4869e-06,0.00065517,-8.0885e-05,-0.0006827,0.0066878
-0.0042603,-0.0039859,0.0019181,-0.0014672,-0.0029519,-0.0027537,0.9971,0.0017501,-0.0064992,-0.0024701,-0.027382,0.025172,0.010201,0.01969,-0.026975,-0.0036327,0.01039,-0.0027184,-0.0009191,0.00083326,0.00083326,0.00083326,-1.5697e-06,0.00069019,-0.0002406,-0.00071867,0.0070451
0.0025702,0.0024046,-0.0011572,0.00088517,0.0017809,0.0016613,0.0017501,0.99894,0.0039209,0.0014902,0.016519,-0.015186,-0.0061541,-0.011878,0.016274,0.0021916,-0.0062681,0.00164,0.0005545,-0.00050267,-0.00050267,-0.00050267,9.46e-07,-0.00041638,9.9494e-05,0.00043372,-0.0042503
-0.009545,-0.0089301,0.0042973,-0.0032873,-0.0066136,-0.0061694,-0.0064992,0.0039209,0.98544,-0.0055341,-0.061348,0.056396,0.022855,0.044113,-0.060436,-0.0081389,0.023278,-0.0060905,-0.0020594,0.0018666,0.0018666,0.0018666,-3.5048e-06,0.0015463,1.7622e-05,-0.001612,0.015785
-0.0036277,-0.003394,0.0016332,-0.0012494,-0.0025136,-0.0023448,-0.0024701,0.0014902,-0.0055341,0.9979,-0.023316,0.021434,0.0086862,0.016766,-0.022969,-0.0030933,0.0088471,-0.0023148,-0.00078269,0.00070939,0.00070939,0.00070939,-1.3313e-06,0.0005877,4.0786e-05,-0.00061278,0.0059993
-0.040214,-0.037624,0.018105,-0.01385,-0.027864,-0.025993,-0.027382,0.016519,-0.061348,-0.023316,0.74153,0.23761,0.09629,0.18586,-0.25462,-0.03429,0.098073,-0.02566,-0.0086763,0.0078641,0.0078641,0.0078641,-1.4766e-05,0.0065149,5.5753e-05,-0.0067915,0.066504
0.036968,0.034587,-0.016644,0.012732,0.025615,0.023895,0.025172,-0.015186,0.056396,0.021434,0.23761,0.78157,-0.088518,-0.17085,0.23407,0.031522,-0.090157,0.023589,0.0079759,-0.0072295,-0.0072295,-0.0072295,1.3581e-05,-0.0059891,0.00025245,0.0062423,-0.061136
0.014981,0.014016,-0.0067448,0.0051596,0.01038,0.0096833,0.010201,-0.0061541,0.022855,0.0086862,0.09629,-0.088518,0.96413,-0.069239,0.094857,0.012774,-0.036536,0.0095594,0.0032323,-0.0029297,-0.0029297,-0.0029297,5.5017e-06,-0.0024271,6.0938e-06,0.00253,-0.024775
0.028917,0.027054,-0.013019,0.0099588,0.020036,0.01869,0.01969,-0.011878,0.044113,0.016766,0.18586,-0.17085,-0.069239,0.86636,0.18309,0.024657,-0.070521,0.018451,0.0062388,-0.005655,-0.005655,-0.005655,1.0625e-05,-0.0046847,0.00028588,0.0048825,-0.04782
-0.039616,-0.037064,0.017836,-0.013644,-0.027449,-0.025606,-0.026975,0.016274,-0.060436,-0.022969,-0.25462,0.23407,0.094857,0.18309,0.74917,-0.03378,0.096614,-0.025278,-0.0085473,0.0077471,0.0077471,0.0077471,-1.4547e-05,0.006418,3.8691e-05,-0.0066905,0.065515
-0.0053351,-0.0049914,0.0024019,-0.0018374,-0.0036966,-0.0034484,-0.0036327,0.0021916,-0.0081389,-0.0030933,-0.03429,0.031522,0.012774,0.024657,-0.03378,0.99545,0.013011,-0.0034042,-0.0011511,0.0010433,0.0010433,0.0010433,-1.9592e-06,0.00086431,-2.2947e-06,-0.00090098,0.0088229
0.015259,0.014276,-0.0068698,0.0052551,0.010573,0.0098627,0.01039,-0.0062681,0.023278,0.0088471,0.098073,-0.090157,-0.036536,-0.070521,0.096614,0.013011,0.96279,0.0097365,0.0032922,-0.0029839,-0.0029839,-0.0029839,5.6018e-06,-0.002472,-7.8396e-05,0.0025772,-0.025234
-0.0039924,-0.0037352,0.0017974,-0.001375,-0.0027663,-0.0025805,-0.0027184,0.00164,-0.0060905,-0.0023148,-0.02566,0.023589,0.0095594,0.018451,-0.025278,-0.0034042,0.0097365,0.99745,-0.0008614,0.00078067,0.00078067,0.00078067,-1.4635e-06,0.00064678,0.0001186,-0.00067463,0.0066025
-0.0013499,-0.001263,0.00060769,-0.0004649,-0.00093533,-0.00087251,-0.0009191,0.0005545,-0.0020594,-0.00078269,-0.0086763,0.0079759,0.0032323,0.0062388,-0.0085473,-0.0011511,0.0032922,-0.0008614,0.99971,0.00026383,0.00026383,0.00026383,-4.8938e-07,0.0002187,0.00029259,-0.00022895,0.0022328
0.0012236,0.0011448,-0.00055098,0.0004214,0.00084782,0.00079089,0.00083326,-0.00050267,0.0018666,0.00070939,0.0078641,-0.0072295,-0.0029297,-0.005655,0.0077471,0.0010433,-0.0029839,0.00078067,0.00026383,0.99976,-0.00023956,-0.00023956,4.6084e-07,-0.00019822,0.00053108,0.00020485,-0.0020228
0.0012236,0.0011448,-0.00055098,0.0004214,0.00084782,0.00079089,0.00083326,-0.00050267,0.0018666,0.00070939,0.0078641,-0.0072295,-0.0029297,-0.005655,0.0077471,0.0010433,-0.0029839,0.00078067,0.00026383,-0.00023956,0.99976,-0.00023956,4.6084e-07,-0.00019822,0.00053108,0.00020485,-0.0020228
0.0012236,0.0011448,-0.00055098,0.0004214,0.00084782,0.00079089,0.00083326,-0.00050267,0.0018666,0.00070939,0.0078641,-0.0072295,-0.0029297,-0.005655,0.0077471,0.0010433,-0.0029839,0.00078067,0.00026383,-0.00023956,-0.00023956,0.99976,4.6084e-07,-0.00019822,0.00053108,0.00020485,-0.0020228
-2.2999e-06,-2.1504e-06,1.0393e-06,-7.9192e-07,-1.5933e-06,-1.4869e-06,-1.5697e-06,9.46e-07,-3.5048e-06,-1.3313e-06,-1.4766e-05,1.3581e-05,5.5017e-06,1.0625e-05,-1.4547e-05,-1.9592e-06,5.6018e-06,-1.4635e-06,-4.8938e-07,4.6084e-07,4.6084e-07,4.6084e-07,1,3.7219e-07,-2.1688e-05,-3.1536e-07,3.7717e-06
0.0010136,0.00094834,-0.00045635,0.00034909,0.00070234,0.00065517,0.00069019,-0.00041638,0.0015463,0.0005877,0.0065149,-0.0059891,-0.0024271,-0.0046847,0.006418,0.00086431,-0.002472,0.00064678,0.0002187,-0.00019822,-0.00019822,-0.00019822,3.7219e-07,0.99984,-2.1682e-06,0.00017119,-0.0016763
-0.00010443,-3.5855e-05,0.00022285,-2.8423e-05,-6.0273e-05,-8.0885e-05,-0.0002406,9.9494e-05,1.7622e-05,4.0786e-05,5.5753e-05,0.00025245,6.0938e-06,0.00028588,3.8691e-05,-2.2947e-06,-7.8396e-05,0.0001186,0.00029259,0.00053108,0.00053108,0.00053108,-2.1688e-05,-2.1682e-06,1.4142e-05,0.0033505,-0.0012927
-0.0010563,-0.00098846,0.00047497,-0.00036381,-0.00073194,-0.0006827,-0.00071867,0.00043372,-0.001612,-0.00061278,-0.0067915,0.0062423,0.00253,0.0048825,-0.0066905,-0.00090098,0.0025772,-0.00067463,-0.00022895,0.00020485,0.00020485,0.00020485,-3.1536e-07,0.00017119,0.0033505,0.99981,0.0017517
0.010347,0.0096805,-0.0046581,0.0035635,0.0071693,0.0066878,0.0070451,-0.0042503,0.015785,0.0059993,0.066504,-0.061136,-0.024775,-0.04782,0.065515,0.0088229,-0.025234,0.0066025,0.0022328,-0.0020228,-0.0020228,-0.0020228,3.7717e-06,-0.0016763,-0.0012927,0.0017517,0.98289
37.586,37.586,37.586,37.586,37.586,37.586,37.586,37.586,37.586,37.586,37.586,37.586,37.586,37.586,37.586,37.586,37.586,37.586,37.586,37.586,37.586,37.586,37.586,37.586,37.586,37.586,37.586
