242.99,0.48776,0.66835,0.55259,0.01355,0.43941,0.90403,1.0923,0.65293,0.072831
133.1,0.31618,0.53333,0.43141,0.011831,0.41485,0.85502,1.0399,0.62456,0.058524
346.55,0.84793,0.85098,0.65114,0.014807,0.46939,0.96456,1.1317,0.69006,0.087951
0.00048752,0.16463,-0.17018,-0.025492,0.010943,0.090996,0.1343,0.029178,-0.061822,0.10578
0.16463,128.73,-77.609,-35.781,-1.6232,51.452,172.57,79.881,28.424,-11.127
-0.17018,-77.609,173.19,15.006,-2.3779,-0.43928,-42.237,83.628,84.07,13.931
-0.025492,-35.781,15.006,196.71,1.0495,55.365,-74.222,118.59,63.225,16.836
0.010943,-1.6232,-2.3779,1.0495,999.77,-3.9581,3.3997,-0.45391,3.5048,1.0882
0.090996,51.452,-0.43928,55.365,-3.9581,853.77,153.3,-61.844,84.407,-8.5023
0.1343,172.57,-42.237,-74.222,3.3997,153.3,755.37,68.242,-85.077,31.782
0.029178,79.881,83.628,118.59,-0.45391,-61.844,68.242,945.08,6.9262,-15.533
-0.061822,28.424,84.07,63.225,3.5048,84.407,-85.077,6.9262,922.51,-7.0316
0.10578,-11.127,13.931,16.836,1.0882,-8.5023,31.782,-15.533,-7.0316,981.89
