215.03,0.76027,0.81029,0.00085739,0.13704,0.40082,0.44745,0.31041,0.40288,0.52479,0.23179,0.99066
9.25,0.25564,0.42353,0.00011843,0.071521,0.28755,0.31349,0.18446,0.17164,0.30727,0.16647,0.96295
348.41,0.99174,1,0.0030437,0.276,0.54913,0.62883,0.38762,0.65834,0.87579,0.28099,0.99957
7.9865e-05,0.0036571,0.0040231,-0.0013837,-0.036865,0.012259,0.0036549,0.040518,-0.018606,0.033742,-0.016685,-0.019891
0.0036571,58.516,53.656,-1.0153,-54.993,-40.745,-49.67,5.3241,10.767,117.02,-72.653,21.882
0.0040231,53.656,226.65,-2.6222,-138.76,-160.52,-174.67,-35.903,163.9,188.72,30.806,-18.732
-0.0013837,-1.0153,-2.6222,999.92,-5.2035,-0.47062,-1.6079,3.5956,-1.8658,-2.549,0.23062,0.051288
-0.036865,-54.993,-138.76,-5.2035,550.34,-27.344,-134.49,315.17,-52.098,-198.39,62.263,48.841
0.012259,-40.745,-160.52,-0.47062,-27.344,778.48,-229.69,-202.35,-142.35,-102.91,-49.632,-3.7715
0.0036549,-49.67,-174.67,-1.6079,-134.49,-229.69,731.58,-133.93,-138.22,-179.3,-12.53,21.095
0.040518,5.3241,-35.903,3.5956,315.17,-202.35,-133.93,550.9,-86.126,19.086,-74.795,-27.746
-0.018606,10.767,163.9,-1.8658,-52.098,-142.35,-138.22,-86.126,522.48,-205.32,-198.49,-84.357
0.033742,117.02,188.72,-2.549,-198.39,-102.91,-179.3,19.086,-205.32,543.59,80.813,61.836
-0.016685,-72.653,30.806,0.23062,62.263,-49.632,-12.53,-74.795,-198.49,80.813,839.43,-75.286
-0.019891,21.882,-18.732,0.051288,48.841,-3.7715,21.095,-27.746,-84.357,61.836,-75.286,952.62
