472.98,751.13,711.27,523.07,0.085705,45.467,946.22,968.51,923.04,49.306,186.66,88.753,988.46
22.727,303.42,203.92,237.66,0.017687,24.778,362.55,380.1,340.88,9.719,67.779,46.274,867.73
1125.7,1000,1000,880.41,0.30133,100.94,1157.6,1178.4,1141.1,89.785,248.37,133.7,999.69
3.7774e-05,-1.7119e-05,1.3339e-05,6.3437e-05,2.6494e-06,-0.00023729,-0.0015924,0.00066211,0.00090042,-0.0009858,0.00045635,0.00038418,-0.00013053
-1.7119e-05,0.00010558,-5.4103e-05,-9.1961e-05,2.4429e-05,0.00030392,0.0016297,-0.00064522,-0.00095262,-0.00090134,-0.00025455,0.000843,0.00046184
1.3339e-05,-5.4103e-05,5.9265e-05,5.1565e-05,-4.8731e-06,-0.00032056,-0.0011246,0.00039286,0.00071458,0.0013871,3.2307e-05,-0.00090941,-0.00031659
6.3437e-05,-9.1961e-05,5.1565e-05,0.00021061,6.903e-06,-0.00044055,-0.0045515,0.002025,0.0024659,-0.0015254,0.00087517,0.00032957,-0.00032341
2.6494e-06,2.4429e-05,-4.8731e-06,6.903e-06,0.99997,-0.0015062,0.0024335,-0.0019955,-0.00048929,-0.0012651,-3.9318e-05,0.00094625,0.0013859
-0.00023729,0.00030392,-0.00032056,-0.00044055,-0.0015062,0.33914,0.0013439,-0.33101,0.32984,-0.0058823,-0.0026637,0.0041122,0.0045594
-0.0015924,0.0016297,-0.0011246,-0.0045515,0.0024335,0.0013439,0.26297,-0.12968,-0.13083,0.045304,-0.014784,-0.016559,-0.0073058
0.00066211,-0.00064522,0.00039286,0.002025,-0.0019955,-0.33101,-0.12968,0.39883,-0.27026,-0.024877,0.0057661,0.010155,0.006035
0.00090042,-0.00095262,0.00071458,0.0024659,-0.00048929,0.32984,-0.13083,-0.27026,0.3998,-0.019223,0.0085164,0.0061241,0.0014189
-0.0009858,-0.00090134,0.0013871,-0.0015254,-0.0012651,-0.0058823,0.045304,-0.024877,-0.019223,0.1689,-0.034258,-0.088054,-0.002479
0.00045635,-0.00025455,3.2307e-05,0.00087517,-3.9318e-05,-0.0026637,-0.014784,0.0057661,0.0085164,-0.034258,0.011775,0.014722,-0.0041059
0.00038418,0.000843,-0.00090941,0.00032957,0.00094625,0.0041122,-0.016559,0.010155,0.0061241,-0.088054,0.014722,0.052714,0.0028068
-0.00013053,0.00046184,-0.00031659,-0.00032341,0.0013859,0.0045594,-0.0073058,0.006035,0.0014189,-0.002479,-0.0041059,0.0028068,0.0071195
80.578,80.578,80.578,80.578,80.578,80.578,80.578,80.578,80.578,80.578,80.578,80.578,80.578
