0.3269,0.24206,0.1663,0.16779,0.11908,0.19568,0.18191,0.1382,0.20012,0.14889,0.95015,0.1152,0.92825,0.16826,0.19221,0.17985,0.1216,0.95893,-0.82297,1.0552,1.0552,1.0552,0.013797
0.17169,0.15823,-0.066627,0.052986,0.058799,0.005165,0.13662,0.023752,0.051694,0.014618,0.79594,0.071013,0.79809,0.022797,0.076387,0.062473,0.068825,0.83821,-1.537,0.26149,0.26149,0.26149,1.5092e-05
0.46954,0.4208,0.42015,0.40988,0.15424,0.45248,0.30127,0.27047,0.43463,0.59929,0.99737,0.24952,0.99629,0.5857,0.48491,0.49712,0.22421,0.99431,-0.48566,1.5118,1.5118,1.5118,0.068845
911.94,-20.341,-81.334,2.1994,15.706,-83.237,-52.516,59.864,-102.13,-94.843,38.019,-9.8359,43.37,-107.25,-57.128,-48.503,-14.467,8.4442,-74.026,-53.676,-53.676,-53.676,-12.792
-20.341,956.91,3.2706,-72.095,13.48,18.341,-42.122,-29,9.8066,-108.88,40.339,27.277,27.081,-97.412,32.048,50.641,9.1886,-19.549,33.382,-4.8529,-4.8529,-4.8529,-15.636
-81.334,3.2706,870.28,29.507,7.4798,-119.92,-32.949,69.671,-124.31,-12.987,4.5834,19.365,-4.3009,-13.988,6.8316,5.9675,20.734,-15.911,-207.62,-80.575,-80.575,-80.575,-2.8683
2.1994,-72.095,29.507,857.12,17.794,66.454,-57.778,-84.512,61.645,-155.22,55.587,71.804,20.68,-121.99,114.12,145.81,38.146,-52.963,47.342,19.207,19.207,19.207,-23.498
15.706,13.48,7.4798,17.794,994.63,4.4879,17.062,-0.06404,9.3053,40.082,-15.315,-4.3545,-13.277,39.241,1.4278,-4.3554,0.70949,2.8305,-2.9716,6.3909,6.3909,6.3909,5.6018
-83.237,18.341,-119.92,66.454,4.4879,873.02,-19.52,91.949,-134.38,9.4097,-2.2587,-15.183,5.4962,-6.2919,-52.707,-60.678,-4.8543,10.42,-164.49,-83.199,-83.199,-83.199,1.5286
-52.516,-42.122,-32.949,-57.778,17.062,-19.52,940.4,5.6912,-36.307,-127.44,49.672,19.68,41.091,-124.33,-0.47373,18.374,2.9668,-12.78,-42.325,6.3692,6.3692,6.3692,-18.527
59.864,-29,69.671,-84.512,-0.06404,91.949,5.6912,905.92,104.91,-23.377,4.04,50.219,-21.526,6.7671,114.37,126.63,33.768,-38.868,106.5,11.361,11.361,11.361,-4.1933
-102.13,9.8066,-124.31,61.645,9.3053,-134.38,-36.307,104.91,849.49,-28.857,14.077,-25.273,27.284,-51.22,-84.721,-88.82,-17.012,19.304,-165.51,-68.257,-68.257,-68.257,-3.6102
-94.843,-108.88,-12.987,-155.22,40.082,9.4097,-127.44,-23.377,-28.857,683.1,122.06,30.176,108.37,-309.94,-13.58,33.483,-11.342,-18.069,72.226,2.454,2.454,2.454,-44.351
38.019,40.339,4.5834,55.587,-15.315,-2.2587,49.672,4.04,14.077,122.06,952.29,-6.9867,-44.92,122.01,15.868,-1.7116,8.0709,3.1074,-22.418,-10.85,-10.85,-10.85,17.066
-9.8359,27.277,19.365,71.804,-4.3545,-15.183,19.68,50.219,-25.273,30.176,-6.9867,926.84,28.719,-2.3129,-133.27,-145.95,-56.037,56.519,76.842,12.553,12.553,12.553,6.6756
43.37,27.081,-4.3009,20.68,-13.277,5.4962,41.091,-21.526,27.284,108.37,-44.92,28.719,940.32,124.5,82.132,70.605,35.494,-24.622,-54.112,-21.878,-21.878,-21.878,14.03
-107.25,-97.412,-13.988,-121.99,39.241,-6.2919,-124.33,6.7671,-51.22,-309.94,122.01,-2.3129,124.5,681.16,-78.245,-36.272,-36.431,7.3602,82.187,13.992,13.992,13.992,-42.473
-57.128,32.048,6.8316,114.12,1.4278,-52.707,-0.47373,114.37,-84.721,-13.58,15.868,-133.27,82.132,-78.245,729.25,-285.4,-108.31,104.91,81.72,46.969,46.969,46.969,2.1135
-48.503,50.641,5.9675,145.81,-4.3554,-60.678,18.374,126.63,-88.82,33.483,-1.7116,-145.95,70.605,-36.272,-285.4,691.81,-113.03,113.93,73.91,44.455,44.455,44.455,8.9784
-14.467,9.1886,20.734,38.146,0.70949,-4.8543,2.9668,33.768,-17.012,-11.342,8.0709,-56.037,35.494,-36.431,-108.31,-113.03,952.84,43.92,81.055,13.888,13.888,13.888,0.43632
8.4442,-19.549,-15.911,-52.963,2.8305,10.42,-12.78,-38.868,19.304,-18.069,3.1074,56.519,-24.622,7.3602,104.91,113.93,43.92,956.09,-56.556,-16.516,-16.516,-16.516,-4.3538
-74.026,33.382,-207.62,47.342,-2.9716,-164.49,-42.325,106.5,-165.51,72.226,-22.418,76.842,-54.112,82.187,81.72,73.91,81.055,-56.556,350.92,107.74,107.74,107.74,2.946
-53.676,-4.8529,-80.575,19.207,6.3909,-83.199,6.3692,11.361,-68.257,2.454,-10.85,12.553,-21.878,13.992,46.969,44.455,13.888,-16.516,107.74,713.54,-286.46,-286.46,3.1697
-53.676,-4.8529,-80.575,19.207,6.3909,-83.199,6.3692,11.361,-68.257,2.454,-10.85,12.553,-21.878,13.992,46.969,44.455,13.888,-16.516,107.74,-286.46,713.54,-286.46,3.1697
-53.676,-4.8529,-80.575,19.207,6.3909,-83.199,6.3692,11.361,-68.257,2.454,-10.85,12.553,-21.878,13.992,46.969,44.455,13.888,-16.516,107.74,-286.46,-286.46,713.54,3.1697
-12.792,-15.636,-2.8683,-23.498,5.6018,1.5286,-18.527,-4.1933,-3.6102,-44.351,17.066,6.6756,14.03,-42.473,2.1135,8.9784,0.43632,-4.3538,2.946,3.1697,3.1697,3.1697,993.65
