1.3392,1.24,0.38555,-0.57072,1.0454,1.0454,1.0454,1.1033
0.62956,0.33547,0.07648,-0.93095,0.52038,0.52038,0.52038,2.7106e-05
3.5649,3.5637,0.67433,-0.018917,1.3433,1.3433,1.3433,8.6607
429.52,-367.04,-113.75,-30.202,3.6198,3.6198,3.6198,-18.986
-367.04,330.72,82.985,36.21,-0.30099,-0.30099,-0.30099,10.796
-113.75,82.985,161.49,-19.317,-27.349,-27.349,-27.349,12.264
-30.202,36.21,-19.317,23.849,4.2605,4.2605,4.2605,-1.8366
3.6198,-0.30099,-27.349,4.2605,673.7,-326.3,-326.3,-1.642
3.6198,-0.30099,-27.349,4.2605,-326.3,673.7,-326.3,-1.642
3.6198,-0.30099,-27.349,4.2605,-326.3,-326.3,673.7,-1.642
-18.986,10.796,12.264,-1.8366,-1.642,-1.642,-1.642,2.8113
