238.46,138.11,186.02,173.66,37.416,141.59,141.59,27.216,169.5,97.456,190.93,843.98,295.64,688.59,249.34,811.19,299.96,70.962,-14.902,399.21,399.21,399.21,0.25099,-63.309,-85699,115.68,-47.619
172.38,26.689,82.785,84.596,6.0062,21.599,23.502,0.5623,7.4237,1.1354,8.5608,64.961,34.077,65.414,11.859,165.16,6.9009,1.7947,-32.642,181.74,181.74,181.74,0.0069645,-124.99,-2.2246e+05,-351.35,-290.2
334.12,221.88,249.81,245.81,130.34,222.42,236.74,85.842,231.18,478.85,997.83,999.91,976.95,999.35,996.49,999.38,986.17,336.8,-1.7709,465.02,465.02,465.02,1.2826,28.527,48094,801.59,505.88
0.97736,-0.01925,-0.012682,0.011078,0.02015,-0.050696,-0.050638,0.014043,0.013005,0.019495,0.0049073,-0.023192,0.033368,0.0014425,0.018936,0.0099127,0.038241,0.01597,-0.014794,-0.047918,-0.047918,-0.047918,-0.00010471,0.03083,-0.0002556,0.00015959,-0.057117
-0.01925,0.98013,-0.0085454,0.010989,0.018292,-0.046291,-0.046223,0.010368,0.014578,0.021554,-0.016627,-0.00025467,0.055055,-0.0024648,-0.00032253,-0.015637,0.060658,0.013924,-0.012235,-0.03553,-0.03553,-0.03553,-8.7237e-05,0.028848,-0.00021087,-0.00096678,-0.036114
-0.012682,-0.0085454,0.99097,0.0046954,0.008842,-0.025621,-0.025357,0.009066,0.003098,0.00279,0.023668,-0.031111,0.0052382,-0.0119,0.026085,0.014816,0.0055303,0.0044898,-0.008208,-0.031016,-0.031016,-0.031016,-5.6853e-05,0.015815,-0.00016807,-0.005185,-0.036557
0.011078,0.010989,0.0046954,0.95414,-0.00683,0.061449,0.054328,-0.020742,-0.034171,0.084098,0.018531,-0.038698,-0.011831,-0.029152,0.067603,-0.030504,0.0027958,0.060844,0.026503,0.05935,0.05935,0.05935,-2.728e-05,-0.04712,-0.00023549,-0.0034783,-0.049729
0.02015,0.018292,0.008842,-0.00683,0.97452,0.044281,0.045975,-0.0099085,-0.016044,-0.051449,0.024158,0.0020555,-0.02977,-0.0481,-0.0079016,-0.017703,-0.042479,-0.040606,0.011642,0.033698,0.033698,0.033698,0.00010409,-0.024169,-0.00014839,-0.041258,0.058615
-0.050696,-0.046291,-0.025621,0.061449,0.044281,0.85213,-0.14163,0.042894,0.056514,-0.03246,-0.021441,0.004674,0.082929,0.034899,-0.035036,0.036023,0.080601,-0.021218,-0.050102,-0.13595,-0.13595,-0.13595,-0.00016332,0.098667,-0.00011061,0.012997,-0.052127
-0.050638,-0.046223,-0.025357,0.054328,0.045975,-0.14163,0.86312,0.039941,0.052882,-0.011473,-0.024815,0.0010554,0.083124,0.0397,-0.025953,0.033468,0.085084,-0.0057428,-0.046624,-0.12803,-0.12803,-0.12803,-0.00018071,0.092556,-0.00014786,0.013912,-0.068994
0.014043,0.010368,0.009066,-0.020742,-0.0099085,0.042894,0.039941,0.98436,-0.014795,0.02826,-0.017869,0.014464,-0.0071393,-0.00057946,-0.0016128,-0.025873,-0.0018206,0.017594,0.016546,0.048028,0.048028,0.048028,2.4746e-05,-0.030555,-0.00013249,-0.017879,0.0013721
0.013005,0.014578,0.003098,-0.034171,-0.016044,0.056514,0.052882,-0.014795,0.96643,0.027151,0.050655,-0.050645,-0.023848,-0.065119,0.065474,-0.024016,-0.022085,0.019438,0.021126,0.043086,0.043086,0.043086,2.1112e-05,-0.0386,-0.00021352,-0.01837,-0.011972
0.019495,0.021554,0.00279,0.084098,-0.051449,-0.03246,-0.011473,0.02826,0.027151,0.66141,0.07892,0.035128,-0.069554,-0.10284,-0.12437,0.042735,-0.14063,-0.25045,-0.03352,-0.072231,-0.072231,-0.072231,0.00029505,0.049382,-0.00015388,-0.12809,0.22876
0.0049073,-0.016627,0.023668,0.018531,0.024158,-0.021441,-0.024815,-0.017869,0.050655,0.07892,0.73122,0.22821,0.08239,0.22133,-0.21709,-0.047885,0.11028,0.043741,-0.0003206,0.056569,0.056569,0.056569,-6.8379e-05,0.0029819,-0.00025795,-0.054308,-0.025473
-0.023192,-0.00025467,-0.031111,-0.038698,0.0020555,0.004674,0.0010554,0.014464,-0.050645,0.035128,0.22821,0.76023,-0.053564,-0.17041,0.2467,0.046422,-0.055887,0.040366,0.0031024,-0.056141,-0.056141,-0.056141,-0.00011587,-0.0051157,-4.1167e-05,0.028297,-0.11484
0.033368,0.055055,0.0052382,-0.011831,-0.02977,0.082929,0.083124,-0.0071393,-0.023848,-0.069554,0.08239,-0.053564,0.7118,0.14467,0.025008,0.22281,-0.30232,-0.025286,0.011193,0.027087,0.027087,0.027087,0.00011581,-0.059554,-0.00015033,-0.01387,-0.041607
0.0014425,-0.0024648,-0.0119,-0.029152,-0.0481,0.034899,0.0397,-0.00057946,-0.065119,-0.10284,0.22133,-0.17041,0.14467,0.5298,0.17015,-0.22257,0.10792,-0.096184,0.017217,-0.0047249,-0.0047249,-0.0047249,9.4496e-05,-0.0017379,-0.00023856,-0.12354,0.1191
0.018936,-0.00032253,0.026085,0.067603,-0.0079016,-0.035036,-0.025953,-0.0016128,0.065474,-0.12437,-0.21709,0.2467,0.025008,0.17015,0.71146,-0.0097167,0.010187,-0.10488,-0.019317,0.016236,0.016236,0.016236,0.00012066,0.028605,-0.00023465,-0.11867,0.11453
0.0099127,-0.015637,0.014816,-0.030504,-0.017703,0.036023,0.033468,-0.025873,-0.024016,0.042735,-0.047885,0.046422,0.22281,-0.22257,-0.0097167,0.73202,0.22702,-0.00013182,0.027245,0.076498,0.076498,0.076498,3.3515e-05,-0.016485,-0.0001559,-0.076956,0.095282
0.038241,0.060658,0.0055303,0.0027958,-0.042479,0.080601,0.085084,-0.0018206,-0.022085,-0.14063,0.11028,-0.055887,-0.30232,0.10792,0.010187,0.22702,0.66792,-0.077916,0.0058172,0.013761,0.013761,0.013761,0.00018389,-0.051574,-0.00013047,-0.037322,0.010503
0.01597,0.013924,0.0044898,0.060844,-0.040606,-0.021218,-0.0057428,0.017594,0.019438,-0.25045,0.043741,0.040366,-0.025286,-0.096184,-0.10488,-0.00013182,-0.077916,0.81031,-0.022254,-0.043852,-0.043852,-0.043852,0.00021922,0.035277,-0.00025956,-0.12036,0.17742
-0.014794,-0.012235,-0.008208,0.026503,0.011642,-0.050102,-0.046624,0.016546,0.021126,-0.03352,-0.0003206,0.0031024,0.011193,0.017217,-0.019317,0.027245,0.0058172,-0.022254,0.98077,-0.050581,-0.050581,-0.050581,-2.8902e-05,0.035086,0.00012994,0.0074093,-0.0015386
-0.047918,-0.03553,-0.031016,0.05935,0.033698,-0.13595,-0.12803,0.048028,0.043086,-0.072231,0.056569,-0.056141,0.027087,-0.0047249,0.016236,0.076498,0.013761,-0.043852,-0.050581,0.849,-0.151,-0.151,-0.00012409,0.09398,3.6912e-05,0.021674,-0.042972
-0.047918,-0.03553,-0.031016,0.05935,0.033698,-0.13595,-0.12803,0.048028,0.043086,-0.072231,0.056569,-0.056141,0.027087,-0.0047249,0.016236,0.076498,0.013761,-0.043852,-0.050581,-0.151,0.849,-0.151,-0.00012409,0.09398,3.6912e-05,0.021674,-0.042972
-0.047918,-0.03553,-0.031016,0.05935,0.033698,-0.13595,-0.12803,0.048028,0.043086,-0.072231,0.056569,-0.056141,0.027087,-0.0047249,0.016236,0.076498,0.013761,-0.043852,-0.050581,-0.151,-0.151,0.849,-0.00012409,0.09398,3.6912e-05,0.021674,-0.042972
-0.00010471,-8.7237e-05,-5.6853e-05,-2.728e-05,0.00010409,-0.00016332,-0.00018071,2.4746e-05,2.1112e-05,0.00029505,-6.8379e-05,-0.00011587,0.00011581,9.4496e-05,0.00012066,3.3515e-05,0.00018389,0.00021922,-2.8902e-05,-0.00012409,-0.00012409,-0.00012409,1,6.2664e-05,-2.8648e-06,-0.00029118,-0.00060666
0.03083,0.028848,0.015815,-0.04712,-0.024169,0.098667,0.092556,-0.030555,-0.0386,0.049382,0.0029819,-0.0051157,-0.059554,-0.0017379,0.028605,-0.016485,-0.051574,0.035277,0.035086,0.09398,0.09398,0.09398,6.2664e-05,0.93015,-0.00014353,-0.02361,-0.0068342
-0.0002556,-0.00021087,-0.00016807,-0.00023549,-0.00014839,-0.00011061,-0.00014786,-0.00013249,-0.00021352,-0.00015388,-0.00025795,-4.1167e-05,-0.00015033,-0.00023856,-0.00023465,-0.0001559,-0.00013047,-0.00025956,0.00012994,3.6912e-05,3.6912e-05,3.6912e-05,-2.8648e-06,-0.00014353,9.3134e-07,0.00033434,-0.00036029
0.00015959,-0.00096678,-0.005185,-0.0034783,-0.041258,0.012997,0.013912,-0.017879,-0.01837,-0.12809,-0.054308,0.028297,-0.01387,-0.12354,-0.11867,-0.076956,-0.037322,-0.12036,0.0074093,0.021674,0.021674,0.021674,-0.00029118,-0.02361,0.00033434,0.2081,-0.29749
-0.057117,-0.036114,-0.036557,-0.049729,0.058615,-0.052127,-0.068994,0.0013721,-0.011972,0.22876,-0.025473,-0.11484,-0.041607,0.1191,0.11453,0.095282,0.010503,0.17742,-0.0015386,-0.042972,-0.042972,-0.042972,-0.00060666,-0.0068342,-0.00036029,-0.29749,0.47559
78.847,78.847,78.847,78.847,78.847,78.847,78.847,78.847,78.847,78.847,78.847,78.847,78.847,78.847,78.847,78.847,78.847,78.847,78.847,78.847,78.847,78.847,78.847,78.847,78.847,78.847,78.847
