0.90515,0.84878,-0.22969,-0.89296,0.74052,0.74052,0.74052,0.21526
0.38475,0.30246,-0.52654,-1.5933,0.1468,0.1468,0.1468,1.6312e-05
2.2539,2.2477,0.36114,-0.069276,1.2241,1.2241,1.2241,3.0984
335.86,-311.57,22.893,8.6607,8.1477,8.1477,8.1477,-7.7081
-311.57,302.25,-35.873,-2.4741,-5.4315,-5.4315,-5.4315,0.30877
22.893,-35.873,128.75,-40.171,-14.501,-14.501,-14.501,3.5604
8.6607,-2.4741,-40.171,25.939,4.7102,4.7102,4.7102,-1.752
8.1477,-5.4315,-14.501,4.7102,669.71,-330.29,-330.29,-1.0357
8.1477,-5.4315,-14.501,4.7102,-330.29,669.71,-330.29,-1.0357
8.1477,-5.4315,-14.501,4.7102,-330.29,-330.29,669.71,-1.0357
-7.7081,0.30877,3.5604,-1.752,-1.0357,-1.0357,-1.0357,6.3614
