0.36283,0.34695,0.088413,0.093277,0.18192,0.24948,0.077041,0.15023,0.29675,0.98524,0.099078,0.059732,0.11509,0.78202,0.39883,0.056402,0.39768,0.78742,0.006719,0.18335,0.18335,0.18335,0.0053715,0.51967,0.49926,-0.10574,0.061006,0.18627,0.46187,0.12666,0.22271,0.37197,0.13635,0.66235,0.47532,0.73967,0.41782,0.25312,0.48158,0.28946,0.60233,-0.45699,0.166,0.166,0.166,0.0034985
0.19142,0.1437,0.05211,0.038949,0.014646,0.047014,0.045715,0.052894,0.051588,0.96331,0.0079653,0.0016874,0.0012858,0.16544,0.065121,0.0016639,0.057675,0.16323,-0.10188,0.14055,0.14055,0.14055,0.0023488,0.27699,0.27436,-0.21174,0.016428,0.064269,0.23248,0.031557,0.030586,0.04492,0.0055136,0.1093,0.0033866,0.10008,0.07702,0.10516,0.093635,0.075522,0.021564,-0.66944,0.13186,0.13186,0.13186,3.383e-05
0.4852,0.47912,0.12646,0.13119,0.38747,0.43954,0.10759,0.21646,0.48013,0.99988,0.26772,0.21937,0.26601,0.99622,0.9844,0.19215,0.98577,0.9977,0.090367,0.2998,0.2998,0.2998,0.0089883,0.72683,0.70297,0.038085,0.13607,0.36543,0.62215,0.23124,0.50055,0.58614,0.26563,0.98361,0.98688,0.98461,0.98203,0.61512,0.99496,0.81329,0.98711,-0.22628,0.2622,0.2622,0.2622,0.0095684
909.56,-99.531,18.583,-2.3641,-4.041,-111.45,-4.7881,29.623,-126.48,7.0965,-46.045,9.5633,-41.566,19.895,-20.411,4.7321,-18.914,10.277,54.193,-44.912,-44.912,-44.912,-0.29805,-57.222,-55.593,32.257,0.41748,-26.429,-51.956,-10.068,7.7421,-71.011,-39.699,-15.038,-2.8611,23.199,-49.289,-2.9507,13.494,8.1981,-1.6605,54.225,-34.089,-34.089,-34.089,1.1227
-99.531,889.19,21.655,-1.6866,-7.7977,-121.76,-5.2502,27.827,-139.06,6.694,-42.774,11.641,-38.507,25.972,-22.337,7.3654,-21.182,16.49,60.93,-47.187,-47.187,-47.187,-0.20318,-71.182,-69.381,36.241,2.5885,-22.192,-67.537,-8.2521,9.9002,-86.371,-34.157,-11.674,-11.251,25.237,-50.632,14.567,24.869,11.134,-2.4432,54.671,-35.606,-35.606,-35.606,1.5188
18.583,21.655,994.82,0.54255,3.8936,21.18,1.7546,-0.97405,25.698,-0.78493,5.0245,-3.1364,4.7308,-9.026,0.58015,-2.9907,0.62948,-7.6331,-13.019,8.9834,8.9834,8.9834,0.010818,16.936,16.672,-6.3171,-2.4191,-3.1535,18.312,-2.1376,-6.767,21.484,0.93448,-0.85323,3.6595,-4.3865,7.4134,-21.329,-16.819,-9.1657,4.3923,-3.8537,6.5798,6.5798,6.5798,-0.47926
-2.3641,-1.6866,0.54255,992.13,15.766,-6.7152,-3.1182,-2.5072,-1.7646,4.3828,-24.258,-9.5472,-27.111,-2.4121,13.607,-10.267,14.167,-4.9487,3.7276,-14.211,-14.211,-14.211,-0.46788,18.642,18.767,-1.3367,1.8663,9.9315,14.664,4.713,6.9263,27.403,-26.423,19.697,9.9971,-10.667,-13.076,24.249,21.898,-1.7167,-2.7283,-1.7946,-11.851,-11.851,-11.851,-0.40343
-4.041,-7.7977,3.8936,15.766,925.65,41.431,-3.1672,5.005,-9.9251,-9.99,37.067,40.464,48.204,73.257,-32.712,41.395,-32.755,73.849,2.2599,16.234,16.234,16.234,0.72022,-24.224,-23.499,-2.366,-7.3986,-15.374,-7.5511,0.078857,38.552,-85.865,73.035,-59.462,11.919,87.737,-7.174,-2.615,-40.122,121.53,-12.909,-17.021,19.15,19.15,19.15,1.527
-111.45,-121.76,21.18,-6.7152,41.431,822.63,0.64607,34.162,-153.63,11.848,-57.47,-9.3268,-57.707,-46.116,-2.0111,-15.35,-1.0175,-55.399,65.796,-53.36,-53.36,-53.36,-0.38863,-86.211,-85.701,44.192,7.8484,-26.464,-92.663,-14.913,-29.312,-64.258,-77.885,-1.9738,-20.617,-47.324,-25.748,-22.552,43.557,-95.641,-1.6442,79.81,-45.566,-45.566,-45.566,0.78774
-4.7881,-5.2502,1.7546,-3.1182,-3.1672,0.64607,996.58,-0.23852,-6.3205,1.577,-13.152,1.6471,-12.769,12.485,6.0472,1.0314,6.5592,10.232,4.9268,-9.1824,-9.1824,-9.1824,-0.24488,8.3559,8.498,-1.4446,0.16578,4.5776,8.5648,4.1678,15.276,0.62423,-6.782,-0.12767,13.584,8.9944,-11.117,18.836,11.511,26.032,-8.0235,-5.1332,-6.4062,-6.4062,-6.4062,0.022007
29.623,27.827,-0.97405,-2.5072,5.005,34.162,-0.23852,965.48,43.518,-3.1832,30.193,-10.434,21.932,7.1142,15.885,-4.4109,13.501,13.622,-10.499,13.26,13.26,13.26,0.26504,-0.076859,-0.23882,-7.3525,11.186,48.865,-15.747,18.891,3.0937,19.839,29.985,54.837,-35.519,-21.827,19.04,102.13,57.435,-7.7873,3.278,-38.733,9.6565,9.6565,9.6565,0.45599
-126.48,-139.06,25.698,-1.7646,-9.9251,-153.63,-6.3205,43.518,822.67,9.2313,-61.663,15.859,-54.406,30.507,-32.97,8.9662,-30.821,17.145,74.943,-60.761,-60.761,-60.761,-0.35192,-81.251,-78.9,45.296,-0.73735,-41.418,-71.856,-15.915,10.364,-103.74,-51.67,-26.628,-3.7715,38.289,-69.319,-13.338,10.088,15.316,-0.9944,77.616,-45.742,-45.742,-45.742,1.6064
7.0965,6.694,-0.78493,4.3828,-9.99,11.848,1.577,-3.1832,9.2313,996.82,18.36,5.1736,19.292,2.9422,-4.4294,6.3181,-5.0112,5.2283,-4.5416,10.683,10.683,10.683,0.29847,-8.9544,-9.1465,-1.4897,0.12455,0.71295,-8.3483,0.24024,-1.5195,-13.716,20.634,-7.4579,-6.9472,4.4599,11.337,-1.5108,-5.6948,4.5408,-0.28565,-6.2299,8.8263,8.8263,8.8263,0.27557
-46.045,-42.774,5.0245,-24.258,37.067,-57.47,-13.152,30.193,-61.663,18.36,879.2,-14.559,-119.67,0.32802,30.31,-24.046,35.195,-17.08,29.055,-67.959,-67.959,-67.959,-1.9685,64.374,65.084,2.5877,-6.4133,-18.528,69.962,-1.6064,35.908,58.729,-119.08,-2.4338,84.988,3.2663,-72.929,-16.709,16.568,35.386,-21.871,30.988,-53.591,-53.591,-53.591,-1.6426
9.5633,11.641,-3.1364,-9.5472,40.464,-9.3268,1.6471,-10.434,15.859,5.1736,-14.559,971.7,-23.945,-21.453,2.5816,-26.751,2.0353,-20.117,-5.6025,-6.7256,-6.7256,-6.7256,-0.3133,21.455,22.289,2.9955,4.0199,15.873,11.66,0.24165,-26.378,68.09,-34.958,68.407,-33.134,-35.818,-12.58,26.613,17.478,-70.172,30.684,9.3452,-8.4424,-8.4424,-8.4424,-0.78816
-41.566,-38.507,4.7308,-27.111,48.204,-57.707,-12.769,21.932,-54.406,19.292,-119.67,-23.945,877.42,-1.6239,30.606,-31.912,34.893,-17.637,27.562,-68.554,-68.554,-68.554,-1.9869,67.252,68.355,3.9212,-3.3741,-6.4999,67.706,1.0836,28.433,78.36,-123.38,28.118,65.993,-7.8495,-76.171,9.7675,30.639,14.281,-10.299,29.438,-54.956,-54.956,-54.956,-1.7
19.895,25.972,-9.026,-2.4121,73.257,-46.116,12.485,7.1142,30.507,2.9422,0.32802,-21.453,-1.6239,839.17,75.768,-25.202,75.569,-157.55,-15.121,16.079,16.079,16.079,-0.14683,-14.285,-20.024,-10.573,8.632,-5.3778,-31.749,-3.9018,-52.358,19.589,-44.607,-58.105,42.061,-149.98,108.65,-105.78,32.36,-156.88,-51.31,3.0601,3.5871,3.5871,3.5871,-1.6748
-20.411,-22.337,0.58015,13.607,-32.712,-2.0111,6.0472,15.885,-32.97,-4.4294,30.31,2.5816,30.606,75.768,883.09,5.477,-117.8,79.158,-0.36579,12.196,12.196,12.196,0.96503,-21.281,-15.57,28.671,-14.69,-46.269,0.21115,-32.235,-45.856,-0.1586,28.97,60.556,-106.77,95.035,-76.581,-50.415,-119.13,-19.879,108.58,63.713,12.874,12.874,12.874,0.79927
4.7321,7.3654,-2.9907,-10.267,41.395,-15.35,1.0314,-4.4109,8.9662,6.3181,-24.046,-26.751,-31.912,-25.202,5.477,973.39,5.5207,-25.584,-3.3991,-11.062,-11.062,-11.062,-0.45168,24.806,25.448,2.7989,2.3961,8.8489,17.141,-1.6442,-23.543,66.451,-43.984,55.919,-19.713,-35.144,-14.652,10.502,12.392,-65.657,24.852,13.663,-11.804,-11.804,-11.804,-0.94912
-18.914,-21.182,0.62948,14.167,-32.755,-1.0175,6.5592,13.501,-30.821,-5.0112,35.195,2.0353,34.893,75.569,-117.8,5.5207,881.03,79.801,-1.0225,14.432,14.432,14.432,1.0426,-24.632,-18.903,29.059,-13.799,-43.531,-4.2548,-31.601,-48.003,-1.196,33.193,64.73,-112.93,93.13,-74.042,-44.803,-116.52,-24.014,110.52,62.303,14.519,14.519,14.519,0.8854
10.277,16.49,-7.6331,-4.9487,73.849,-55.399,10.232,13.622,17.145,5.2283,-17.08,-20.117,-17.637,-157.55,79.158,-25.584,79.801,842.77,-9.2455,5.8581,5.8581,5.8581,-0.41214,-7.773,-13.45,-9.9404,7.0379,-10.927,-22.948,-4.5589,-43.814,19.484,-59.218,-66.775,58.662,-144.25,97.787,-112.27,32.089,-142.95,-57.8,7.9031,-4.0568,-4.0568,-4.0568,-1.8165
54.193,60.93,-13.019,3.7276,2.2599,65.796,4.9268,-10.499,74.943,-4.5416,29.055,-5.6025,27.562,-15.121,-0.36579,-3.3991,-1.0225,-9.2455,964.11,30.483,30.483,30.483,0.2651,35.635,34.974,-17.289,-4.0467,1.3665,37.05,-1.6708,-15.61,46.258,21.591,3.9094,-2.5891,-8.1498,26.016,-32.618,-35.178,-17.048,12.144,-20.072,23.142,23.142,23.142,-0.86877
-44.912,-47.187,8.9834,-14.211,16.234,-53.36,-9.1824,13.26,-60.761,10.683,-67.959,-6.7256,-68.554,16.079,12.196,-11.062,14.432,5.8581,30.483,953.37,-46.635,-46.635,-1.0312,14.737,15.79,9.8102,0.43727,-0.92411,14.615,2.8808,25.503,11.833,-62.718,14.041,30.392,8.0748,-51.854,31.021,32.842,26.519,-9.9551,19.967,-36.195,-36.195,-36.195,-0.23926
-44.912,-47.187,8.9834,-14.211,16.234,-53.36,-9.1824,13.26,-60.761,10.683,-67.959,-6.7256,-68.554,16.079,12.196,-11.062,14.432,5.8581,30.483,-46.635,953.37,-46.635,-1.0312,14.737,15.79,9.8102,0.43727,-0.92411,14.615,2.8808,25.503,11.833,-62.718,14.041,30.392,8.0748,-51.854,31.021,32.842,26.519,-9.9551,19.967,-36.195,-36.195,-36.195,-0.23926
-44.912,-47.187,8.9834,-14.211,16.234,-53.36,-9.1824,13.26,-60.761,10.683,-67.959,-6.7256,-68.554,16.079,12.196,-11.062,14.432,5.8581,30.483,-46.635,-46.635,953.37,-1.0312,14.737,15.79,9.8102,0.43727,-0.92411,14.615,2.8808,25.503,11.833,-62.718,14.041,30.392,8.0748,-51.854,31.021,32.842,26.519,-9.9551,19.967,-36.195,-36.195,-36.195,-0.23926
-0.29805,-0.20318,0.010818,-0.46788,0.72022,-0.38863,-0.24488,0.26504,-0.35192,0.29847,-1.9685,-0.3133,-1.9869,-0.14683,0.96503,-0.45168,1.0426,-0.41214,0.2651,-1.0312,-1.0312,-1.0312,999.96,1.4846,1.4771,-0.19699,-0.051482,0.057061,1.4724,0.16782,0.81016,1.3917,-1.9173,0.018778,1.7395,-0.24988,-0.89634,0.22341,0.71669,0.79531,-0.66854,0.010347,-0.82229,-0.82229,-0.82229,-0.034065
-57.222,-71.182,16.936,18.642,-24.224,-86.211,8.3559,-0.076859,-81.251,-8.9544,64.374,21.455,67.252,-14.285,-21.281,24.806,-24.632,-7.773,35.635,14.737,14.737,14.737,1.4846,861.72,-138.93,30.759,12.979,0.18158,-146.53,-3.2169,-27.189,-144.99,63.334,-28.543,-70.633,-19.279,46.524,20.77,36.118,-50.137,-7.0382,20.912,11.081,11.081,11.081,2.7769
-55.593,-69.381,16.672,18.767,-23.499,-85.701,8.498,-0.23882,-78.9,-9.1465,65.084,22.289,68.355,-20.024,-15.57,25.448,-18.903,-13.45,34.974,15.79,15.79,15.79,1.4771,-138.93,860.03,29.111,13.502,1.0189,-147.89,-2.1868,-25.898,-147.75,63.925,-35.527,-64.65,-24.648,53.285,18.342,39.767,-50.136,-13.449,17.831,11.721,11.721,11.721,2.7467
32.257,36.241,-6.3171,-1.3367,-2.366,44.192,-1.4446,-7.3525,45.296,-1.4897,2.5877,2.9955,3.9212,-10.573,28.671,2.7989,29.059,-9.9404,-17.289,9.8102,9.8102,9.8102,-0.19699,30.759,29.111,981.22,-0.46075,10.26,29.66,8.8094,18.083,16.865,7.6255,-24.801,40.055,-9.6873,24.731,-1.5737,7.6,29.945,-27.968,-31.528,7.8411,7.8411,7.8411,-0.56956
0.41748,2.5885,-2.4191,1.8663,-7.3986,7.8484,0.16578,11.186,-0.73735,0.12455,-6.4133,4.0199,-3.3741,8.632,-14.69,2.3961,-13.799,7.0379,-4.0467,0.43727,0.43727,0.43727,-0.051482,12.979,13.502,-0.46075,993.16,-19.952,21.734,-8.3367,-1.0675,5.5005,-4.5104,-14.152,9.7225,21.609,-13.344,-41.973,-37.755,12.553,8.442,11.502,1.2723,1.2723,1.2723,-0.31364
-26.429,-22.192,-3.1535,9.9315,-15.374,-26.464,4.5776,48.865,-41.418,0.71295,-18.528,15.873,-6.4999,-5.3778,-46.269,8.8489,-43.531,-10.927,1.3665,-0.92411,-0.92411,-0.92411,0.057061,0.18158,1.0189,10.26,-19.952,920.01,27.256,-34.681,-22.17,-22.136,-21.685,-72.843,26.547,44.041,-24.097,-174.3,-119.99,-3.285,18.749,60.279,0.61583,0.61583,0.61583,-0.67476
-51.956,-67.537,18.312,14.664,-7.5511,-92.663,8.5648,-15.747,-71.856,-8.3483,69.962,11.66,67.706,-31.749,0.21115,17.141,-4.2548,-22.948,37.05,14.615,14.615,14.615,1.4724,-146.53,-147.89,29.66,21.734,27.256,832.89,7.3455,-29.848,-136.95,62.819,-3.0857,-83.47,-54.135,64.236,72.472,84.147,-76.895,-14.774,5.8744,9.2101,9.2101,9.2101,2.9153
-10.068,-8.2521,-2.1376,4.713,0.078857,-14.913,4.1678,18.891,-15.915,0.24024,-1.6064,0.24165,1.0836,-3.9018,-32.235,-1.6442,-31.601,-4.5589,-1.6708,2.8808,2.8808,2.8808,0.16782,-3.2169,-2.1868,8.8094,-8.3367,-34.681,7.3455,981.44,-25.185,2.8334,-9.7401,-8.4632,-13.702,15.706,-15.244,-74.9,-59.269,-28.928,27.826,34.782,2.1419,2.1419,2.1419,-0.31078
7.7421,9.9002,-6.767,6.9263,38.552,-29.312,15.276,3.0937,10.364,-1.5195,35.908,-26.378,28.433,-52.358,-45.856,-23.543,-48.003,-43.814,-15.61,25.503,25.503,25.503,0.81016,-27.189,-25.898,18.083,-1.0675,-22.17,-29.848,-25.185,911.26,40.364,-5.1104,57.285,-94.623,-43.141,12.526,-73.663,-56.048,-161.03,73.903,50.143,15.085,15.085,15.085,-0.4878
-71.011,-86.371,21.484,27.403,-85.865,-64.258,0.62423,19.839,-103.74,-13.716,58.729,68.09,78.36,19.589,-0.1586,66.451,-1.196,19.484,46.258,11.833,11.833,11.833,1.3917,-144.99,-147.75,16.865,5.5005,-22.136,-136.95,2.8334,40.364,758.66,97.253,-157.23,28.948,37.374,61.777,-17.657,23.52,99.285,-82.825,-6.2763,14.334,14.334,14.334,3.5273
-39.699,-34.157,0.93448,-26.423,73.035,-77.885,-6.782,29.985,-51.67,20.634,-119.08,-34.958,-123.38,-44.607,28.97,-43.984,33.193,-59.218,21.591,-62.718,-62.718,-62.718,-1.9173,63.334,63.925,7.6255,-4.5104,-21.685,62.819,-9.7401,-5.1104,97.253,857.66,28.188,55.066,-41.782,-60.743,-45.936,10.287,-55.811,2.1181,50.68,-53.229,-53.229,-53.229,-2.3327
-15.038,-11.674,-0.85323,19.697,-59.462,-1.9738,-0.12767,54.837,-26.628,-7.4579,-2.4338,68.407,28.118,-58.105,60.556,55.919,64.73,-66.775,3.9094,14.041,14.041,14.041,0.018778,-28.543,-35.527,-24.801,-14.152,-72.843,-3.0857,-8.4632,57.285,-157.23,28.188,723.62,188.21,7.2784,96.127,-209.21,-53.74,124.63,-144.21,-17.565,14.292,14.292,14.292,-0.043296
-2.8611,-11.251,3.6595,9.9971,11.919,-20.617,13.584,-35.519,-3.7715,-6.9472,84.988,-33.134,65.993,42.061,-106.77,-19.713,-112.93,58.662,-2.5891,30.392,30.392,30.392,1.7395,-70.633,-64.65,40.055,9.7225,26.547,-83.47,-13.702,-94.623,28.948,55.066,188.21,773.26,10.207,-39.111,98.72,-17.331,-151.83,146.64,43.616,21.745,21.745,21.745,1.7595
23.199,25.237,-4.3865,-10.667,87.737,-47.324,8.9944,-21.827,38.289,4.4599,3.2663,-35.818,-7.8495,-149.98,95.035,-35.144,93.13,-144.25,-8.1498,8.0748,8.0748,8.0748,-0.24988,-19.279,-24.648,-9.6873,21.609,44.041,-54.135,15.706,-43.141,37.374,-41.782,7.2784,10.207,826.53,106.34,14.399,109.78,-165.06,-49.874,-22.463,-3.6381,-3.6381,-3.6381,-1.1389
-49.289,-50.632,7.4134,-13.076,-7.174,-25.748,-11.117,19.04,-69.319,11.337,-72.929,-12.58,-76.171,108.65,-76.581,-14.652,-74.042,97.787,26.016,-51.854,-51.854,-51.854,-0.89634,46.524,53.285,24.731,-13.344,-24.097,64.236,-15.244,12.526,61.777,-60.743,96.127,-39.111,106.34,850.5,34.072,-53.542,53.454,83.027,57.809,-36.353,-36.353,-36.353,-0.17409
-2.9507,14.567,-21.329,24.249,-2.615,-22.552,18.836,102.13,-13.338,-1.5108,-16.709,26.613,9.7675,-105.78,-50.415,10.502,-44.803,-112.27,-32.618,31.021,31.021,31.021,0.22341,20.77,18.342,-1.5737,-41.973,-174.3,72.472,-74.9,-73.663,-17.657,-45.936,-209.21,98.72,14.399,34.072,540.97,-264.91,-75.807,4.3982,105.82,22.679,22.679,22.679,-2.9088
13.494,24.869,-16.819,21.898,-40.122,43.557,11.511,57.435,10.088,-5.6948,16.568,17.478,30.639,32.36,-119.13,12.392,-116.52,32.089,-35.178,32.842,32.842,32.842,0.71669,36.118,39.767,7.6,-37.755,-119.99,84.147,-59.269,-56.048,23.52,10.287,-53.74,-17.331,109.78,-53.542,-264.91,752.93,-7.1838,90.6,82.345,29.334,29.334,29.334,-1.3178
8.1981,11.134,-9.1657,-1.7167,121.53,-95.641,26.032,-7.7873,15.316,4.5408,35.386,-70.172,14.281,-156.88,-19.879,-65.657,-24.014,-142.95,-17.048,26.519,26.519,26.519,0.79531,-50.137,-50.136,29.945,12.553,-3.285,-76.895,-28.928,-161.03,99.285,-55.811,124.63,-151.83,-165.06,53.454,-75.807,-7.1838,648.99,97.54,75.912,7.1943,7.1943,7.1943,-1.4108
-1.6605,-2.4432,4.3923,-2.7283,-12.909,-1.6442,-8.0235,3.278,-0.9944,-0.28565,-21.871,30.684,-10.299,-51.31,108.58,24.852,110.52,-57.8,12.144,-9.9551,-9.9551,-9.9551,-0.66854,-7.0382,-13.449,-27.968,8.442,18.749,-14.774,27.826,73.903,-82.825,2.1181,-144.21,146.64,-49.874,83.027,4.3982,90.6,97.54,858.69,-62.962,-7.434,-7.434,-7.434,0.08802
54.225,54.671,-3.8537,-1.7946,-17.021,79.81,-5.1332,-38.733,77.616,-6.2299,30.988,9.3452,29.438,3.0601,63.713,13.663,62.303,7.9031,-20.072,19.967,19.967,19.967,0.010347,20.912,17.831,-31.528,11.502,60.279,5.8744,34.782,50.143,-6.2763,50.68,-17.565,43.616,-22.463,57.809,105.82,82.345,75.912,-62.962,913.03,16.702,16.702,16.702,0.32735
-34.089,-35.606,6.5798,-11.851,19.15,-45.566,-6.4062,9.6565,-45.742,8.8263,-53.591,-8.4424,-54.956,3.5871,12.874,-11.804,14.519,-4.0568,23.142,-36.195,-36.195,-36.195,-0.82229,11.081,11.721,7.8411,1.2723,0.61583,9.2101,2.1419,15.085,14.334,-53.229,14.292,21.745,-3.6381,-36.353,22.679,29.334,7.1943,-7.434,16.702,971.23,-28.767,-28.767,-0.29278
-34.089,-35.606,6.5798,-11.851,19.15,-45.566,-6.4062,9.6565,-45.742,8.8263,-53.591,-8.4424,-54.956,3.5871,12.874,-11.804,14.519,-4.0568,23.142,-36.195,-36.195,-36.195,-0.82229,11.081,11.721,7.8411,1.2723,0.61583,9.2101,2.1419,15.085,14.334,-53.229,14.292,21.745,-3.6381,-36.353,22.679,29.334,7.1943,-7.434,16.702,-28.767,971.23,-28.767,-0.29278
-34.089,-35.606,6.5798,-11.851,19.15,-45.566,-6.4062,9.6565,-45.742,8.8263,-53.591,-8.4424,-54.956,3.5871,12.874,-11.804,14.519,-4.0568,23.142,-36.195,-36.195,-36.195,-0.82229,11.081,11.721,7.8411,1.2723,0.61583,9.2101,2.1419,15.085,14.334,-53.229,14.292,21.745,-3.6381,-36.353,22.679,29.334,7.1943,-7.434,16.702,-28.767,-28.767,971.23,-0.29278
1.1227,1.5188,-0.47926,-0.40343,1.527,0.78774,0.022007,0.45599,1.6064,0.27557,-1.6426,-0.78816,-1.7,-1.6748,0.79927,-0.94912,0.8854,-1.8165,-0.86877,-0.23926,-0.23926,-0.23926,-0.034065,2.7769,2.7467,-0.56956,-0.31364,-0.67476,2.9153,-0.31078,-0.4878,3.5273,-2.3327,-0.043296,1.7595,-1.1389,-0.17409,-2.9088,-1.3178,-1.4108,0.08802,0.32735,-0.29278,-0.29278,-0.29278,999.91
