413.24,374.63,-160.28,176.23,339.43,116.33,288.66,134.5,244.17,272.85,285.65,869.57,778.1,502.56,160.03,455.27,706.85,362.16,-371.58,58.576,58.576,58.576,26.467,-321.71,-71598,-85.814,-232.16,124.6,64.008,94.792,84.326,71.481,16.831,38.486,94.782,64.503,735.33,337.94,295.31,516.7,578.7,423.23,71.31,586.94,709.44,-205.02,371.4,371.4,371.4,0.1512,61.5,69596,5.617,-118.43
356.31,294.78,-242.47,117.08,243.74,37.48,220.86,67.51,124.45,185.13,26.773,596.8,388.82,251.22,8.4692,208.03,379.28,150.5,-456.15,-51.366,-51.366,-51.366,11.424,-412.2,-1.8504e+05,-280.12,-690.2,87.633,43.848,23.657,25.076,25.305,0.93148,31.951,64.82,11.558,523.08,8.3483,6.4307,10.451,298.17,69.36,1.3467,110.91,229.1,-348.7,300.28,300.28,300.28,0.0028561,9.7292,-1.1269e+05,-490.17,-317.65
457.58,450.09,-82.464,247.91,437.78,235.33,387.44,209.24,340.16,376.08,747.01,967.88,933.23,921.23,276.4,890.56,912.91,802.35,-291.28,123.57,123.57,123.57,45.912,-191.65,1.762e+05,264.78,-23.529,210.31,98.121,205.69,195.04,88.857,63.677,51.387,167.89,121.57,999.94,760.59,847.67,850.77,807.28,706.45,210.38,950.4,993.83,4.1512,433.92,433.92,433.92,0.62624,154.01,1.9136e+05,373.53,50.98
0.9971,-0.003754,-0.0016257,0.00044593,-0.0027673,-6.6711e-05,-0.0034667,-0.0053071,0.0033381,-0.0027889,-0.014131,0.0096522,0.0043459,-0.0060231,0.010465,0.0006757,0.015337,-0.017999,-0.0037784,-1.1992e-07,-1.1992e-07,-1.1992e-07,-0.00091685,0.0048381,-0.00017083,-0.017334,0.01075,-0.0032739,0.0011871,-0.0047801,-0.0047919,0.00061745,-0.00052441,-0.00012451,-0.0023153,-0.0028614,0.0080646,-0.00034136,-0.016388,-0.0090836,0.010507,-0.0030375,0.00081595,-0.013128,0.007642,-0.010594,8.7812e-05,8.7812e-05,8.7812e-05,-1.793e-05,-0.0037557,0.00017544,0.01196,0.014929
-0.003754,0.99495,-0.0027008,0.0012226,-0.0044876,0.00094625,-0.0050177,-0.006577,0.0050068,-0.0034533,-0.021242,0.013937,0.0016234,-0.0035135,0.012577,0.0050639,0.017206,-0.024966,-0.0050776,-0.00070929,-0.00070929,-0.00070929,-0.0012786,0.0065767,-6.5903e-05,-0.022358,0.0098894,-0.0046728,0.0015404,-0.0066117,-0.0066616,0.00063622,-0.00046878,-0.00011189,-0.003456,-0.0038321,0.012262,-0.0052928,-0.021739,-0.015703,0.013606,-0.00068311,0.00094815,-0.014077,0.0074506,-0.014491,-0.0001542,-0.0001542,-0.0001542,-2.5426e-05,-0.0051648,0.00030088,0.019931,0.018235
-0.0016257,-0.0027008,0.99719,0.0023129,-0.0044334,0.0032675,-0.0036209,-0.0020087,0.0040476,-0.0010462,-0.017286,0.009975,-0.010395,0.010364,0.0027059,0.013781,3.9819e-05,-0.015329,-0.0026945,-0.0022694,-0.0022694,-0.0022694,-0.00080246,0.00369,0.0003046,-0.0093648,-0.0069184,-0.0032089,0.00067089,-0.0040104,-0.0041276,-0.00017901,0.00038107,8.8592e-05,-0.0027535,-0.0019981,0.010308,-0.015713,-0.010779,-0.017664,0.0058495,0.0087105,0.00010701,0.0020463,-0.0035714,-0.0083682,-0.00080849,-0.00080849,-0.00080849,-1.7044e-05,-0.0030548,0.00022331,0.020877,0.0047979
0.00044593,0.0012226,0.0023129,0.99769,0.0035552,-0.0035809,0.0023534,-0.00023769,-0.0028757,-0.00013506,0.012338,-0.0064368,0.013277,-0.014008,0.0018325,-0.014667,0.0069515,0.0084474,0.0012047,0.0024657,0.0024657,0.0024657,0.00045381,-0.001803,-0.00029768,0.0022703,0.01242,0.0019937,-0.00018759,0.0021776,0.0022997,0.00047608,-0.00065321,-0.00015304,0.001936,0.00086616,-0.0075224,0.016917,0.0042381,0.015051,-0.0015643,-0.01085,0.00025592,-0.0082103,0.0073656,0.0042613,0.00091854,0.00091854,0.00091854,1.0343e-05,0.0016065,-5.4743e-05,-0.01723,0.001595
-0.0027673,-0.0044876,-0.0044334,0.0035552,0.99299,0.0049506,-0.0058536,-0.0035989,0.0064874,-0.0018772,-0.027693,0.016136,-0.01532,0.015098,0.0051921,0.020979,0.0016533,-0.025126,-0.0044805,-0.0034427,-0.0034427,-0.0034427,-0.0013127,0.006101,-0.0001013,-0.016008,-0.0093799,-0.0052085,0.0011412,-0.006581,-0.0067602,-0.00020734,0.00052356,0.00012144,-0.004418,-0.0033288,0.016477,-0.023873,-0.018056,-0.027743,0.0099666,0.012899,0.00024679,0.0017398,-0.0046234,-0.013797,-0.0012174,-0.0012174,-0.0012174,-2.7721e-05,-0.0050247,5.9388e-05,0.032916,0.0088302
-6.6711e-05,0.00094625,0.0032675,-0.0035809,0.0049506,0.99424,0.0028358,-0.001813,-0.0037073,-0.00096885,0.015959,-0.0077104,0.022451,-0.024074,0.0057609,-0.023322,0.015279,0.0086803,0.00091079,0.0039511,0.0039511,0.0039511,0.00047988,-0.0015839,0.00013711,-0.0010399,0.022806,0.0023115,1.9661e-05,0.0021999,0.0023922,0.00092944,-0.0011882,-0.00027882,0.0024777,0.00061597,-0.0098789,0.027018,0.0023705,0.021668,0.00032788,-0.018206,0.00063073,-0.016699,0.013865,0.0039705,0.0014956,0.0014956,0.0014956,1.1736e-05,0.0015609,0.00042034,-0.024384,0.0065846
-0.0034667,-0.0050177,-0.0036209,0.0023534,-0.0058536,0.0028358,0.99437,-0.0054973,0.0059139,-0.0028806,-0.025168,0.015575,-0.0061201,0.0049148,0.0097327,0.012632,0.010801,-0.026156,-0.0050292,-0.0020021,-0.0020021,-0.0020021,-0.0013515,0.0066513,0.00013235,-0.020429,0.0014428,-0.0051289,0.0014252,-0.0068932,-0.007005,0.0002755,-3.1929e-05,-9.2455e-06,-0.0040544,-0.0037713,0.014754,-0.014101,-0.021012,-0.021959,0.012535,0.005552,0.00066713,-0.0074099,0.0022136,-0.014819,-0.00065162,-0.00065162,-0.00065162,-2.7622e-05,-0.0053312,0.00025712,0.026813,0.014712
-0.0053071,-0.006577,-0.0020087,-0.00023769,-0.0035989,-0.001813,-0.0054973,0.98978,0.0050066,-0.0053771,-0.021117,0.015361,0.014532,-0.018071,0.020803,-0.0056175,0.032496,-0.030317,-0.0066319,0.0011605,0.0011605,0.0011605,-0.0015333,0.0083692,3.7315e-06,-0.03196,0.026332,-0.0052993,0.0021737,-0.0080828,-0.0080477,0.0014005,-0.0013066,-0.00030927,-0.0035001,-0.0050444,0.011824,0.0073147,-0.029229,-0.01022,0.019282,-0.010896,0.0016753,-0.028879,0.018028,-0.018179,0.00059942,0.00059942,0.00059942,-2.9295e-05,-0.0063999,-2.1874e-05,0.014677,0.029196
0.0033381,0.0050068,0.0040476,-0.0028757,0.0064874,-0.0037073,0.0059139,0.0050066,0.99366,0.00262,0.026999,-0.016344,0.0096862,-0.0087947,-0.0084355,-0.016124,-0.0078678,0.026731,0.0050121,0.0025985,0.0025985,0.0025985,0.0013864,-0.0066921,-0.00049577,0.019564,0.0024383,0.0053438,-0.0013737,0.0070298,0.00717,-0.00010988,-0.00016893,-3.7944e-05,0.0043336,0.0037472,-0.015914,0.018164,0.020699,0.024856,-0.012056,-0.0084235,-0.00053869,0.0043527,0.00019205,0.014984,0.00088118,0.00088118,0.00088118,2.866e-05,0.0054132,3.1222e-05,-0.030004,-0.013107
-0.0027889,-0.0034533,-0.0010462,-0.00013506,-0.0018772,-0.00096885,-0.0028806,-0.0053771,0.00262,0.99717,-0.01105,0.0080492,0.0076987,-0.0095632,0.010946,-0.0030175,0.017117,-0.015905,-0.0034822,0.00062103,0.00062103,0.00062103,-0.00080431,0.0043934,-0.00049679,-0.016795,0.013899,-0.0027779,0.0011421,-0.0042407,-0.0042219,0.0007386,-0.00069,-0.00016331,-0.0018321,-0.0026487,0.0061858,0.0039189,-0.015353,-0.0053109,0.010133,-0.0057757,0.0008819,-0.015221,0.0095122,-0.0095412,0.00031955,0.00031955,0.00031955,-1.5359e-05,-0.0033582,0.00038501,0.0076431,0.015359
-0.014131,-0.021242,-0.017286,0.012338,-0.027693,0.015959,-0.025168,-0.021117,0.026999,-0.01105,0.88496,0.069553,-0.042032,0.038331,0.035456,0.069332,0.03262,-0.11358,-0.021263,-0.011181,-0.011181,-0.011181,-0.005892,0.028407,0.0010956,-0.082788,-0.011358,-0.022731,0.0058156,-0.029865,-0.030467,0.00042329,0.00076895,0.00017324,-0.018461,-0.015894,0.067832,-0.078133,-0.087751,-0.10623,0.051031,0.03649,0.0022515,-0.017676,-0.0014392,-0.063627,-0.0037989,-0.0037989,-0.0037989,-0.00012188,-0.022991,-0.0014342,0.12815,0.055201
0.0096522,0.013937,0.009975,-0.0064368,0.016136,-0.0077104,0.015575,0.015361,-0.016344,0.0080492,0.069553,0.95689,0.01632,-0.012914,-0.027277,-0.03442,-0.030554,0.072535,0.01397,0.0054468,0.0054468,0.0054468,0.0037468,-0.018464,-0.00048185,0.056902,-0.0047453,0.014203,-0.003968,0.019119,0.019423,-0.00079651,0.00012677,3.4642e-05,0.011207,0.010479,-0.040754,0.038389,0.058415,0.060432,-0.034904,-0.014872,-0.001877,0.021162,-0.0066049,0.041124,0.0017666,0.0017666,0.0017666,7.6517e-05,0.014791,0.00033036,-0.07386,-0.041164
0.0043459,0.0016234,-0.010395,0.013277,-0.01532,0.022451,-0.0061201,0.014532,0.0096862,0.0076987,-0.042032,0.01632,0.90668,0.10199,-0.037143,0.089619,-0.080986,-0.0083063,0.0017954,-0.015344,-0.015344,-0.015344,-0.00056955,-0.00067709,-0.00011198,0.028505,-0.10374,-0.0043559,-0.0017521,-0.0017964,-0.0025268,-0.004481,0.0053546,0.0012586,-0.0063543,0.0016467,0.026983,-0.10444,0.013925,-0.07133,-0.016103,0.074994,-0.0036008,0.083381,-0.06463,-0.00046688,-0.0059318,-0.0059318,-0.0059318,-2.027e-05,-0.00076064,-0.00091588,0.077815,-0.046643
-0.0060231,-0.0035135,0.010364,-0.014008,0.015098,-0.024074,0.0049148,-0.018071,-0.0087947,-0.0095632,0.038331,-0.012914,0.10199,0.88793,0.044724,-0.095653,0.093978,0.00038585,-0.0037093,0.016432,0.016432,0.016432,0.00017644,0.0030128,2.3065e-05,-0.038721,0.11618,0.0031169,0.0024375,-0.00033615,0.00044028,0.0050906,-0.0059821,-0.0014066,0.0057101,-0.0031162,-0.025083,0.11169,-0.02266,0.072091,0.022212,-0.081746,0.004242,-0.095498,0.072825,-0.0045089,0.0063941,0.0063941,0.0063941,1.323e-05,-0.00096103,0.0015782,-0.077677,0.057008
0.010465,0.012577,0.0027059,0.0018325,0.0051921,0.0057609,0.0097327,0.020803,-0.0084355,0.010946,0.035456,-0.027277,-0.037143,0.044724,0.95688,0.019941,-0.069748,0.056328,0.012698,-0.0037887,-0.0037887,-0.0037887,0.0028331,-0.015859,-0.00065214,0.063265,-0.060491,0.0095431,-0.0042833,0.015061,0.014919,-0.0031091,0.0030231,0.00071462,0.0059406,0.0096879,-0.019491,-0.024688,0.056592,0.011843,-0.038054,0.028375,-0.0035362,0.063173,-0.040746,0.034246,-0.001749,-0.001749,-0.001749,5.3152e-05,0.011994,-9.3825e-05,-0.019576,-0.059942
0.0006757,0.0050639,0.013781,-0.014667,0.020979,-0.023322,0.012632,-0.0056175,-0.016124,-0.0030175,0.069332,-0.03442,0.089619,-0.095653,0.019941,0.90521,0.056947,0.041081,0.0049282,0.016022,0.016022,0.016022,0.0022455,-0.0080038,0.00022452,0.001448,0.088965,0.010443,-0.00030816,0.010483,0.011266,0.0035672,-0.0046469,-0.00109,0.010804,0.0034328,-0.042695,0.10967,0.014967,0.090834,-0.0021037,-0.072836,0.0022907,-0.063425,0.053725,0.019563,0.006036,0.006036,0.006036,5.345e-05,0.0075568,0.0012595,-0.10279,0.021823
0.015337,0.017206,3.9819e-05,0.0069515,0.0016533,0.015279,0.010801,0.032496,-0.0078678,0.017117,0.03262,-0.030554,-0.080986,0.093978,-0.069748,0.056947,0.88005,0.071751,0.017425,-0.010246,-0.010246,-0.010246,0.0035571,-0.021229,-0.00088702,0.093482,-0.11545,0.011151,-0.0062685,0.019329,0.018892,-0.0056438,0.0058276,0.0013751,0.0057001,0.013389,-0.016612,-0.068284,0.079676,-0.0086294,-0.055873,0.063129,-0.0059094,0.11206,-0.075978,0.045185,-0.0043374,-0.0043374,-0.0043374,6.3467e-05,0.015622,-0.00048422,0.00060042,-0.095262
-0.017999,-0.024966,-0.015329,0.0084474,-0.025126,0.0086803,-0.026156,-0.030317,0.026731,-0.015905,-0.11358,0.072535,-0.0083063,0.00038585,0.056328,0.041081,0.071751,0.87375,-0.025063,-0.0062452,-0.0062452,-0.0062452,-0.0064908,0.032752,0.00072844,-0.10674,0.03118,-0.024122,0.0073916,-0.033364,-0.033742,0.0023913,-0.0014007,-0.0003378,-0.018392,-0.018865,0.066031,-0.044828,-0.10621,-0.09103,0.065172,0.0097767,0.0041057,-0.055693,0.025868,-0.072512,-0.0018157,-0.0018157,-0.0018157,-0.00013065,-0.02595,-0.00063243,0.11332,0.082937
-0.0037784,-0.0050776,-0.0026945,0.0012047,-0.0044805,0.00091079,-0.0050292,-0.0066319,0.0050121,-0.0034822,-0.021263,0.01397,0.0017954,-0.0037093,0.012698,0.0049282,0.017425,-0.025063,0.9949,-0.00068541,-0.00068541,-0.00068541,-0.0012832,0.0066071,4.2185e-05,-0.022508,0.010117,-0.0046859,0.0015504,-0.006638,-0.0066868,0.00064694,-0.0004803,-0.00011461,-0.0034601,-0.003852,0.012268,-0.0051321,-0.021861,-0.015646,0.013695,-0.00081849,0.00095879,-0.014287,0.0075977,-0.014555,-0.00014444,-0.00014444,-0.00014444,-2.5503e-05,-0.0051864,0.00035581,0.019883,0.018398
-1.1992e-07,-0.00070929,-0.0022694,0.0024657,-0.0034427,0.0039511,-0.0020021,0.0011605,0.0025985,0.00062103,-0.011181,0.0054468,-0.015344,0.016432,-0.0037887,0.016022,-0.010246,-0.0062452,-0.00068541,0.99729,-0.0027129,-0.0027129,-0.00034398,0.0011642,0.00043032,0.00043839,-0.015486,-0.0016389,5.292e-06,-0.0015861,-0.0017184,-0.00062839,0.00080751,0.00018947,-0.0017379,-0.00046825,0.0069101,-0.018555,-0.0018867,-0.01502,-5.8728e-05,0.012452,-0.00041973,0.011257,-0.0093984,-0.0028938,-0.0010255,-0.0010255,-0.0010255,-8.3421e-06,-0.0011313,9.0713e-05,0.016931,-0.0042837
-1.1992e-07,-0.00070929,-0.0022694,0.0024657,-0.0034427,0.0039511,-0.0020021,0.0011605,0.0025985,0.00062103,-0.011181,0.0054468,-0.015344,0.016432,-0.0037887,0.016022,-0.010246,-0.0062452,-0.00068541,-0.0027129,0.99729,-0.0027129,-0.00034398,0.0011642,0.00043032,0.00043839,-0.015486,-0.0016389,5.292e-06,-0.0015861,-0.0017184,-0.00062839,0.00080751,0.00018947,-0.0017379,-0.00046825,0.0069101,-0.018555,-0.0018867,-0.01502,-5.8728e-05,0.012452,-0.00041973,0.011257,-0.0093984,-0.0028938,-0.0010255,-0.0010255,-0.0010255,-8.3421e-06,-0.0011313,9.0713e-05,0.016931,-0.0042837
-1.1992e-07,-0.00070929,-0.0022694,0.0024657,-0.0034427,0.0039511,-0.0020021,0.0011605,0.0025985,0.00062103,-0.011181,0.0054468,-0.015344,0.016432,-0.0037887,0.016022,-0.010246,-0.0062452,-0.00068541,-0.0027129,-0.0027129,0.99729,-0.00034398,0.0011642,0.00043032,0.00043839,-0.015486,-0.0016389,5.292e-06,-0.0015861,-0.0017184,-0.00062839,0.00080751,0.00018947,-0.0017379,-0.00046825,0.0069101,-0.018555,-0.0018867,-0.01502,-5.8728e-05,0.012452,-0.00041973,0.011257,-0.0093984,-0.0028938,-0.0010255,-0.0010255,-0.0010255,-8.3421e-06,-0.0011313,9.0713e-05,0.016931,-0.0042837
-0.00091685,-0.0012786,-0.00080246,0.00045381,-0.0013127,0.00047988,-0.0013515,-0.0015333,0.0013864,-0.00080431,-0.005892,0.0037468,-0.00056955,0.00017644,0.0028331,0.0022455,0.0035571,-0.0064908,-0.0012832,-0.00034398,-0.00034398,-0.00034398,0.99967,0.0016795,-4.7009e-05,-0.005433,0.0014404,-0.0012444,0.00037657,-0.0017147,-0.0017352,0.00011583,-6.3665e-05,-1.5403e-05,-0.00095345,-0.00096541,0.0034296,-0.0024606,-0.0054283,-0.0047806,0.0033194,0.00061693,0.0002051,-0.0027295,0.0012281,-0.0037214,-0.00010223,-0.00010223,-0.00010223,-6.735e-06,-0.0013326,-1.9943e-06,0.0059337,0.0041838
0.0048381,0.0065767,0.00369,-0.001803,0.006101,-0.0015839,0.0066513,0.0083692,-0.0066921,0.0043934,0.028407,-0.018464,-0.00067709,0.0030128,-0.015859,-0.0080038,-0.021229,0.032752,0.0066071,0.0011642,0.0011642,0.0011642,0.0016795,0.99142,0.0003596,0.028773,-0.011317,0.0061732,-0.0019857,0.0086672,0.0087438,-0.00076206,0.00052975,0.00012674,0.0046142,0.0049818,-0.01644,0.0085325,0.028192,0.021623,-0.01753,-0.0002684,-0.0011831,0.017104,-0.0087359,0.018943,0.0002931,0.0002931,0.0002931,3.3537e-05,0.0067604,-0.00056346,-0.027248,-0.023105
-0.00017083,-6.5903e-05,0.0003046,-0.00029768,-0.0001013,0.00013711,0.00013235,3.7315e-06,-0.00049577,-0.00049679,0.0010956,-0.00048185,-0.00011198,2.3065e-05,-0.00065214,0.00022452,-0.00088702,0.00072844,4.2185e-05,0.00043032,0.00043032,0.00043032,-4.7009e-05,0.0003596,2.283e-05,0.0013593,-0.0010054,6.9194e-05,3.0867e-06,8.1245e-05,-5.5893e-06,0.0001968,-0.00020158,-4.9665e-05,0.00012577,8.7439e-06,0.0010307,0.00062598,-0.0020264,-0.0016606,0.001153,0.00028176,-0.00048688,-0.00082956,0.0018005,-0.00051847,0.00045074,0.00045074,0.00045074,7.7556e-07,0.00023976,-8.0723e-06,-0.00057971,-0.00011728
-0.017334,-0.022358,-0.0093648,0.0022703,-0.016008,-0.0010399,-0.020429,-0.03196,0.019564,-0.016795,-0.082788,0.056902,0.028505,-0.038721,0.063265,0.001448,0.093482,-0.10674,-0.022508,0.00043839,0.00043839,0.00043839,-0.005433,0.028773,0.0013593,0.89615,0.066873,-0.019334,0.0071064,-0.02836,-0.028409,0.0037978,-0.0032698,-0.00077601,-0.01358,-0.017055,0.047155,0.00096677,-0.097799,-0.051937,0.062906,-0.020207,0.0049537,-0.080418,0.04727,-0.062952,0.00069022,0.00069022,0.00069022,-0.00010599,-0.022302,-0.00058678,0.068858,0.090069
0.01075,0.0098894,-0.0069184,0.01242,-0.0093799,0.022806,0.0014428,0.026332,0.0024383,0.013899,-0.011358,-0.0047453,-0.10374,0.11618,-0.060491,0.088965,-0.11545,0.03118,0.010117,-0.015486,-0.015486,-0.015486,0.0014404,-0.011317,-0.0010054,0.066873,0.87167,0.0027998,-0.0043779,0.0086942,0.0079826,-0.0058795,0.0065566,0.0015439,-0.001324,0.0079518,0.0095105,-0.10466,0.050073,-0.052031,-0.039344,0.082369,-0.005428,0.11301,-0.082026,0.022814,-0.0061787,-0.0061787,-0.0061787,1.8954e-05,0.0074882,6.9901e-05,0.052247,-0.079891
-0.0032739,-0.0046728,-0.0032089,0.0019937,-0.0052085,0.0023115,-0.0051289,-0.0052993,0.0053438,-0.0027779,-0.022731,0.014203,-0.0043559,0.0031169,0.0095431,0.010443,0.011151,-0.024122,-0.0046859,-0.0016389,-0.0016389,-0.0016389,-0.0012444,0.0061732,6.9194e-05,-0.019334,0.0027998,0.99531,0.0013455,-0.0063628,-0.006456,0.00031848,-0.00010509,-2.6317e-05,-0.0036676,-0.0035181,0.013292,-0.011594,-0.019669,-0.019343,0.011844,0.0040873,0.00066891,-0.0080429,0.0029628,-0.013726,-0.00052031,-0.00052031,-0.00052031,-2.5312e-05,-0.0049298,-2.6598e-05,0.02375,0.014291
0.0011871,0.0015404,0.00067089,-0.00018759,0.0011412,1.9661e-05,0.0014252,0.0021737,-0.0013737,0.0011421,0.0058156,-0.003968,-0.0017521,0.0024375,-0.0042833,-0.00030816,-0.0062685,0.0073916,0.0015504,5.292e-06,5.292e-06,5.292e-06,0.00037657,-0.0019857,3.0867e-06,0.0071064,-0.0043779,0.0013455,0.99951,0.001963,0.001968,-0.00025192,0.00021343,5.0681e-05,0.00095265,0.0011741,-0.0033195,0.00017551,0.0067226,0.0037528,-0.0043075,0.0012216,-0.00033371,0.0053609,-0.003115,0.0043491,-3.3913e-05,-3.3913e-05,-3.3913e-05,7.3676e-06,0.0015421,0.00011768,-0.0049365,-0.0061126
-0.0047801,-0.0066117,-0.0040104,0.0021776,-0.006581,0.0021999,-0.0068932,-0.0080828,0.0070298,-0.0042407,-0.029865,0.019119,-0.0017964,-0.00033615,0.015061,0.010483,0.019329,-0.033364,-0.006638,-0.0015861,-0.0015861,-0.0015861,-0.0017147,0.0086672,8.1245e-05,-0.02836,0.0086942,-0.0063628,0.001963,0.99118,-0.0089153,0.0006519,-0.00039359,-9.4776e-05,-0.0048382,-0.0049976,0.017352,-0.01141,-0.028157,-0.023775,0.01731,0.0022641,0.0011015,-0.015092,0.0071212,-0.019181,-0.00045482,-0.00045482,-0.00045482,-3.4477e-05,-0.0068616,-0.00020304,0.029643,0.022141
-0.0047919,-0.0066616,-0.0041276,0.0022997,-0.0067602,0.0023922,-0.007005,-0.0080477,0.00717,-0.0042219,-0.030467,0.019423,-0.0025268,0.00044028,0.014919,0.011266,0.018892,-0.033742,-0.0066868,-0.0017184,-0.0017184,-0.0017184,-0.0017352,0.0087438,-5.5893e-06,-0.028409,0.0079826,-0.006456,0.001968,-0.0089153,0.99098,0.00062379,-0.00035638,-8.6047e-05,-0.0049324,-0.005032,0.017722,-0.012317,-0.028316,-0.024545,0.01735,0.0028593,0.0010844,-0.014596,0.0066941,-0.019365,-0.00050431,-0.00050431,-0.00050431,-3.4956e-05,-0.0069319,4.406e-05,0.030517,0.021993
0.00061745,0.00063622,-0.00017901,0.00047608,-0.00020734,0.00092944,0.0002755,0.0014005,-0.00010988,0.0007386,0.00042329,-0.00079651,-0.004481,0.0050906,-0.0031091,0.0035672,-0.0056438,0.0023913,0.00064694,-0.00062839,-0.00062839,-0.00062839,0.00011583,-0.00076206,0.0001968,0.0037978,-0.0058795,0.00031848,-0.00025192,0.0006519,0.00062379,0.99972,0.00029889,7.0442e-05,9.1169e-05,0.00050171,-0.00011917,-0.0042252,0.0030578,-0.001542,-0.0022542,0.0035319,-0.0002712,0.0054069,-0.0038067,0.0015888,-0.00025631,-0.00025631,-0.00025631,1.891e-06,0.00053881,-5.547e-05,0.0013714,-0.0041757
-0.00052441,-0.00046878,0.00038107,-0.00065321,0.00052356,-0.0011882,-3.1929e-05,-0.0013066,-0.00016893,-0.00069,0.00076895,0.00012677,0.0053546,-0.0059821,0.0030231,-0.0046469,0.0058276,-0.0014007,-0.0004803,0.00080751,0.00080751,0.00080751,-6.3665e-05,0.00052975,-0.00020158,-0.0032698,0.0065566,-0.00010509,0.00021343,-0.00039359,-0.00035638,0.00029889,0.99966,-7.8952e-05,9.7964e-05,-0.00037886,-0.00059621,0.0054613,-0.0024066,0.0028256,0.0019205,-0.0042565,0.00027271,-0.0057284,0.0041817,-0.0010574,0.00032119,0.00032119,0.00032119,-7.6417e-07,-0.00034346,5.1624e-05,-0.0028735,0.0039789
-0.00012451,-0.00011189,8.8592e-05,-0.00015304,0.00012144,-0.00027882,-9.2455e-06,-0.00030927,-3.7944e-05,-0.00016331,0.00017324,3.4642e-05,0.0012586,-0.0014066,0.00071462,-0.00109,0.0013751,-0.0003378,-0.00011461,0.00018947,0.00018947,0.00018947,-1.5403e-05,0.00012674,-4.9665e-05,-0.00077601,0.0015439,-2.6317e-05,5.0681e-05,-9.4776e-05,-8.6047e-05,7.0442e-05,-7.8952e-05,0.99998,2.1812e-05,-9.0346e-05,-0.00013582,0.0012813,-0.00057299,0.00065841,0.00045593,-0.0010003,6.4396e-05,-0.0013508,0.00098505,-0.00025347,7.5401e-05,7.5401e-05,7.5401e-05,-1.884e-07,-8.2494e-05,-2.3805e-06,-0.00066816,0.00094116
-0.0023153,-0.003456,-0.0027535,0.001936,-0.004418,0.0024777,-0.0040544,-0.0035001,0.0043336,-0.0018321,-0.018461,0.011207,-0.0063543,0.0057101,0.0059406,0.010804,0.0057001,-0.018392,-0.0034601,-0.0017379,-0.0017379,-0.0017379,-0.00095345,0.0046142,0.00012577,-0.01358,-0.001324,-0.0036676,0.00095265,-0.0048382,-0.0049324,9.1169e-05,9.7964e-05,2.1812e-05,0.99704,-0.002588,0.010875,-0.012159,-0.014312,-0.016884,0.0083634,0.0055472,0.00038351,-0.0032863,9.0164e-05,-0.010325,-0.00058675,-0.00058675,-0.00058675,-1.9681e-05,-0.0037277,2.3618e-05,0.020409,0.009193
-0.0028614,-0.0038321,-0.0019981,0.00086616,-0.0033288,0.00061597,-0.0037713,-0.0050444,0.0037472,-0.0026487,-0.015894,0.010479,0.0016467,-0.0031162,0.0096879,0.0034328,0.013389,-0.018865,-0.003852,-0.00046825,-0.00046825,-0.00046825,-0.00096541,0.0049818,8.7439e-06,-0.017055,0.0079518,-0.0035181,0.0011741,-0.0049976,-0.005032,0.00050171,-0.00037886,-9.0346e-05,-0.002588,0.99709,0.0091615,-0.0035387,-0.01652,-0.011568,0.010373,-0.00085363,0.00073388,-0.011031,0.0059301,-0.010969,-9.0363e-05,-9.0363e-05,-9.0363e-05,-1.9159e-05,-0.0039068,-0.00014559,0.014741,0.014014
0.0080646,0.012262,0.010308,-0.0075224,0.016477,-0.0098789,0.014754,0.011824,-0.015914,0.0061858,0.067832,-0.040754,0.026983,-0.025083,-0.019491,-0.042695,-0.016612,0.066031,0.012268,0.0069101,0.0069101,0.0069101,0.0034296,-0.01644,0.0010307,0.047155,0.0095105,0.013292,-0.0033195,0.017352,0.017722,-0.00011917,-0.00059621,-0.00013582,0.010875,0.0091615,0.95994,0.048216,0.050449,0.063561,-0.029113,-0.02326,-0.0012024,0.0078858,0.0026555,0.036876,0.0023667,0.0023667,0.0023667,7.1182e-05,0.013341,-0.0011296,-0.076435,-0.030663
-0.00034136,-0.0052928,-0.015713,0.016917,-0.023873,0.027018,-0.014101,0.0073147,0.018164,0.0039189,-0.078133,0.038389,-0.10444,0.11169,-0.024688,0.10967,-0.068284,-0.044828,-0.0051321,-0.018555,-0.018555,-0.018555,-0.0024606,0.0085325,0.00062598,0.00096677,-0.10466,-0.011594,0.00017551,-0.01141,-0.012317,-0.0042252,0.0054613,0.0012813,-0.012159,-0.0035387,0.048216,0.87304,-0.014834,-0.10381,0.00083526,0.084815,-0.0027761,0.075456,-0.063384,-0.021039,-0.0070026,-0.0070026,-0.0070026,-5.9164e-05,-0.0081781,0.0014328,0.11721,-0.027548
-0.016388,-0.021739,-0.010779,0.0042381,-0.018056,0.0023705,-0.021012,-0.029229,0.020699,-0.015353,-0.087751,0.058415,0.013925,-0.02266,0.056592,0.014967,0.079676,-0.10621,-0.021861,-0.0018867,-0.0018867,-0.0018867,-0.0054283,0.028192,-0.0020264,-0.097799,0.050073,-0.019669,0.0067226,-0.028157,-0.028316,0.0030578,-0.0024066,-0.00057299,-0.014312,-0.01652,0.050449,-0.014834,0.90593,-0.061857,0.059425,-0.0085321,0.0043253,-0.066472,0.036717,-0.061972,-0.00021578,-0.00021578,-0.00021578,-0.00010728,-0.022043,0.00053092,0.079465,0.081513
-0.0090836,-0.015703,-0.017664,0.015051,-0.027743,0.021668,-0.021959,-0.01022,0.024856,-0.0053109,-0.10623,0.060432,-0.07133,0.072091,0.011843,0.090834,-0.0086294,-0.09103,-0.015646,-0.01502,-0.01502,-0.01502,-0.0047806,0.021623,-0.0016606,-0.051937,-0.052031,-0.019343,0.0037528,-0.023775,-0.024545,-0.001542,0.0028256,0.00065841,-0.016884,-0.011568,0.063561,-0.10381,-0.061857,0.88833,0.032635,0.059421,0.00023371,0.021152,-0.028063,-0.049254,-0.0054007,-0.0054007,-0.0054007,-0.00010243,-0.018043,0.0020093,0.13126,0.023106
0.010507,0.013606,0.0058495,-0.0015643,0.0099666,0.00032788,0.012535,0.019282,-0.012056,0.010133,0.051031,-0.034904,-0.016103,0.022212,-0.038054,-0.0021037,-0.055873,0.065172,0.013695,-5.8728e-05,-5.8728e-05,-5.8728e-05,0.0033194,-0.01753,0.001153,0.062906,-0.039344,0.011844,-0.0043075,0.01731,0.01735,-0.0022542,0.0019205,0.00045593,0.0083634,0.010373,-0.029113,0.00083526,0.059425,0.032635,0.96187,0.011292,-0.0029696,0.04788,-0.027934,0.038378,-0.00034118,-0.00034118,-0.00034118,6.4878e-05,0.013603,-0.00072732,-0.04303,-0.054263
-0.0030375,-0.00068311,0.0087105,-0.01085,0.012899,-0.018206,0.005552,-0.010896,-0.0084235,-0.0057757,0.03649,-0.014872,0.074994,-0.081746,0.028375,-0.072836,0.063129,0.0097767,-0.00081849,0.012452,0.012452,0.012452,0.00061693,-0.0002684,0.00028176,-0.020207,0.082369,0.0040873,0.0012216,0.0022641,0.0028593,0.0035319,-0.0042565,-0.0010003,0.0055472,-0.00085363,-0.02326,0.084815,-0.0085321,0.059421,0.011292,0.93965,0.0027838,-0.065449,0.051156,0.0021671,0.0047977,0.0047977,0.0047977,1.9474e-05,0.0012507,-0.001435,-0.065163,0.03533
0.00081595,0.00094815,0.00010701,0.00025592,0.00024679,0.00063073,0.00066713,0.0016753,-0.00053869,0.0008819,0.0022515,-0.001877,-0.0036008,0.004242,-0.0035362,0.0022907,-0.0059094,0.0041057,0.00095879,-0.00041973,-0.00041973,-0.00041973,0.0002051,-0.0011831,-0.00048688,0.0049537,-0.005428,0.00066891,-0.00033371,0.0011015,0.0010844,-0.0002712,0.00027271,6.4396e-05,0.00038351,0.00073388,-0.0012024,-0.0027761,0.0043253,0.00023371,-0.0029696,0.0027838,0.9997,0.0054419,-0.0036077,0.0025373,-0.00018335,-0.00018335,-0.00018335,3.7618e-06,0.00088338,-0.00024686,-0.00074941,-0.0048706
-0.013128,-0.014077,0.0020463,-0.0082103,0.0017398,-0.016699,-0.0074099,-0.028879,0.0043527,-0.015221,-0.017676,0.021162,0.083381,-0.095498,0.063173,-0.063425,0.11206,-0.055693,-0.014287,0.011257,0.011257,0.011257,-0.0027295,0.017104,-0.00082956,-0.080418,0.11301,-0.0080429,0.0053609,-0.015092,-0.014596,0.0054069,-0.0057284,-0.0013508,-0.0032863,-0.011031,0.0078858,0.075456,-0.066472,0.021152,0.04788,-0.065449,0.0054419,0.89376,0.073649,-0.036025,0.0046523,0.0046523,0.0046523,-4.668e-05,-0.012335,-0.0011282,-0.016029,0.085466
0.007642,0.0074506,-0.0035714,0.0073656,-0.0046234,0.013865,0.0022136,0.018028,0.00019205,0.0095122,-0.0014392,-0.0066049,-0.06463,0.072825,-0.040746,0.053725,-0.075978,0.025868,0.0075977,-0.0093984,-0.0093984,-0.0093984,0.0012281,-0.0087359,0.0018005,0.04727,-0.082026,0.0029628,-0.003115,0.0071212,0.0066941,-0.0038067,0.0041817,0.00098505,9.0164e-05,0.0059301,0.0026555,-0.063384,0.036717,-0.028063,-0.027934,0.051156,-0.0036077,0.073649,0.94727,0.017936,-0.0037844,-0.0037844,-0.0037844,1.8423e-05,0.0059935,7.6563e-05,0.027089,-0.054243
-0.010594,-0.014491,-0.0083682,0.0042613,-0.013797,0.0039705,-0.014819,-0.018179,0.014984,-0.0095412,-0.063627,0.041124,-0.00046688,-0.0045089,0.034246,0.019563,0.045185,-0.072512,-0.014555,-0.0028938,-0.0028938,-0.0028938,-0.0037214,0.018943,-0.00051847,-0.062952,0.022814,-0.013726,0.0043491,-0.019181,-0.019365,0.0015888,-0.0010574,-0.00025347,-0.010325,-0.010969,0.036876,-0.021039,-0.061972,-0.049254,0.038378,0.0021671,0.0025373,-0.036025,0.017936,0.95815,-0.00077265,-0.00077265,-0.00077265,-7.4499e-05,-0.014948,5.2358e-05,0.061818,0.050051
8.7812e-05,-0.0001542,-0.00080849,0.00091854,-0.0012174,0.0014956,-0.00065162,0.00059942,0.00088118,0.00031955,-0.0037989,0.0017666,-0.0059318,0.0063941,-0.001749,0.006036,-0.0043374,-0.0018157,-0.00014444,-0.0010255,-0.0010255,-0.0010255,-0.00010223,0.0002931,0.00045074,0.00069022,-0.0061787,-0.00052031,-3.3913e-05,-0.00045482,-0.00050431,-0.00025631,0.00032119,7.5401e-05,-0.00058675,-9.0363e-05,0.0023667,-0.0070026,-0.00021578,-0.0054007,-0.00034118,0.0047977,-0.00018335,0.0046523,-0.0037844,-0.00077265,0.99961,-0.00039059,-0.00039059,-2.6103e-06,-0.00031396,-0.00043275,0.0060375,-0.0020714
8.7812e-05,-0.0001542,-0.00080849,0.00091854,-0.0012174,0.0014956,-0.00065162,0.00059942,0.00088118,0.00031955,-0.0037989,0.0017666,-0.0059318,0.0063941,-0.001749,0.006036,-0.0043374,-0.0018157,-0.00014444,-0.0010255,-0.0010255,-0.0010255,-0.00010223,0.0002931,0.00045074,0.00069022,-0.0061787,-0.00052031,-3.3913e-05,-0.00045482,-0.00050431,-0.00025631,0.00032119,7.5401e-05,-0.00058675,-9.0363e-05,0.0023667,-0.0070026,-0.00021578,-0.0054007,-0.00034118,0.0047977,-0.00018335,0.0046523,-0.0037844,-0.00077265,-0.00039059,0.99961,-0.00039059,-2.6103e-06,-0.00031396,-0.00043275,0.0060375,-0.0020714
8.7812e-05,-0.0001542,-0.00080849,0.00091854,-0.0012174,0.0014956,-0.00065162,0.00059942,0.00088118,0.00031955,-0.0037989,0.0017666,-0.0059318,0.0063941,-0.001749,0.006036,-0.0043374,-0.0018157,-0.00014444,-0.0010255,-0.0010255,-0.0010255,-0.00010223,0.0002931,0.00045074,0.00069022,-0.0061787,-0.00052031,-3.3913e-05,-0.00045482,-0.00050431,-0.00025631,0.00032119,7.5401e-05,-0.00058675,-9.0363e-05,0.0023667,-0.0070026,-0.00021578,-0.0054007,-0.00034118,0.0047977,-0.00018335,0.0046523,-0.0037844,-0.00077265,-0.00039059,-0.00039059,0.99961,-2.6103e-06,-0.00031396,-0.00043275,0.0060375,-0.0020714
-1.793e-05,-2.5426e-05,-1.7044e-05,1.0343e-05,-2.7721e-05,1.1736e-05,-2.7622e-05,-2.9295e-05,2.866e-05,-1.5359e-05,-0.00012188,7.6517e-05,-2.027e-05,1.323e-05,5.3152e-05,5.345e-05,6.3467e-05,-0.00013065,-2.5503e-05,-8.3421e-06,-8.3421e-06,-8.3421e-06,-6.735e-06,3.3537e-05,7.7556e-07,-0.00010599,1.8954e-05,-2.5312e-05,7.3676e-06,-3.4477e-05,-3.4956e-05,1.891e-06,-7.6417e-07,-1.884e-07,-1.9681e-05,-1.9159e-05,7.1182e-05,-5.9164e-05,-0.00010728,-0.00010243,6.4878e-05,1.9474e-05,3.7618e-06,-4.668e-05,1.8423e-05,-7.4499e-05,-2.6103e-06,-2.6103e-06,-2.6103e-06,1,-2.6735e-05,-3.7369e-07,0.00012612,7.9272e-05
-0.0037557,-0.0051648,-0.0030548,0.0016065,-0.0050247,0.0015609,-0.0053312,-0.0063999,0.0054132,-0.0033582,-0.022991,0.014791,-0.00076064,-0.00096103,0.011994,0.0075568,0.015622,-0.02595,-0.0051864,-0.0011313,-0.0011313,-0.0011313,-0.0013326,0.0067604,0.00023976,-0.022302,0.0074882,-0.0049298,0.0015421,-0.0068616,-0.0069319,0.00053881,-0.00034346,-8.2494e-05,-0.0037277,-0.0039068,0.013341,-0.0081781,-0.022043,-0.018043,0.013603,0.0012507,0.00088338,-0.012335,0.0059935,-0.014948,-0.00031396,-0.00031396,-0.00031396,-2.6735e-05,0.99466,-0.00020215,0.022573,0.017578
0.00017544,0.00030088,0.00022331,-5.4743e-05,5.9388e-05,0.00042034,0.00025712,-2.1874e-05,3.1222e-05,0.00038501,-0.0014342,0.00033036,-0.00091588,0.0015782,-9.3825e-05,0.0012595,-0.00048422,-0.00063243,0.00035581,9.0713e-05,9.0713e-05,9.0713e-05,-1.9943e-06,-0.00056346,-8.0723e-06,-0.00058678,6.9901e-05,-2.6598e-05,0.00011768,-0.00020304,4.406e-05,-5.547e-05,5.1624e-05,-2.3805e-06,2.3618e-05,-0.00014559,-0.0011296,0.0014328,0.00053092,0.0020093,-0.00072732,-0.001435,-0.00024686,-0.0011282,7.6563e-05,5.2358e-05,-0.00043275,-0.00043275,-0.00043275,-3.7369e-07,-0.00020215,2.1736e-05,0.00059549,-3.7015e-05
0.01196,0.019931,0.020877,-0.01723,0.032916,-0.024384,0.026813,0.014677,-0.030004,0.0076431,0.12815,-0.07386,0.077815,-0.077677,-0.019576,-0.10279,0.00060042,0.11332,0.019883,0.016931,0.016931,0.016931,0.0059337,-0.027248,-0.00057971,0.068858,0.052247,0.02375,-0.0049365,0.029643,0.030517,0.0013714,-0.0028735,-0.00066816,0.020409,0.014741,-0.076435,0.11721,0.079465,0.13126,-0.04303,-0.065163,-0.00074941,-0.016029,0.027089,0.061818,0.0060375,0.0060375,0.0060375,0.00012612,0.022573,0.00059549,0.84494,-0.034926
0.014929,0.018235,0.0047979,0.001595,0.0088302,0.0065846,0.014712,0.029196,-0.013107,0.015359,0.055201,-0.041164,-0.046643,0.057008,-0.059942,0.021823,-0.095262,0.082937,0.018398,-0.0042837,-0.0042837,-0.0042837,0.0041838,-0.023105,-0.00011728,0.090069,-0.079891,0.014291,-0.0061126,0.022141,0.021993,-0.0041757,0.0039789,0.00094116,0.009193,0.014014,-0.030663,-0.027548,0.081513,0.023106,-0.054263,0.03533,-0.0048706,0.085466,-0.054243,0.050051,-0.0020714,-0.0020714,-0.0020714,7.9272e-05,0.017578,-3.7015e-05,-0.034926,0.91626
72.645,72.645,72.645,72.645,72.645,72.645,72.645,72.645,72.645,72.645,72.645,72.645,72.645,72.645,72.645,72.645,72.645,72.645,72.645,72.645,72.645,72.645,72.645,72.645,72.645,72.645,72.645,72.645,72.645,72.645,72.645,72.645,72.645,72.645,72.645,72.645,72.645,72.645,72.645,72.645,72.645,72.645,72.645,72.645,72.645,72.645,72.645,72.645,72.645,72.645,72.645,72.645,72.645,72.645
