183.41,0.62884,0.75999,0.16011,0.081859,1.0801,0.94118,1.3625,0.28246,0.21193,0.94239,0.45159,0.059424
4.2581,0.018779,0.30196,0.029112,0.0078362,0.43561,0.37073,0.5803,-0.13891,0.019915,0.27554,0.075778,0.00065546
358.61,0.98312,0.99216,2.7029,0.21404,1.7473,1.2772,1.6795,0.89634,0.80101,1.6624,0.89087,0.31251
0.00013383,0.0025463,0.017414,-0.00087099,-0.016683,-0.00086292,0.041252,-0.022362,-0.021465,0.012392,0.00065976,0.016958,0.001647
0.0025463,18.688,-3.8972,-1.5847,4.5248,2.6235,-4.6816,3.8184,1.2144,7.9645,-0.39966,-2.8856,-4.8587
0.017414,-3.8972,42.101,5.684,37.438,-2.9924,29.956,-17.121,-14.098,-1.7745,1.1763,-11.017,13.409
-0.00087099,-1.5847,5.684,12.879,-1.0245,1.344,19.576,-6.6177,-7.9525,9.9571,-3.4734,-12.746,-16.216
-0.016683,4.5248,37.438,-1.0245,2515.4,-252.06,365.41,-297.81,-45.864,-90.137,22.237,-50.332,290.25
-0.00086292,2.6235,-2.9924,1.344,-252.06,3370.2,-43.787,-3292.9,3336.9,21.299,-3.7744,-24.869,-48.2
0.041252,-4.6816,29.956,19.576,365.41,-43.787,235.81,-133.37,-89.63,-6.2197,-9.387,-15.696,48.376
-0.022362,3.8184,-17.121,-6.6177,-297.81,-3292.9,-133.37,3423.7,-3283.4,15.282,0.43197,-5.5663,-56.263
-0.021465,1.2144,-14.098,-7.9525,-45.864,3336.9,-89.63,-3283.4,3379.8,-6.096,4.2072,19.333,-8.1002
0.012392,7.9645,-1.7745,9.9571,-90.137,21.299,-6.2197,15.282,-6.096,266.78,-65.35,-76.592,-270.69
0.00065976,-0.39966,1.1763,-3.4734,22.237,-3.7744,-9.387,0.43197,4.2072,-65.35,27.793,6.7619,66.738
0.016958,-2.8856,-11.017,-12.746,-50.332,-24.869,-15.696,-5.5663,19.333,-76.592,6.7619,137.77,88.286
0.001647,-4.8587,13.409,-16.216,290.25,-48.2,48.376,-56.263,-8.1002,-270.69,66.738,88.286,568.25
