658.53,665.03,780.64,1625.2,9.2889,353.76,671.49,827.48,473.72,33.808,221.52,133.62,283.17
62.256,18.75,258.82,902.84,2.2883,211.77,473.76,661.42,164.38,4.5474,148.17,55.596,47.921
1292.5,969.7,952.94,4458.9,33.14,644.38,866.28,962.53,674.16,65.241,382.9,212.57,457.69
1.6212e-05,7.2659e-06,-1.8735e-05,4.1213e-08,-0.00031311,-1.0995e-05,1.199e-05,-9.9346e-06,7.628e-07,-8.746e-05,7.6461e-05,2.5138e-05,1.1503e-05
7.2659e-06,7.7181e-05,-2.9567e-06,1.0795e-06,-0.0015384,-7.4794e-05,3.9794e-05,-5.5432e-05,1.8772e-05,-0.0013151,0.00050933,0.00029755,0.00014448
-1.8735e-05,-2.9567e-06,6.5689e-05,1.2761e-06,0.00094439,-7.6452e-05,9.8931e-06,-4.9395e-05,2.7312e-05,-0.00057115,7.5088e-05,0.00020567,-1.5554e-05
4.1213e-08,1.0795e-06,1.2761e-06,3.2177e-06,0.0007181,-4.9418e-05,-2.6672e-05,-1.2349e-05,3.7104e-05,-0.00028163,5.6536e-05,7.6779e-05,9.7941e-06
-0.00031311,-0.0015384,0.00094439,0.0007181,0.63593,-0.018743,0.0060613,-0.011362,0.0072719,0.00074026,-0.032132,0.012124,-0.00082646
-1.0995e-05,-7.4794e-05,-7.6452e-05,-4.9418e-05,-0.018743,0.3348,0.00059308,-0.3329,0.3323,0.0073041,-0.0019065,-0.0022067,-0.00026096
1.199e-05,3.9794e-05,9.8931e-06,-2.6672e-05,0.0060613,0.00059308,0.0038652,-0.0017208,-0.0023216,0.0066455,-0.002792,-0.0014664,-9.6857e-05
-9.9346e-06,-5.5432e-05,-4.9395e-05,-1.2349e-05,-0.011362,-0.3329,-0.0017208,0.3345,-0.3326,0.00015128,0.00038478,-0.00028017,-6.6769e-05
7.628e-07,1.8772e-05,2.7312e-05,3.7104e-05,0.0072719,0.3323,-0.0023216,-0.3326,0.3351,-0.0071593,0.0023082,0.0019238,0.00019349
-8.746e-05,-0.0013151,-0.00057115,-0.00028163,0.00074026,0.0073041,0.0066455,0.00015128,-0.0071593,0.093809,-0.026839,-0.025314,-0.0033662
7.6461e-05,0.00050933,7.5088e-05,5.6536e-05,-0.032132,-0.0019065,-0.002792,0.00038478,0.0023082,-0.026839,0.011479,0.0062083,0.0011032
2.5138e-05,0.00029755,0.00020567,7.6779e-05,0.012124,-0.0022067,-0.0014664,-0.00028017,0.0019238,-0.025314,0.0062083,0.0082029,0.00060432
1.1503e-05,0.00014448,-1.5554e-05,9.7941e-06,-0.00082646,-0.00026096,-9.6857e-05,-6.6769e-05,0.00019349,-0.0033662,0.0011032,0.00060432,0.00043149
95.184,95.184,95.184,95.184,95.184,95.184,95.184,95.184,95.184,95.184,95.184,95.184,95.184
