1.2386,1.1783,-0.06725,-1.2563,0.97769,0.97769,0.97769,0.062963
0.88586,0.76897,-0.43981,-1.5643,0.56042,0.56042,0.56042,1.9154e-05
1.4772,1.4683,0.49581,-0.44399,1.5606,1.5606,1.5606,0.31471
605.52,-471.96,-81.299,8.4676,23.519,23.519,23.519,-61.861
-471.96,433.02,-79.038,50.845,19.809,19.809,19.809,-84.291
-81.299,-79.038,426.4,-176.82,-108.24,-108.24,-108.24,310.92
8.4676,50.845,-176.82,89.178,37.894,37.894,37.894,-68.066
23.519,19.809,-108.24,37.894,699,-301,-301,-118.73
23.519,19.809,-108.24,37.894,-301,699,-301,-118.73
23.519,19.809,-108.24,37.894,-301,-301,699,-118.73
-61.861,-84.291,310.92,-68.066,-118.73,-118.73,-118.73,613.99
