0.94697,0.93276,-0.1219,-0.40973,0.38205,0.38205,0.38205,0.10303
0.87526,0.8746,-0.22678,-0.43666,0.13886,0.13886,0.13886,0.070112
0.99274,0.97757,0.033987,-0.37728,0.84311,0.84311,0.84311,0.16821
923.53,-106.12,-111.99,70.228,53.196,53.196,53.196,19.705
-106.12,849.93,-173.1,99.72,45.945,45.945,45.945,24.18
-111.99,-173.1,724.4,117.13,-97.968,-97.968,-97.968,8.8849
70.228,99.72,117.13,933.68,-26.341,-26.341,-26.341,-15.54
53.196,45.945,-97.968,-26.341,685.81,-314.19,-314.19,-45.187
53.196,45.945,-97.968,-26.341,-314.19,685.81,-314.19,-45.187
53.196,45.945,-97.968,-26.341,-314.19,-314.19,685.81,-45.187
19.705,24.18,8.8849,-15.54,-45.187,-45.187,-45.187,991.35
