785.08,384.09,-684.71,-1032.1,-283.17,-283.17,-283.17,130.28,58.671
1818.6,1817.8,-46.899,-494.24,368.17,368.17,368.17,2322.2,920.41
0.89473,-0.13584,-0.047831,-0.03281,-0.044458,-0.044458,-0.044458,-0.24887,-0.06712
-0.13584,0.78466,-0.12614,-0.10138,-0.12591,-0.12591,-0.12591,-0.22049,-0.16779
-0.047831,-0.12614,0.87467,-0.10986,-0.13043,-0.13043,-0.13043,0.048798,-0.16106
-0.03281,-0.10138,-0.10986,0.90274,-0.11489,-0.11489,-0.11489,0.0708,-0.14059
-0.044458,-0.12591,-0.13043,-0.11489,0.86394,-0.13606,-0.13606,0.067128,-0.16726
-0.044458,-0.12591,-0.13043,-0.11489,-0.13606,0.86394,-0.13606,0.067128,-0.16726
-0.044458,-0.12591,-0.13043,-0.11489,-0.13606,-0.13606,0.86394,0.067128,-0.16726
-0.24887,-0.22049,0.048798,0.0708,0.067128,0.067128,0.067128,0.15871,0.045324
-0.06712,-0.16779,-0.16106,-0.14059,-0.16726,-0.16726,-0.16726,0.045324,0.79266
27.717,27.717,27.717,27.717,27.717,27.717,27.717,27.717,27.717
1278.4,1144.1,-261.95,-696.26,136.5,136.5,136.5,986.12,623.52
1,1,1,1,1,1,1,1,1
