484.51,481.69,6.5109,-33.579,51.971,51.971,51.971,65.026,-150.53
146.43,146.4,-45.435,-84.924,14.113,14.113,14.113,0.0058734,-613.99
1004.4,1003.4,159.62,91.458,231.01,231.01,231.01,298.46,231.07
0.4275,-0.43214,0.0048142,-0.021151,-0.0094215,-0.0094215,-0.0094215,0.0067038,0.00069395
-0.43214,0.43702,-0.007726,0.023654,0.0097828,0.0097828,0.0097828,-0.0072313,-0.0006893
0.0048142,-0.007726,0.075884,-0.053738,-0.0090633,-0.0090633,-0.0090633,0.0077795,0.00011521
-0.021151,0.023654,-0.053738,0.042354,0.005976,0.005976,0.005976,-0.0060728,-0.00016541
-0.0094215,0.0097828,-0.0090633,0.005976,0.66818,-0.33182,-0.33182,-0.0010124,-5.9956e-05
-0.0094215,0.0097828,-0.0090633,0.005976,-0.33182,0.66818,-0.33182,-0.0010124,-5.9956e-05
-0.0094215,0.0097828,-0.0090633,0.005976,-0.33182,-0.33182,0.66818,-0.0010124,-5.9956e-05
0.0067038,-0.0072313,0.0077795,-0.0060728,-0.0010124,-0.0010124,-0.0010124,0.0014204,6.0108e-05
0.00069395,-0.0006893,0.00011521,-0.00016541,-5.9956e-05,-5.9956e-05,-5.9956e-05,6.0108e-05,5.3268e-05
47.619,47.619,47.619,47.619,47.619,47.619,47.619,47.619,47.619
