618.83,175.38,197.5,1236.2,0.082709,43.174,710.32,726.98,683.81,12.063,98.983,41.726,977.76
0,92.308,109.8,627.24,0.0053964,17.618,577.11,597.81,556.85,10.284,78.309,34.343,912.87
1359.4,250,282.35,2019.3,0.2717,73.099,955.57,964.22,940.72,15.654,119.25,48.743,999.82
6.4006e-06,-1.2244e-05,6.0218e-05,1.3171e-06,6.4858e-06,0.00016707,-0.00082037,0.00048523,0.00031814,1.5732e-05,-0.00021798,0.00020343,0.00016838
-1.2244e-05,0.00097103,0.00067032,-4.289e-05,2.2359e-05,-0.0037133,0.0053194,-0.0045539,-0.00083642,-0.010001,0.0035437,0.0089817,-0.0034113
6.0218e-05,0.00067032,0.0035086,-0.0001211,0.00052933,-0.0021391,-0.002063,-0.000422,0.0017246,-0.006425,-0.0032834,0.013272,-0.0013589
1.3171e-06,-4.289e-05,-0.0001211,2.1957e-05,-7.1849e-06,0.00054027,-0.0018738,0.0012168,0.00067615,0.0002051,0.00010702,0.00075836,0.00037901
6.4858e-06,2.2359e-05,0.00052933,-7.1849e-06,0.99997,-0.0016358,0.0018197,-0.0018194,-0.00018396,0.0012417,-0.00058203,0.0028124,0.0016039
0.00016707,-0.0037133,-0.0021391,0.00054027,-0.0016358,0.36934,-0.091706,-0.26924,0.36139,0.013412,-0.013442,-0.000578,0.03035
-0.00082037,0.0053194,-0.002063,-0.0018738,0.0018197,-0.091706,0.41098,-0.25084,-0.1591,-0.11436,0.022839,-0.17178,-0.068099
0.00048523,-0.0045539,-0.000422,0.0012168,-0.0018194,-0.26924,-0.25084,0.49073,-0.24005,0.063474,-0.017556,0.084701,0.049331
0.00031814,-0.00083642,0.0017246,0.00067615,-0.00018396,0.36139,-0.1591,-0.24005,0.39856,0.050089,-0.004105,0.08534,0.01894
1.5732e-05,-0.010001,-0.006425,0.0002051,0.0012417,0.013412,-0.11436,0.063474,0.050089,0.90473,-0.10923,-0.1853,0.0057463
-0.00021798,0.0035437,-0.0032834,0.00010702,-0.00058203,-0.013442,0.022839,-0.017556,-0.004105,-0.10923,0.044988,0.05842,-0.015752
0.00020343,0.0089817,0.013272,0.00075836,0.0028124,-0.000578,-0.17178,0.084701,0.08534,-0.1853,0.05842,0.35012,-0.012937
0.00016838,-0.0034113,-0.0013589,0.00037901,0.0016039,0.03035,-0.068099,0.049331,0.01894,0.0057463,-0.015752,-0.012937,0.02829
66.977,66.977,66.977,66.977,66.977,66.977,66.977,66.977,66.977,66.977,66.977,66.977,66.977
