185.75,184.46,10.489,91.213,127.05,74.503,156.3,95.503,20.283,43.538,996.62,45.3,756.12,49.287,470.5,470.91,40.892,754.99,-391.81,414.42,414.42,414.42,0.073326,-103.16,-10880,38.596,-17.211
144.88,142.62,-16.159,74.585,31.407,1.7091,110.15,71.793,0.53922,2.4557,980.62,2.6066,13.026,1.0005,26.642,27.405,0.75353,12.447,-450.02,339.9,339.9,339.9,0.0045557,-131.04,-3.3255e+05,-318.56,-537.25
214.86,213.29,54.843,126.73,175.1,192.63,193.87,124.31,86.084,95.711,999.99,180.25,999.23,159.99,998.2,999.87,117.32,999.27,-162.58,452.57,452.57,452.57,0.34355,-53.215,2.38e+05,477.9,658.82
0.66969,-0.28343,-0.012613,-0.13622,-0.035058,-0.010705,-0.26605,-0.081599,-0.0066547,-0.021261,0.030125,-0.04337,-0.0061582,0.01373,-0.02121,0.023682,0.017332,0.013234,0.0011726,-0.0089201,-0.0089201,-0.0089201,-0.0040723,0.010612,-3.1027e-07,-0.0013075,0.0014095
-0.28343,0.70774,0.10075,-0.10753,-0.0944,-0.076369,-0.2798,-0.064849,-0.0085007,-0.016535,0.0052097,-0.014598,-0.015957,0.0032998,-0.0024242,0.011868,0.0089701,0.026368,-0.013584,-0.014257,-0.014257,-0.014257,-0.0023298,-0.02,-1.6457e-06,-0.0011748,0.0013215
-0.012613,0.10075,0.21446,0.007663,-0.030395,-0.18728,0.048149,-0.03525,-0.0030059,0.050388,0.041213,-0.04402,-0.00090575,-0.1095,0.013703,0.0049588,0.055651,0.0019732,0.0081612,-0.0095124,-0.0095124,-0.0095124,-0.0043042,0.22511,-1.0503e-05,0.0050841,-0.0036788
-0.13622,-0.10753,0.007663,0.66324,0.053183,0.033461,0.055479,-0.23585,-0.15421,0.051483,0.073874,0.14941,-0.06548,0.0041827,0.012726,-0.017619,-0.018404,0.055497,-0.10542,0.0078021,0.0078021,0.0078021,-0.0060941,-0.1055,1.1248e-05,0.0042274,-0.0058953
-0.035058,-0.0944,-0.030395,0.053183,0.37677,0.17979,-0.091412,-0.051504,0.17097,0.14304,0.010694,0.0030874,-0.075994,-0.15441,0.026181,-0.047707,-0.053585,0.037659,-0.017469,-0.020119,-0.020119,-0.020119,0.0027017,0.16832,4.5133e-06,-0.00061884,-0.0017883
-0.010705,-0.076369,-0.18728,0.033461,0.17979,0.26507,-0.13425,0.0050624,0.088897,0.0046873,-0.054019,0.027086,-0.0035172,0.041748,0.0021489,-0.031009,-0.047565,-0.01189,-0.033718,-0.0072032,-0.0072032,-0.0072032,0.00034672,-0.15479,1.5774e-05,-0.0057282,0.0022503
-0.26605,-0.2798,0.048149,0.055479,-0.091412,-0.13425,0.57353,0.17599,-0.034092,0.0091202,-0.041671,0.015265,0.030618,-0.017581,-0.020169,0.035949,-0.0036248,-0.02189,0.052491,0.02197,0.02197,0.02197,-0.0014981,0.094044,-1.1224e-05,0.0049062,-0.0023478
-0.081599,-0.064849,-0.03525,-0.23585,-0.051504,0.0050624,0.17599,0.54648,0.12633,-0.13581,0.068421,-0.057221,-0.079272,0.12689,0.03842,-0.031736,0.021408,0.093577,-0.027705,-0.028401,-0.028401,-0.028401,-0.0016156,-0.070308,3.0928e-06,-0.0057685,0.005988
-0.0066547,-0.0085007,-0.0030059,-0.15421,0.17097,0.088897,-0.034092,0.12633,0.19337,0.037272,-0.0096004,-0.069061,-0.048068,-0.058801,0.021849,-0.031342,0.001211,0.034744,-0.00012906,-0.026665,-0.026665,-0.026665,-0.006611,0.11031,1.8379e-06,-0.0029814,0.001501
-0.021261,-0.016535,0.050388,0.051483,0.14304,0.0046873,0.0091202,-0.13581,0.037272,0.13161,-0.018499,0.03453,0.0054334,-0.13955,-0.021919,0.021463,-0.058794,-0.019286,0.01358,-0.0016402,-0.0016402,-0.0016402,0.00058354,0.15097,-3.7914e-06,0.0029039,-0.0031885
0.030125,0.0052097,0.041213,0.073874,0.010694,-0.054019,-0.041671,0.068421,-0.0096004,-0.018499,0.96335,0.0071954,0.012789,0.050775,0.0018624,0.0048858,0.040912,-0.015347,-0.014382,-0.010389,-0.010389,-0.010389,0.001615,0.044912,-3.7961e-06,0.0011814,0.00062397
-0.04337,-0.014598,-0.04402,0.14941,0.0030874,0.027086,0.015265,-0.057221,-0.069061,0.03453,0.0071954,0.11658,-0.017008,0.0041981,0.019389,-0.018301,-0.092369,0.019883,-0.023238,0.0068264,0.0068264,0.0068264,0.0030353,-0.090226,2.9491e-06,0.00041149,-0.00072207
-0.0061582,-0.015957,-0.00090575,-0.06548,-0.075994,-0.0035172,0.030618,-0.079272,-0.048068,0.0054334,0.012789,-0.017008,0.46741,-0.00082357,0.016241,-0.019054,0.02191,-0.46191,0.025273,0.021038,0.021038,0.021038,-0.0012085,-0.027714,2.6886e-06,0.00043544,-0.0011073
0.01373,0.0032998,-0.1095,0.0041827,-0.15441,0.041748,-0.017581,0.12689,-0.058801,-0.13955,0.050775,0.0041981,-0.00082357,0.18285,0.01025,-0.012705,0.025463,0.01813,-0.026953,0.0034038,0.0034038,0.0034038,-0.0012737,-0.24338,7.6449e-06,-0.0041883,0.003858
-0.02121,-0.0024242,0.013703,0.012726,0.026181,0.0021489,-0.020169,0.03842,0.021849,-0.021919,0.0018624,0.019389,0.016241,0.01025,0.48161,-0.48375,-0.01762,-0.020327,-0.0052867,-0.0051307,-0.0051307,-0.0051307,-0.00015653,0.020174,-1.031e-06,-0.0016343,0.00061371
0.023682,0.011868,0.0049588,-0.017619,-0.047707,-0.031009,0.035949,-0.031736,-0.031342,0.021463,0.0048858,-0.018301,-0.019054,-0.012705,-0.48375,0.48974,0.017142,0.025785,0.0076085,0.0052557,0.0052557,0.0052557,3.7356e-05,-0.0077046,-5.6707e-07,0.0021853,-0.00075725
0.017332,0.0089701,0.055651,-0.018404,-0.053585,-0.047565,-0.0036248,0.021408,0.001211,-0.058794,0.040912,-0.092369,0.02191,0.025463,-0.01762,0.017142,0.12034,-0.022477,0.0012112,-0.0012017,-0.0012017,-0.0012017,-0.0017197,0.03712,-5.9036e-08,0.00042434,-0.00037691
0.013234,0.026368,0.0019732,0.055497,0.037659,-0.01189,-0.02189,0.093577,0.034744,-0.019286,-0.015347,0.019883,-0.46191,0.01813,-0.020327,0.025785,-0.022477,0.46138,-0.025179,-0.020475,-0.020475,-0.020475,0.00041944,0.0063602,-2.7861e-06,-0.00057428,0.0014003
0.0011726,-0.013584,0.0081612,-0.10542,-0.017469,-0.033718,0.052491,-0.027705,-0.00012906,0.01358,-0.014382,-0.023238,0.025273,-0.026953,-0.0052867,0.0076085,0.0012112,-0.025179,0.046365,0.010009,0.010009,0.010009,0.0018394,0.059775,-6.3296e-06,0.0011949,-0.00010404
-0.0089201,-0.014257,-0.0095124,0.0078021,-0.020119,-0.0072032,0.02197,-0.028401,-0.026665,-0.0016402,-0.010389,0.0068264,0.021038,0.0034038,-0.0051307,0.0052557,-0.0012017,-0.020475,0.010009,0.67508,-0.32492,-0.32492,0.0019534,-0.010027,-1.1585e-06,0.00072158,-0.00020093
-0.0089201,-0.014257,-0.0095124,0.0078021,-0.020119,-0.0072032,0.02197,-0.028401,-0.026665,-0.0016402,-0.010389,0.0068264,0.021038,0.0034038,-0.0051307,0.0052557,-0.0012017,-0.020475,0.010009,-0.32492,0.67508,-0.32492,0.0019534,-0.010027,-1.1585e-06,0.00072158,-0.00020093
-0.0089201,-0.014257,-0.0095124,0.0078021,-0.020119,-0.0072032,0.02197,-0.028401,-0.026665,-0.0016402,-0.010389,0.0068264,0.021038,0.0034038,-0.0051307,0.0052557,-0.0012017,-0.020475,0.010009,-0.32492,-0.32492,0.67508,0.0019534,-0.010027,-1.1585e-06,0.00072158,-0.00020093
-0.0040723,-0.0023298,-0.0043042,-0.0060941,0.0027017,0.00034672,-0.0014981,-0.0016156,-0.006611,0.00058354,0.001615,0.0030353,-0.0012085,-0.0012737,-0.00015653,3.7356e-05,-0.0017197,0.00041944,0.0018394,0.0019534,0.0019534,0.0019534,0.99979,0.00045499,-2.467e-07,0.00021873,-0.00017631
0.010612,-0.02,0.22511,-0.1055,0.16832,-0.15479,0.094044,-0.070308,0.11031,0.15097,0.044912,-0.090226,-0.027714,-0.24338,0.020174,-0.0077046,0.03712,0.0063602,0.059775,-0.010027,-0.010027,-0.010027,0.00045499,0.45011,-1.8674e-05,0.0070815,-0.0049162
-3.1027e-07,-1.6457e-06,-1.0503e-05,1.1248e-05,4.5133e-06,1.5774e-05,-1.1224e-05,3.0928e-06,1.8379e-06,-3.7914e-06,-3.7961e-06,2.9491e-06,2.6886e-06,7.6449e-06,-1.031e-06,-5.6707e-07,-5.9036e-08,-2.7861e-06,-6.3296e-06,-1.1585e-06,-1.1585e-06,-1.1585e-06,-2.467e-07,-1.8674e-05,1.7896e-09,-4.8487e-07,1.1402e-07
-0.0013075,-0.0011748,0.0050841,0.0042274,-0.00061884,-0.0057282,0.0049062,-0.0057685,-0.0029814,0.0029039,0.0011814,0.00041149,0.00043544,-0.0041883,-0.0016343,0.0021853,0.00042434,-0.00057428,0.0011949,0.00072158,0.00072158,0.00072158,0.00021873,0.0070815,-4.8487e-07,0.00031436,-0.00017659
0.0014095,0.0013215,-0.0036788,-0.0058953,-0.0017883,0.0022503,-0.0023478,0.005988,0.001501,-0.0031885,0.00062397,-0.00072207,-0.0011073,0.003858,0.00061371,-0.00075725,-0.00037691,0.0014003,-0.00010404,-0.00020093,-0.00020093,-0.00020093,-0.00017631,-0.0049162,1.1402e-07,-0.00017659,0.00019599
123.72,123.72,123.72,123.72,123.72,123.72,123.72,123.72,123.72,123.72,123.72,123.72,123.72,123.72,123.72,123.72,123.72,123.72,123.72,123.72,123.72,123.72,123.72,123.72,123.72,123.72,123.72
