181.4,0.70139,0.6465,0.012478,0.40965,0.60971,0.7982,0.38854,0.19921,0.50783,0.21189,0.36494
21.136,0.46569,0.36471,0.0072295,0.29666,0.45014,0.69924,0.26927,0.058953,0.2716,0.126,0.23427
333.39,0.94624,0.80784,0.025796,0.60502,0.72521,0.89175,0.4768,0.39148,0.88576,0.3006,0.56202
0.00026083,-0.093736,-0.15182,0.0051938,0.069634,0.056309,0.12347,0.053836,-0.13215,-0.023997,0.076076,0.046812
-0.093736,356.09,411.94,3.5852,33.686,78.385,62.862,29.176,62.596,98.111,55.49,-122.69
-0.15182,411.94,537.19,2.4268,27.906,67.612,54.822,26.916,68.547,136.45,58.438,-166.02
0.0051938,3.5852,2.4268,997.91,-32.391,0.82656,-14.018,18.373,-0.56539,6.9696,-12.616,4.2866
0.069634,33.686,27.906,-32.391,457.73,72.225,-212.57,329.69,-3.0271,-5.9026,-157.2,-50.529
0.056309,78.385,67.612,0.82656,72.225,725.62,-125.03,-197.26,-261.82,49.653,-143.77,44.65
0.12347,62.862,54.822,-14.018,-212.57,-125.03,823.15,35.725,-172.3,-26.572,-150.17,-32.65
0.053836,29.176,26.916,18.373,329.69,-197.26,35.725,706.03,-169.27,-20.669,7.0338,17.879
-0.13215,62.596,68.547,-0.56539,-3.0271,-261.82,-172.3,-169.27,652.8,-117.28,-134.35,-175.16
-0.023997,98.111,136.45,6.9696,-5.9026,49.653,-26.572,-20.669,-117.28,118.88,95.312,6.6968
0.076076,55.49,58.438,-12.616,-157.2,-143.77,-150.17,7.0338,-134.35,95.312,841.56,73.898
0.046812,-122.69,-166.02,4.2866,-50.529,44.65,-32.65,17.879,-175.16,6.6968,73.898,159.74
