1.3994,1.3294,0.316,-0.55545,1.0622,1.0622,1.0622,1.2743
0.55796,0.39814,-0.28231,-0.93384,0.072711,0.072711,0.072711,1.7933e-05
3.4162,3.4159,0.57795,-0.040766,1.5279,1.5279,1.5279,8.417
364.17,-332.31,15.809,-40.171,-8.2038,-8.2038,-8.2038,-7.8549
-332.31,316.3,-3.4401,30.892,6.5043,6.5043,6.5043,2.7882
15.809,-3.4401,136.21,-59.121,-16.842,-16.842,-16.842,-2.8558
-40.171,30.892,-59.121,40.74,8.3824,8.3824,8.3824,2.771
-8.2038,6.5043,-16.842,8.3824,669.73,-330.27,-330.27,0.42546
-8.2038,6.5043,-16.842,8.3824,-330.27,669.73,-330.27,0.42546
-8.2038,6.5043,-16.842,8.3824,-330.27,-330.27,669.73,0.42546
-7.8549,2.7882,-2.8558,2.771,0.42546,0.42546,0.42546,1.8412
