0.78236,0.78163,-0.014901,-0.4421,0.43697,0.43697,0.43697,0.45982
0.34941,0.34711,-0.040331,-0.45827,0.4231,0.4231,0.4231,0.014682
1.1306,1.1305,0.012717,-0.42592,0.47325,0.47325,0.47325,0.97642
551.58,-450.95,5.9465,-33.221,-25.824,-25.824,-25.824,-75.484
-450.95,546.44,4.6751,-35.028,-28.455,-28.455,-28.455,-73.596
5.9465,4.6751,955.34,-24.17,-67.714,-67.714,-67.714,-61.845
-33.221,-35.028,-24.17,897.1,-4.5791,-4.5791,-4.5791,56.396
-25.824,-28.455,-67.714,-4.5791,831.54,-168.46,-168.46,41.845
-25.824,-28.455,-67.714,-4.5791,-168.46,831.54,-168.46,41.845
-25.824,-28.455,-67.714,-4.5791,-168.46,-168.46,831.54,41.845
-75.484,-73.596,-61.845,56.396,41.845,41.845,41.845,123.08
