971.81,932.52,-561.67,-1181,211.07,211.07,211.07,243.91,525.49
1730.9,1724.1,350.79,-277.48,1022,1022,1022,1851.4,1119.5
0.29153,-0.18277,0.32275,-0.24165,-0.030637,-0.030637,-0.030637,-0.064132,0.0077377
-0.18277,0.12395,-0.18915,0.14178,0.017402,0.017402,0.017402,0.034997,-0.0030724
0.32275,-0.18915,0.37701,-0.28207,-0.036594,-0.036594,-0.036594,-0.078428,0.011204
-0.24165,0.14178,-0.28207,0.21105,0.027368,0.027368,0.027368,0.058633,-0.0083686
-0.030637,0.017402,-0.036594,0.027368,0.67025,-0.32975,-0.32975,0.0077532,-0.0011736
-0.030637,0.017402,-0.036594,0.027368,-0.32975,0.67025,-0.32975,0.0077532,-0.0011736
-0.030637,0.017402,-0.036594,0.027368,-0.32975,-0.32975,0.67025,0.0077532,-0.0011736
-0.064132,0.034997,-0.078428,0.058633,0.0077532,0.0077532,0.0077532,0.017017,-0.002708
0.0077377,-0.0030724,0.011204,-0.0083686,-0.0011736,-0.0011736,-0.0011736,-0.002708,0.00059243
59.284,59.284,59.284,59.284,59.284,59.284,59.284,59.284,59.284
1292.1,1231.3,-257.29,-947.72,621.1,621.1,621.1,787.84,846.59
1,1,1,1,1,1,1,1,1
