133.72,0.58258,0.78039,0.080975,0.091667,1.1804,0.91179,1.4708,0.29037,0.079069
1.8653,0.25301,0.65098,0.062559,0.044432,0.87953,0.63594,1.3469,0.014941,0.05374
324.29,0.8178,0.92549,0.09755,0.15529,1.5142,1.0958,1.5363,0.46736,0.10553
0.043652,17.397,7.587,-0.34225,0.020523,-2.913,-6.5174,-4.5652,-1.6524,-1.1421
17.397,9997.7,-17.688,5.454,18.634,102.96,-69.705,24.993,-77.97,-5.4626
7.587,-17.688,9863.6,42.093,143.82,794.68,-538.1,192.85,-601.83,-42.177
-0.34225,5.454,42.093,9987,-44.375,-245.19,166.02,-59.5,185.69,13.014
0.020523,18.634,143.82,-44.375,9848.4,-837.78,567.28,-203.3,634.47,44.466
-2.913,102.96,794.68,-245.19,-837.78,5371,3134.4,-1123.3,3505.7,245.69
-6.5174,-69.705,-538.1,166.02,567.28,3134.4,7877.6,760.63,-2373.8,-166.36
-4.5652,24.993,192.85,-59.5,-203.3,-1123.3,760.63,9727.4,850.72,59.621
-1.6524,-77.97,-601.83,185.69,634.47,3505.7,-2373.8,850.72,7345,-186.07
-1.1421,-5.4626,-42.177,13.014,44.466,245.69,-166.36,59.621,-186.07,9987
