78.125,42.254,70.588,210.71,0.017144,29.522,616.21,661.26,40.014,37.643,144.98,55.658,741.31
1367.2,222.22,431.37,3014.5,21.186,646.88,949.92,975.05,919.7,363.35,484.36,319.69,999.79
1.2293e-05,8.0226e-06,3.8676e-05,-1.9974e-06,5.3586e-05,-0.00012384,0.00037115,-0.00024172,-0.00011785,-0.00016886,8.2632e-05,0.00012044,-0.00010758
8.0226e-06,0.00068195,2.7407e-05,-8.5108e-06,0.0015311,-0.00027673,0.00028737,-0.00030111,-2.3694e-05,0.00033451,-0.00010531,2.1781e-05,4.087e-05
3.8676e-05,2.7407e-05,0.00036274,-1.4911e-05,0.00074821,-0.00053279,0.0020691,-0.0012699,-0.00073811,-0.0012948,0.00056799,0.00084739,-0.0002574
-1.9974e-06,-8.5108e-06,-1.4911e-05,3.4168e-06,0.00011915,1.8023e-06,-4.8878e-05,2.6672e-05,2.4968e-05,6.388e-05,-2.5911e-05,-4.7649e-05,-2.5717e-05
5.3586e-05,0.0015311,0.00074821,0.00011915,0.96785,-0.0076249,-0.055104,0.024599,0.032245,0.0055164,-0.0008404,-0.0027416,-0.00076582
-0.00012384,-0.00027673,-0.00053279,1.8023e-06,-0.0076249,0.33872,-0.013707,-0.32392,0.33736,0.00028715,-0.00010563,-0.0011969,0.0045674
0.00037115,0.00028737,0.0020691,-4.8878e-05,-0.055104,-0.013707,0.050821,-0.03207,-0.018364,-0.0138,0.00401,0.0099265,-0.0077279
-0.00024172,-0.00030111,-0.0012699,2.6672e-05,0.024599,-0.32392,-0.03207,0.35397,-0.32212,0.0073073,-0.0021015,-0.005675,0.0059218
-0.00011785,-2.3694e-05,-0.00073811,2.4968e-05,0.032245,0.33736,-0.018364,-0.32212,0.34052,0.0070146,-0.0019975,-0.0044739,0.0013578
-0.00016886,0.00033451,-0.0012948,6.388e-05,0.0055164,0.00028715,-0.0138,0.0073073,0.0070146,0.037101,-0.013355,-0.021216,-0.0011081
8.2632e-05,-0.00010531,0.00056799,-2.5911e-05,-0.0008404,-0.00010563,0.00401,-0.0021015,-0.0019975,-0.013355,0.0056021,0.0073444,-0.00017132
0.00012044,2.1781e-05,0.00084739,-4.7649e-05,-0.0027416,-0.0011969,0.0099265,-0.005675,-0.0044739,-0.021216,0.0073444,0.013352,-0.00024019
-0.00010758,4.087e-05,-0.0002574,-2.5717e-05,-0.00076582,0.0045674,-0.0077279,0.0059218,0.0013578,-0.0011081,-0.00017132,-0.00024019,0.0077067
85.911,85.911,85.911,85.911,85.911,85.911,85.911,85.911,85.911,85.911,85.911,85.911,85.911
1004.1,136.05,244.95,779.41,0.91204,75.801,728.7,756.28,680.48,79.693,247.72,98.624,976.2
1,1,1,1,1,1,1,1,1,1,1,1,1
