156.62,0.60769,0.75515,0.73628,0.00051863,0.13906,0.010048,0.087117,-0.05194,1.4754,1.0074,0.37806,0.99661
1.1321,0.12121,0.41176,0.054462,4.0272e-05,0.045133,-0.13428,-0.051908,-0.20143,0.015315,0.12402,0.036808,0.94575
358.81,0.94271,1,4.3544,0.0033789,0.33235,0.30168,0.36403,0.27599,7.5619,2.0309,1.134,0.99999
9.1665e-05,-0.0022836,-0.0055135,-0.0016374,-0.0034067,-0.0070303,-0.084005,0.024931,0.031957,0.0030954,-0.0034816,-0.014464,-0.050542
-0.0022836,23.224,-4.8896,-0.11147,2.2813,10.047,6.3803,6.8226,-3.2264,0.20667,-0.47413,1.879,6.7588
-0.0055135,-4.8896,48.579,-0.55378,1.3523,-9.1927,-45.869,8.8264,18.022,-3.9161,9.6714,23.923,13.248
-0.0016374,-0.11147,-0.55378,2.9879,-0.52224,0.19543,-4.534,5.0991,4.9033,-0.63981,1.2522,-3.084,8.1973
-0.0034067,2.2813,1.3523,-0.52224,9992,-68.708,-39.072,-18.891,49.818,0.22635,-0.57,6.4573,57.85
-0.0070303,10.047,-9.1927,0.19543,-68.708,3529.6,48.885,-3253.7,3216.8,6.3246,-13.944,-45.806,413.91
-0.084005,6.3803,-45.869,-4.534,-39.072,48.885,2784.8,-1237.8,-1286.7,3.8522,-12.897,8.1883,-68.801
0.024931,6.8226,8.8264,5.0991,-18.891,-3253.7,-1237.8,4003,-2743.4,-3.3746,4.4978,-1.7331,240.26
0.031957,-3.2264,18.022,4.9033,49.818,3216.8,-1286.7,-2743.4,4039.8,-9.6997,18.444,44.076,-173.65
0.0030954,0.20667,-3.9161,-0.63981,0.22635,6.3246,3.8522,-3.3746,-9.6997,5.6811,-4.3444,-31.717,9.1635
-0.0034816,-0.47413,9.6714,1.2522,-0.57,-13.944,-12.897,4.4978,18.444,-4.3444,13.79,9.9169,-4.2986
-0.014464,1.879,23.923,-3.084,6.4573,-45.806,8.1883,-1.7331,44.076,-31.717,9.9169,236.11,-160.54
-0.050542,6.7588,13.248,8.1973,57.85,413.91,-68.801,240.26,-173.65,9.1635,-4.2986,-160.54,7507.1
