150,0.76999,0.84608,0.14791,0.082998,1.0551,0.77721,1.2851,0.22994,0.032382,0.55199,0.1661,0.042792
49.035,0.37576,0.64706,0.031057,0.032593,0.69249,0.29955,0.70978,0.017289,0.0057481,0.36394,0.053985,0.020096
353.62,0.92885,0.99216,0.39496,0.16305,1.504,1.0292,1.5504,0.46736,0.055479,0.81367,0.24637,0.061434
0.0035543,-1.2449,-0.88854,-0.0039666,0.07021,0.26997,-0.64656,-0.38748,-0.65743,0.030765,0.26771,-0.050046,-0.10553
-1.2449,725.75,-108.19,-121.37,-25.026,-92.657,259.06,161.19,253.85,2.1803,-62.344,9.696,-10.852
-0.88854,-108.19,957.02,-42.708,-8.0393,-25.709,106.3,72.55,98.26,1.4965,-18.381,6.0778,-4.3875
-0.0039666,-121.37,-42.708,855.11,-43.395,-232.15,42.391,-86.514,145.64,-10.25,-137.12,-35.409,-2.9294
0.07021,-25.026,-8.0393,-43.395,986.26,-76.212,-1.9728,-41.245,34.968,-3.7766,-44.514,-13.188,-0.32633
0.26997,-92.657,-25.709,-232.15,-76.212,567.97,-63.954,-276.46,155.57,-22.775,-250.68,-79.952,0.26027
-0.64656,259.06,106.3,42.391,-1.9728,-63.954,698.02,-277.36,-213.41,-10.947,-27.907,-40.621,11.735
-0.38748,161.19,72.55,-86.514,-41.245,-276.46,-277.36,631.97,-91.568,-20.698,-152.98,-74.43,9.621
-0.65743,253.85,98.26,145.64,34.968,155.57,-213.41,-91.568,752.86,2.0773,97.706,5.5219,9.3609
0.030765,2.1803,1.4965,-10.25,-3.7766,-22.775,-10.947,-20.698,2.0773,998.6,-12.977,-4.9603,0.31666
0.26771,-62.344,-18.381,-137.12,-44.514,-250.68,-27.907,-152.98,97.706,-12.977,854.25,-45.486,-0.21691
-0.050046,9.696,6.0778,-35.409,-13.188,-79.952,-40.621,-74.43,5.5219,-4.9603,-45.486,982.37,1.1992
-0.10553,-10.852,-4.3875,-2.9294,-0.32633,0.26027,11.735,9.621,9.3609,0.31666,-0.21691,1.1992,999.53
