0,62.5,47.059,902.84,2.2883,211.77,473.76,661.42,164.38,4.5474,148.17,55.596,47.921
1312.5,384.62,439.22,4458.9,33.14,644.38,866.28,962.53,674.16,65.241,382.9,212.57,457.69
5.2993e-05,-0.00011516,-0.00049945,4.2258e-05,-0.00069192,7.1496e-05,0.0016297,-0.00084332,-0.00091451,-0.0022204,0.00057249,0.00044589,-0.00014987
-0.00011516,0.00068749,0.001377,-9.0782e-05,0.0091977,-0.0004885,-0.0037955,0.0017817,0.0022759,-0.00058599,-0.0011985,0.0001567,0.00063257
-0.00049945,0.001377,0.0084902,-0.00065485,0.0012751,-0.0013467,-0.021575,0.011028,0.012376,0.018323,-0.0041752,-0.004604,0.0022829
4.2258e-05,-9.0782e-05,-0.00065485,5.6137e-05,0.001096,2.6849e-05,0.0016916,-0.00090973,-0.00093621,-0.0019668,0.00041342,0.00050467,-0.00016055
-0.00069192,0.0091977,0.0012751,0.001096,0.94553,-0.025834,-0.028059,-0.00051821,0.025327,0.00070202,-0.068609,0.031376,0.0046311
7.1496e-05,-0.0004885,-0.0013467,2.6849e-05,-0.025834,0.33535,0.0037008,-0.33428,0.33036,0.003958,-0.0010565,-0.0015595,-0.00065969
0.0016297,-0.0037955,-0.021575,0.0016916,-0.028059,0.0037008,0.069189,-0.034925,-0.038629,-0.071028,0.018413,0.013196,-0.0055759
-0.00084332,0.0017817,0.011028,-0.00090973,-0.00051821,-0.33428,-0.034925,0.35155,-0.31417,0.038828,-0.0098585,-0.0079218,0.0027498
-0.00091451,0.0022759,0.012376,-0.00093621,0.025327,0.33036,-0.038629,-0.31417,0.35547,0.034775,-0.0087801,-0.0063438,0.003413
-0.0022204,-0.00058599,0.018323,-0.0019668,0.00070202,0.003958,-0.071028,0.038828,0.034775,0.28329,-0.056629,-0.052624,-6.2433e-05
0.00057249,-0.0011985,-0.0041752,0.00041342,-0.068609,-0.0010565,0.018413,-0.0098585,-0.0087801,-0.056629,0.022922,0.0083845,-0.00050515
0.00044589,0.0001567,-0.004604,0.00050467,0.031376,-0.0015595,0.013196,-0.0079218,-0.0063438,-0.052624,0.0083845,0.013447,-0.00055672
-0.00014987,0.00063257,0.0022829,-0.00016055,0.0046311,-0.00065969,-0.0055759,0.0027498,0.003413,-6.2433e-05,-0.00050515,-0.00055672,0.00098839
82.858,82.858,82.858,82.858,82.858,82.858,82.858,82.858,82.858,82.858,82.858,82.858,82.858
642.81,244.51,208.63,1975.9,5.4342,302.01,787.73,893.02,591.01,40.424,221,142.1,313.02
0.3125,0.3125,0.3125,0.3125,0.3125,0.3125,0.3125,0.3125,0.3125,0.3125,0.3125,0.3125,0.3125
1242.2,335.16,78.431,2188.8,9.2789,363.34,556.56,745.85,382.5,62.049,228.79,201.33,354.47
0.125,0.125,0.125,0.125,0.125,0.125,0.125,0.125,0.125,0.125,0.125,0.125,0.125
740.45,235.09,102.83,1305.2,11.433,380.38,632.46,809.21,428.83,23.857,220.19,113.87,250.75
0.5625,0.5625,0.5625,0.5625,0.5625,0.5625,0.5625,0.5625,0.5625,0.5625,0.5625,0.5625,0.5625
