606.15,570.25,755.56,243.21,0.24222,114.88,790.41,849.37,734.48,752.32,1412.5,173.74,995.24
227.95,280.9,666.67,222.05,0.12451,95.058,708.78,774.81,633.34,486.65,920.37,143.55,990.75
1098.6,876,980.39,273.93,0.3798,145.22,848.79,898.69,803.63,932.03,1842,205.5,997.79
0.0020707,0.00014449,0.021846,0.023217,7.6213e-06,0.0051378,0.0096028,0.016399,0.011261,-0.014559,0.0049444,0.016197,0.0033662
0.00014449,0.12678,0.020196,-0.1502,0.00031515,-0.04588,-0.0023258,-0.049631,-0.003749,-0.26956,0.1014,-0.0091485,0.0038942
0.021846,0.020196,0.3271,0.27191,-0.00036918,-0.016879,0.13145,0.18527,0.20214,-0.20071,0.064843,-0.088294,0.0012501
0.023217,-0.1502,0.27191,0.58771,-0.00010411,-0.15782,0.10317,0.070779,0.2286,0.16214,-0.060634,0.14803,0.0063342
7.6213e-06,0.00031515,-0.00036918,-0.00010411,1,-0.00016438,0.00024039,0.00028385,0.00044823,0.00011095,-8.6005e-05,8.1122e-05,6.0992e-06
0.0051378,-0.04588,-0.016879,-0.15782,-0.00016438,0.90837,0.090872,0.088626,0.18026,0.046019,-0.035166,0.062028,0.0037388
0.0096028,-0.0023258,0.13145,0.10317,0.00024039,0.090872,0.88384,-0.1233,-0.21417,-0.047115,-0.029297,-0.046601,-0.0039927
0.016399,-0.049631,0.18527,0.070779,0.00028385,0.088626,-0.1233,0.86142,-0.22721,-0.031267,0.0045681,-0.039675,-0.0037379
0.011261,-0.003749,0.20214,0.2286,0.00044823,0.18026,-0.21417,-0.22721,0.59254,-0.077286,0.039735,-0.1017,-0.0074768
-0.014559,-0.26956,-0.20071,0.16214,0.00011095,0.046019,-0.047115,-0.031267,-0.077286,0.67535,-0.25043,-0.075546,-0.0022107
0.0049444,0.1014,0.064843,-0.060634,-8.6005e-05,-0.035166,-0.029297,0.0045681,0.039735,-0.25043,0.096029,0.046556,-0.0023059
0.016197,-0.0091485,-0.088294,0.14803,8.1122e-05,0.062028,-0.046601,-0.039675,-0.1017,-0.075546,0.046556,0.94052,-0.0023775
0.0033662,0.0038942,0.0012501,0.0063342,6.0992e-06,0.0037388,-0.0039927,-0.0037379,-0.0074768,-0.0022107,-0.0023059,-0.0023775,0.99982
49.479,49.479,49.479,49.479,49.479,49.479,49.479,49.479,49.479,49.479,49.479,49.479,49.479
