124.32,0.74233,0.69706,8.5876e-05,0.045214,0.047499,0.18613,0.085611,0.98851
5.8182,0.30342,0.20392,1.7687e-05,0.024778,0.009719,0.067779,0.046274,0.86773
288.17,1,1,0.00030133,0.10094,0.089785,0.24837,0.1337,0.99969
0.0002647,0.039,-0.017181,-282.1,0.076421,-1.7492,0.76967,0.9123,-0.54444
0.039,73.857,-41.053,1.5913e+05,-76.073,-2098.6,163.95,1249.8,609.25
-0.017181,-41.053,57.017,-76621,-268.18,2444.9,-267.25,-1368.9,-411.29
-282.1,1.5913e+05,-76621,3.8185e+09,-6.0174e+06,52139,-2.4795e+06,1.5447e+06,7.6908e+06
0.076421,-76.073,-268.18,-6.0174e+06,19471,-21923,5303.7,8113.3,-7837.3
-1.7492,-2098.6,2444.9,52139,-21923,1.856e+05,-30542,-1.0242e+05,-9172.9
0.76967,163.95,-267.25,-2.4795e+06,5303.7,-30542,8950.8,15099,-5772.4
0.9123,1249.8,-1368.9,1.5447e+06,8113.3,-1.0242e+05,15099,60403,7832.6
-0.54444,609.25,-411.29,7.6908e+06,-7837.3,-9172.9,-5772.4,7832.6,20263
