0,39.773,533.33,222.05,0.12451,95.058,708.78,774.81,633.34,486.65,920.37,143.55,990.75
163.35,242.65,796.08,273.93,0.3798,145.22,848.79,898.69,803.63,932.03,1842,205.5,997.79
0.085463,-0.15152,-0.10127,0.13871,0.00020911,0.080014,-0.040167,-0.021255,-0.10127,-0.054202,0.031643,0.048201,0.011822
-0.15152,0.52891,0.25617,0.10122,-0.00050727,-0.045849,0.13894,0.19854,0.24439,0.1535,-0.066248,0.041502,0.0039811
-0.10127,0.25617,0.17036,-0.12391,-2.1166e-05,-0.054763,0.071978,0.078042,0.13281,0.044423,-0.027351,0.12302,0.013203
0.13871,0.10122,-0.12391,0.94494,1.2715e-05,-0.0052513,-0.0088788,-0.016416,-0.011164,0.077817,0.014772,0.020117,-0.00039641
0.00020911,-0.00050727,-2.1166e-05,1.2715e-05,1,-0.00014953,0.00028285,0.00037022,0.00051975,0.00027614,-0.00015788,0.00010731,7.3093e-06
0.080014,-0.045849,-0.054763,-0.0052513,-0.00014953,0.95009,0.07615,0.084711,0.13463,-0.066118,0.019364,-0.005818,0.0015889
-0.040167,0.13894,0.071978,-0.0088788,0.00028285,0.07615,0.86648,-0.15425,-0.2304,0.051062,-0.064533,-0.0048295,-0.0040711
-0.021255,0.19854,0.078042,-0.016416,0.00037022,0.084711,-0.15425,0.81286,-0.27185,0.019751,-0.0051921,-0.023139,-0.0052033
-0.10127,0.24439,0.13281,-0.011164,0.00051975,0.13463,-0.2304,-0.27185,0.59353,0.08587,-0.024556,-0.017321,-0.0067922
-0.054202,0.1535,0.044423,0.077817,0.00027614,-0.066118,0.051062,0.019751,0.08587,0.098976,-0.041421,-0.19523,-0.001822
0.031643,-0.066248,-0.027351,0.014772,-0.00015788,0.019364,-0.064533,-0.0051921,-0.024556,-0.041421,0.021935,0.090351,-0.001288
0.048201,0.041502,0.12302,0.020117,0.00010731,-0.005818,-0.0048295,-0.023139,-0.017321,-0.19523,0.090351,0.92804,-0.0030626
0.011822,0.0039811,0.013203,-0.00039641,7.3093e-06,0.0015889,-0.0040711,-0.0052033,-0.0067922,-0.001822,-0.001288,-0.0030626,0.99956
46.256,46.256,46.256,46.256,46.256,46.256,46.256,46.256,46.256,46.256,46.256,46.256,46.256
107.94,116.14,693.46,243.21,0.24222,114.88,790.41,849.37,734.48,752.32,1412.5,173.74,995.24
1,1,1,1,1,1,1,1,1,1,1,1,1
