450.06,437.84,619.61,768.79,5.423,341.09,705.53,824.55,483.47,533.22
7.5605,189.19,580.39,599.23,2.5446,228.36,619.93,724.54,360.41,234.84
1272.3,588.61,658.82,1017.8,8.3105,481.82,830.79,906.88,593.8,815.82
0.1984,0.24088,0.040118,-0.2396,-0.0026965,-0.13389,0.091121,-0.0091447,0.12475,0.010533
0.24088,0.92489,-0.0086729,0.077699,0.0010226,0.046163,-0.013642,0.017253,-0.028911,0.043301
0.040118,-0.0086729,0.99378,0.0049004,-0.00012924,-0.00067644,-0.021659,-0.017593,-0.016916,-0.058352
-0.2396,0.077699,0.0049004,0.91644,-0.001251,-0.052447,-0.001565,-0.033138,0.019309,-0.094254
-0.0026965,0.0010226,-0.00012924,-0.001251,0.99997,-0.0009134,-0.00076654,-0.0011636,-0.00025018,-0.0035935
-0.13389,0.046163,-0.00067644,-0.052447,-0.0009134,0.96471,-0.014744,-0.03316,0.0021325,-0.099576
0.091121,-0.013642,-0.021659,-0.001565,-0.00076654,-0.014744,0.9202,-0.072274,-0.05753,-0.23606
-0.0091447,0.017253,-0.017593,-0.033138,-0.0011636,-0.03316,-0.072274,0.9225,-0.044341,-0.24782
0.12475,-0.028911,-0.016916,0.019309,-0.00025018,0.0021325,-0.05753,-0.044341,0.95353,-0.14824
0.010533,0.043301,-0.058352,-0.094254,-0.0035935,-0.099576,-0.23606,-0.24782,-0.14824,0.20559
24.927,24.927,24.927,24.927,24.927,24.927,24.927,24.927,24.927,24.927
