144.61,0.37581,0.74431,0.73386,0.0079114,0.31893,0.77015,0.85852,0.53959,0.27991
37.742,0.11979,0.58823,0.58814,0.0020684,0.22732,0.63469,0.69351,0.46618,0.089305
202.5,0.76636,0.9098,0.88352,0.01799,0.44391,0.87566,1.0245,0.6331,0.49
0.011128,1.2542,-1.1905,1.258,0.093319,1.1718,0.96655,1.5474,0.37561,1.2252
1.2542,210.47,-243.3,30.921,2.177,18.273,141.86,126.48,108.21,201.27
-1.1905,-243.3,513.39,282.98,-1.5898,-62.619,-82.427,-94.735,-32.114,-271.64
1.258,30.921,282.98,717.9,2.7833,66.375,205.3,209.19,142.81,5.8232
0.093319,2.177,-1.5898,2.7833,999.96,-0.72496,-2.8341,-2.8094,-2.0844,0.47645
1.1718,18.273,-62.619,66.375,-0.72496,983.49,-52.052,-52.57,-36.061,-14.402
0.96655,141.86,-82.427,205.3,-2.8341,-52.052,773.17,-224.16,-172.11,127.83
1.5474,126.48,-94.735,209.19,-2.8094,-52.57,-224.16,778.04,-169.39,121.98
0.37561,108.21,-32.114,142.81,-2.0844,-36.061,-172.11,-169.39,866.67,136.38
1.2252,201.27,-271.64,5.8232,0.47645,-14.402,127.83,121.98,136.38,242.46
