338.1,588.2,840.2,60.531,126.07,1350.2,918.04,1449.3,99.136,103.3,713.09,415.17,50.804
148.49,171.17,776.47,32.493,113.37,1269.2,721.38,1281.7,12.461,74.781,674.3,326.11,9.6883
832.09,954.54,898.04,88.819,146.03,1412.6,1086.4,1565,195.93,159.05,769.96,543.42,78.468
0.22892,-0.19745,0.26711,-0.061927,-0.01851,0.10418,0.17999,0.083346,-0.020839,0.013266,-0.049343,0.018272,-0.091628
-0.19745,0.22553,-0.14851,0.025194,-0.016471,-0.23676,-0.13179,-0.15701,0.079751,0.025918,-0.04778,0.012705,0.071672
0.26711,-0.14851,0.72029,0.026131,-0.011603,-0.16382,0.064925,0.035817,0.19964,-0.052161,-0.040257,-0.16202,0.066464
-0.061927,0.025194,0.026131,0.99222,-0.0017257,0.020262,0.035805,0.024175,0.0039125,-0.0035993,-0.00489,-0.0088481,-0.012366
-0.01851,-0.016471,-0.011603,-0.0017257,0.99764,-0.0075588,0.022866,0.013128,0.020686,-0.0057616,-0.0073098,-0.018191,7.9978e-05
0.10418,-0.23676,-0.16382,0.020262,-0.0075588,0.87057,-0.016937,-0.028988,0.10044,-0.015287,-0.024821,-0.062684,0.049484
0.17999,-0.13179,0.064925,0.035805,0.022866,-0.016937,0.64743,-0.23784,-0.2209,0.082701,0.072071,0.23133,0.035576
0.083346,-0.15701,0.035817,0.024175,0.013128,-0.028988,-0.23784,0.83286,-0.13815,0.056621,0.041936,0.15283,0.027331
-0.020839,0.079751,0.19964,0.0039125,0.020686,0.10044,-0.2209,-0.13815,0.76141,0.071907,0.066756,0.21552,-0.022153
0.013266,0.025918,-0.052161,-0.0035993,-0.0057616,-0.015287,0.082701,0.056621,0.071907,0.97493,-0.018869,-0.070835,0.0013807
-0.049343,-0.04778,-0.040257,-0.00489,-0.0073098,-0.024821,0.072071,0.041936,0.066756,-0.018869,0.9772,-0.059016,0.0011378
0.018272,0.012705,-0.16202,-0.0088481,-0.018191,-0.062684,0.23133,0.15283,0.21552,-0.070835,-0.059016,0.79494,0.0091616
-0.091628,0.071672,0.066464,-0.012366,7.9978e-05,0.049484,0.035576,0.027331,-0.022153,0.0013807,0.0011378,0.0091616,0.97629
32.158,32.158,32.158,32.158,32.158,32.158,32.158,32.158,32.158,32.158,32.158,32.158,32.158
