785.47,674.16,660.39,1237.6,0.089052,45.142,685.8,703.26,658.12,12.041,98.536,41.713,975.56
174.63,218.75,247.06,627.24,0.0053964,17.618,577.11,597.81,556.85,10.284,78.309,34.343,912.87
1382.8,979.51,956.86,2019.3,0.2717,73.099,789.01,804.18,770.25,15.654,119.25,48.743,998.88
0.0001438,-0.00012059,4.1434e-05,-0.00011526,4.1838e-05,0.0034002,-0.0046869,0.004404,0.0010048,-0.0030512,0.0023561,-0.0057779,0.0026982
-0.00012059,0.00017342,-4.0714e-05,0.00012449,1.4336e-05,-0.0027862,0.0017427,-0.002668,0.00011761,0.0029329,-0.0020037,0.0087972,-0.0024607
4.1434e-05,-4.0714e-05,5.1603e-05,-3.9115e-05,4.7913e-05,0.00052968,-0.00014568,0.00047733,-5.1134e-05,-0.0022231,0.00075575,-0.0012755,0.00050526
-0.00011526,0.00012449,-3.9115e-05,0.00012243,-4.5489e-06,-0.0022694,0.0010707,-0.00202,0.00024833,0.0030719,-0.0018756,0.0071643,-0.0019821
4.1838e-05,1.4336e-05,4.7913e-05,-4.5489e-06,0.99996,-0.00091247,0.00011876,-0.00049047,0.00042188,-0.00043232,0.00095841,0.0032304,0.0019795
0.0034002,-0.0027862,0.00052968,-0.0022694,-0.00091247,0.43828,-0.18458,-0.18063,0.38108,-0.068797,0.055395,-0.11513,0.081411
-0.0046869,0.0017427,-0.00014568,0.0010707,0.00011876,-0.18458,0.55283,-0.37526,-0.19068,-0.06274,-0.079586,-0.080781,-0.12526
0.004404,-0.002668,0.00047733,-0.00202,-0.00049047,-0.18063,-0.37526,0.60572,-0.21364,-0.014874,0.073866,-0.035845,0.1101
0.0010048,0.00011761,-5.1134e-05,0.00024833,0.00042188,0.38108,-0.19068,-0.21364,0.40528,0.053921,0.018494,0.079292,0.028675
-0.0030512,0.0029329,-0.0022231,0.0030719,-0.00043232,-0.068797,-0.06274,-0.014874,0.053921,0.95105,-0.13394,0.014943,-0.06977
0.0023561,-0.0020037,0.00075575,-0.0018756,0.00095841,0.055395,-0.079586,0.073866,0.018494,-0.13394,0.059879,-0.053784,0.042797
-0.0057779,0.0087972,-0.0012755,0.0071643,0.0032304,-0.11513,-0.080781,-0.035845,0.079292,0.014943,-0.053784,0.69826,-0.11278
0.0026982,-0.0024607,0.00050526,-0.0019821,0.0019795,0.081411,-0.12526,0.1101,0.028675,-0.06977,0.042797,-0.11278,0.066382
69.689,69.689,69.689,69.689,69.689,69.689,69.689,69.689,69.689,69.689,69.689,69.689,69.689
