0.37181,0.33091,0.15475,0.15739,0.1388,0.28308,0.17656,0.078321,0.28215,0.018451,0.81487,0.4144,0.78073,0.19045,0.27807,0.38311,0.31141,0.65786,-0.041778,0.44876,0.44876,0.44876,0.00034201
0.13312,0.103,0.06585,0.062505,0.004391,0.070109,0.075359,0.0017056,0.00052688,0.00044469,0.11057,0.086918,0.0012919,0.0014661,0.016209,0.010148,0.024831,0.0063498,-0.20292,0.22732,0.22732,0.22732,3.5434e-06
0.81009,0.75639,0.29962,0.30683,0.39797,0.63896,0.29226,0.21721,0.76614,0.064106,0.99621,0.99375,0.99955,0.95487,0.98008,0.99967,0.93792,0.98898,0.016693,0.79548,0.79548,0.79548,0.0042396
705.88,-276.35,-84.599,-92.45,-94.235,-163.8,-100.6,20.772,-193.27,-5.862,5.3158,36.404,44.051,20.493,21.957,8.1258,-4.0972,31.352,-36.467,-14.09,-14.09,-14.09,-1.9948
-276.35,716.24,-38.886,-49.365,-118.16,-181.4,-84.058,22.145,-198.36,8.0459,-30.996,11.692,46.016,-26.013,23.678,-4.3068,13.925,-23.344,-53.714,17.664,17.664,17.664,-1.5082
-84.599,-38.886,884.91,-108.92,9.6295,10.575,-65.938,1.9234,-15.145,-18.165,19.774,14.854,35.811,44.811,8.9347,-5.8912,-23.928,36.462,25.971,-77.708,-77.708,-77.708,-1.4125
-92.45,-49.365,-108.92,880.12,-7.2923,13.944,-81.206,-23.044,-24.309,-9.5151,18.648,12.13,27.789,38.399,7.2243,-10.305,-36.245,29.915,-0.8666,-65.219,-65.219,-65.219,-1.6071
-94.235,-118.16,9.6295,-7.2923,387.24,136.62,-181.65,-63.514,-9.9734,17.725,-103.9,-66.537,-41.081,-71.135,-69.551,22.203,-110.7,-29.285,196.1,22.766,22.766,22.766,-0.2947
-163.8,-181.4,10.575,13.944,136.62,553,56.444,-111.78,-202.01,-31.842,1.5626,21.873,52.358,14.764,41.095,29.632,65.428,42.836,-87.014,8.7117,8.7117,8.7117,0.35934
-100.6,-84.058,-65.938,-81.206,-181.65,56.444,512.14,-7.0578,183.27,20.07,124.46,79.1,-18.42,77.375,45.903,-91.871,28.167,-9.5198,-101.86,18.94,18.94,18.94,-2.2543
20.772,22.145,1.9234,-23.044,-63.514,-111.78,-7.0578,716.42,58.455,-26.665,-12.298,46.01,40.366,-20.298,20.164,-16.486,68.533,16.168,6.7158,-89.74,-89.74,-89.74,-0.59783
-193.27,-198.36,-15.145,-24.309,-9.9734,-202.01,183.27,58.455,579.36,6.9311,20.831,-27.905,-162.22,-74.827,-81.543,-11.373,-42.263,-44.581,76.529,2.9714,2.9714,2.9714,2.575
-5.862,8.0459,-18.165,-9.5151,17.725,-31.842,20.07,-26.665,6.9311,955.83,24.64,-3.9659,-9.5268,49.819,-8.2656,16.615,-33.982,42.685,-6.5193,15.4,15.4,15.4,-0.14114
5.3158,-30.996,19.774,18.648,-103.9,1.5626,124.46,-12.298,20.831,24.64,409.87,62.822,205.65,127.72,-185.75,110.15,5.0489,-238.16,-32.473,7.9303,7.9303,7.9303,-1.9722
36.404,11.692,14.854,12.13,-66.537,21.873,79.1,46.01,-27.905,-3.9659,62.822,501.11,63.387,-243.78,84.533,-50.359,-337.09,1.7667,-104.65,-1.589,-1.589,-1.589,0.40554
44.051,46.016,35.811,27.789,-41.081,52.358,-18.42,40.366,-162.22,-9.5268,205.65,63.387,399.78,113.21,-10.357,56.804,-109.6,-250.2,31.706,-20.879,-20.879,-20.879,4.7833
20.493,-26.013,44.811,38.399,-71.135,14.764,77.375,-20.298,-74.827,49.819,127.72,-243.78,113.21,511.01,127.72,-248.75,133.01,-91.52,92.807,9.9948,9.9948,9.9948,1.6111
21.957,23.678,8.9347,7.2243,-69.551,41.095,45.903,20.164,-81.543,-8.2656,-185.75,84.533,-10.357,127.72,350.52,-321.91,-76.748,108.5,-36.991,-9.3484,-9.3484,-9.3484,2.2389
8.1258,-4.3068,-5.8912,-10.305,22.203,29.632,-91.871,-16.486,-11.373,16.615,110.15,-50.359,56.804,-248.75,-321.91,463.27,138.84,-17.545,-81.11,-16.28,-16.28,-16.28,1.9209
-4.0972,13.925,-23.928,-36.245,-110.7,65.428,28.167,68.533,-42.263,-33.982,5.0489,-337.09,-109.6,133.01,-76.748,138.84,470.6,115.2,-136.46,-27.668,-27.668,-27.668,-0.21718
31.352,-23.344,36.462,29.915,-29.285,42.836,-9.5198,16.168,-44.581,42.685,-238.16,1.7667,-250.2,-91.52,108.5,-17.545,115.2,316.86,-89.99,-13.127,-13.127,-13.127,1.5263
-36.467,-53.714,25.971,-0.8666,196.1,-87.014,-101.86,6.7158,76.529,-6.5193,-32.473,-104.65,31.706,92.807,-36.991,-81.11,-136.46,-89.99,575.74,28.739,28.739,28.739,-1.9129
-14.09,17.664,-77.708,-65.219,22.766,8.7117,18.94,-89.74,2.9714,15.4,7.9303,-1.589,-20.879,9.9948,-9.3484,-16.28,-27.668,-13.127,28.739,704.09,-295.91,-295.91,-0.37258
-14.09,17.664,-77.708,-65.219,22.766,8.7117,18.94,-89.74,2.9714,15.4,7.9303,-1.589,-20.879,9.9948,-9.3484,-16.28,-27.668,-13.127,28.739,-295.91,704.09,-295.91,-0.37258
-14.09,17.664,-77.708,-65.219,22.766,8.7117,18.94,-89.74,2.9714,15.4,7.9303,-1.589,-20.879,9.9948,-9.3484,-16.28,-27.668,-13.127,28.739,-295.91,-295.91,704.09,-0.37258
-1.9948,-1.5082,-1.4125,-1.6071,-0.2947,0.35934,-2.2543,-0.59783,2.575,-0.14114,-1.9722,0.40554,4.7833,1.6111,2.2389,1.9209,-0.21718,1.5263,-1.9129,-0.37258,-0.37258,-0.37258,999.91
