326.03,212.04,480,1275.7,32.762,652.33,548.79,762.77,110.44,684.91
0,45,286.27,445.63,11.573,408.33,507.08,700.07,-29.845,146.51
1372.8,616.44,784.31,2145.3,67.303,897.11,572.18,867.27,291.74,1928
0.003331,-0.026212,-0.018272,0.0077045,-0.0065778,0.021655,-0.011309,-0.01445,-0.036105,-0.0090752
-0.026212,0.35365,0.36393,-0.013382,-0.051047,-0.23318,0.087916,-0.076961,0.15622,-0.01468
-0.018272,0.36393,0.63969,0.18811,0.015819,-0.016545,-0.057164,0.0041051,0.02065,-0.24099
0.0077045,-0.013382,0.18811,0.17983,0.01414,0.22181,0.025951,0.094554,-0.12725,-0.19145
-0.0065778,-0.051047,0.015819,0.01414,0.99489,-0.030621,0.0062767,-0.0093654,0.021255,-0.021626
0.021655,-0.23318,-0.016545,0.22181,-0.030621,0.76667,0.023908,-0.069299,0.16404,-0.20335
-0.011309,0.087916,-0.057164,0.025951,0.0062767,0.023908,0.98709,0.0071942,-0.016714,0.0026761
-0.01445,-0.076961,0.0041051,0.094554,-0.0093654,-0.069299,0.0071942,0.97671,0.046011,-0.024442
-0.036105,0.15622,0.02065,-0.12725,0.021255,0.16404,-0.016714,0.046011,0.88198,0.17891
-0.0090752,-0.01468,-0.24099,-0.19145,-0.021626,-0.20335,0.0026761,-0.024442,0.17891,0.21622
48.545,48.545,48.545,48.545,48.545,48.545,48.545,48.545,48.545,48.545
