39.062,44.444,176.47,431.41,11.831,414.85,855.02,1039.9,624.56,58.524,1.1857e-11,1.205e-11,1.1817e-11,1.2037e-11
1354.2,157.9,384.31,732.76,15.268,469.39,964.55,1131.7,690.06,87.951,2.3055e-10,2.5621e-10,2.2994e-10,2.5463e-10
0.00015402,-0.0072819,0.00038015,0.0026868,-0.0014457,0.00096297,0.0012886,0.0020604,0.0010967,0.0084959,5.5377e-14,6.1235e-14,5.9214e-14,6.4834e-14
-0.0072819,0.36736,-0.02562,-0.13884,0.0012377,-0.063074,-0.074563,-0.099281,-0.036177,-0.43091,-9.0551e-13,-9.6462e-13,-9.2539e-13,-9.0814e-13
0.00038015,-0.02562,0.0093745,0.012198,0.034402,0.024185,0.015703,0.0033424,-0.020778,0.036276,4.8286e-14,1.2258e-13,-6.3277e-14,-6.2319e-14
0.0026868,-0.13884,0.012198,0.053571,0.011322,0.030399,0.031524,0.036567,0.006167,0.16443,4.4777e-13,5.2954e-13,3.956e-13,4.0164e-13
-0.0014457,0.0012377,0.034402,0.011322,0.98049,0.070344,0.048946,-0.015711,-0.086117,-0.018917,1.8521e-13,1.3649e-13,2.6826e-13,2.7177e-13
0.00096297,-0.063074,0.024185,0.030399,0.070344,0.39921,0.041487,-0.32527,0.27578,0.090749,8.0004e-13,1.2452e-12,4.4121e-13,6.4122e-13
0.0012886,-0.074563,0.015703,0.031524,0.048946,0.041487,0.032343,0.014119,-0.027261,0.098874,-2.7982e-12,-2.9784e-12,-2.905e-12,-3.1237e-12
0.0020604,-0.099281,0.0033424,0.036567,-0.015711,-0.32527,0.014119,0.36345,-0.31132,0.11182,1.632e-12,1.8842e-12,1.6675e-12,1.9091e-12
0.0010967,-0.036177,-0.020778,0.006167,-0.086117,0.27578,-0.027261,-0.31132,0.4126,0.021046,8.3251e-13,6.3927e-13,1.2271e-12,1.2687e-12
0.0084959,-0.43091,0.036276,0.16443,-0.018917,0.090749,0.098874,0.11182,0.021046,0.52836,-9.0508e-13,-1.0746e-12,-8.4094e-13,-8.768e-13
5.5377e-14,-9.0551e-13,4.8286e-14,4.4777e-13,1.8521e-13,8.0004e-13,-2.7982e-12,1.632e-12,8.3251e-13,-9.0508e-13,1,-1.5347e-23,-1.4512e-23,-1.5742e-23
6.1235e-14,-9.6462e-13,1.2258e-13,5.2954e-13,1.3649e-13,1.2452e-12,-2.9784e-12,1.8842e-12,6.3927e-13,-1.0746e-12,-1.5347e-23,1,-1.5546e-23,-1.6963e-23
5.9214e-14,-9.2539e-13,-6.3277e-14,3.956e-13,2.6826e-13,4.4121e-13,-2.905e-12,1.6675e-12,1.2271e-12,-8.4094e-13,-1.4512e-23,-1.5546e-23,1,-1.6547e-23
6.4834e-14,-9.0814e-13,-6.2319e-14,4.0164e-13,2.7177e-13,6.4122e-13,-3.1237e-12,1.9091e-12,1.2687e-12,-8.768e-13,-1.5742e-23,-1.6963e-23,-1.6547e-23,1
49.965,49.965,49.965,49.965,49.965,49.965,49.965,49.965,49.965,49.965,49.965,49.965,49.965,49.965
828.45,90.906,285.29,575.11,13.765,439.1,902.35,1091.5,652.35,73.602,6.189e-11,6.9151e-11,6.2201e-11,6.8085e-11
1,1,1,1,1,1,1,1,1,1,1,1,1,1
