0.74401,0.71239,0.11902,-0.37292,0.65681,0.65681,0.65681,0.082118
0.37837,0.32101,-0.17245,-0.9835,0.31667,0.31667,0.31667,0.00030391
1.316,1.3119,0.44337,0.19779,0.9724,0.9724,0.9724,0.46747
417.49,-345.91,-41.34,5.3194,-11.785,-11.785,-11.785,-89.947
-345.91,351.47,80.223,-0.83981,5.2729,5.2729,5.2729,-4.1078
-41.34,80.223,187.5,-46.958,-12.273,-12.273,-12.273,-63.798
5.3194,-0.83981,-46.958,26.301,1.1578,1.1578,1.1578,13.52
-11.785,5.2729,-12.273,1.1578,672.61,-327.39,-327.39,10.114
-11.785,5.2729,-12.273,1.1578,-327.39,672.61,-327.39,10.114
-11.785,5.2729,-12.273,1.1578,-327.39,-327.39,672.61,10.114
-89.947,-4.1078,-63.798,13.52,10.114,10.114,10.114,213.34
