875.06,864.52,-135.38,-566.26,206.18,206.18,206.18,7.3398,-792.16
1517.5,1500.7,224.78,-442.12,931.6,931.6,931.6,487.03,-284.65
0.84737,-0.15314,-0.063458,0.010682,-0.16658,-0.16658,-0.16658,-0.11428,0.073736
-0.15314,0.8452,-0.050965,0.019431,-0.16382,-0.16382,-0.16382,-0.11484,0.1035
-0.063458,-0.050965,0.83239,-0.092402,-0.10615,-0.10615,-0.10615,-0.04555,-0.29745
0.010682,0.019431,-0.092402,0.93284,-0.013639,-0.013639,-0.013639,0.0093435,-0.23015
-0.16658,-0.16382,-0.10615,-0.013639,0.80856,-0.19144,-0.19144,-0.12421,-0.0052338
-0.16658,-0.16382,-0.10615,-0.013639,-0.19144,0.80856,-0.19144,-0.12421,-0.0052338
-0.16658,-0.16382,-0.10615,-0.013639,-0.19144,-0.19144,0.80856,-0.12421,-0.0052338
-0.11428,-0.11484,-0.04555,0.0093435,-0.12421,-0.12421,-0.12421,0.91441,0.059767
0.073736,0.1035,-0.29745,-0.23015,-0.0052338,-0.0052338,-0.0052338,0.059767,0.20211
24.666,24.666,24.666,24.666,24.666,24.666,24.666,24.666,24.666
1293.5,1284.3,39.296,-489.78,663.06,663.06,663.06,320.64,-485.2
1,1,1,1,1,1,1,1,1
