0,118.64,23.529,252.63,2.7235,206.05,258.58,570.74,-71.775,1.0843,137.61,47.148,0.27398
1392.5,824.56,580.39,1832.1,60.19,897.11,845.71,979.52,672.98,114.13,502.4,337.55,94.898
4.3761e-06,5.0077e-06,4.4927e-06,-3.3643e-06,-4.872e-06,-1.4273e-05,1.9695e-05,-1.7698e-05,-3.4006e-06,-3.1814e-05,4.4064e-05,1.4907e-05,8.4264e-06
5.0077e-06,0.00010022,3.2391e-05,-6.1983e-06,-0.00022416,-6.0189e-05,9.1207e-05,-9.0489e-05,-3.0261e-05,-0.00022346,9.7267e-05,6.6924e-05,0.00025013
4.4927e-06,3.2391e-05,0.00010325,-3.8362e-06,-0.00065468,1.2792e-05,-0.00011288,5.3225e-05,3.9819e-05,-0.00010467,3.4492e-05,-4.1989e-05,-6.708e-05
-3.3643e-06,-6.1983e-06,-3.8362e-06,2.3661e-05,-0.00025628,8.1788e-05,-3.4088e-05,6.1697e-05,-1.9546e-05,0.00016216,-0.00016756,-8.6769e-05,-0.00011787
-4.872e-06,-0.00022416,-0.00065468,-0.00025628,0.032369,-0.0021241,0.0014794,-0.0020405,8.8602e-05,-0.0029196,0.00052568,0.0015692,0.0024222
-1.4273e-05,-6.0189e-05,1.2792e-05,8.1788e-05,-0.0021241,0.3338,-0.00021253,-0.33295,0.33324,0.00079252,-0.00085114,-0.00039978,-0.00062141
1.9695e-05,9.1207e-05,-0.00011288,-3.4088e-05,0.0014794,-0.00021253,0.0011396,-0.00067814,-0.00046491,-0.00022933,0.00030453,0.00018857,0.0006966
-1.7698e-05,-9.0489e-05,5.3225e-05,6.1697e-05,-0.0020405,-0.33295,-0.00067814,0.33391,-0.33314,0.00064897,-0.00059378,-0.00032181,-0.00074567
-3.4006e-06,-3.0261e-05,3.9819e-05,-1.9546e-05,8.8602e-05,0.33324,-0.00046491,-0.33314,0.33362,-0.0001432,0.00025371,7.6771e-05,-0.00012494
-3.1814e-05,-0.00022346,-0.00010467,0.00016216,-0.0029196,0.00079252,-0.00022933,0.00064897,-0.0001432,0.0056202,-0.0016122,-0.0013931,-0.0025658
4.4064e-05,9.7267e-05,3.4492e-05,-0.00016756,0.00052568,-0.00085114,0.00030453,-0.00059378,0.00025371,-0.0016122,0.0024249,0.00067353,0.0011845
1.4907e-05,6.6924e-05,-4.1989e-05,-8.6769e-05,0.0015692,-0.00039978,0.00018857,-0.00032181,7.6771e-05,-0.0013931,0.00067353,0.00081642,0.00059406
8.4264e-06,0.00025013,-6.708e-05,-0.00011787,0.0024222,-0.00062141,0.0006966,-0.00074567,-0.00012494,-0.0025658,0.0011845,0.00059406,0.0035659
100.53,100.53,100.53,100.53,100.53,100.53,100.53,100.53,100.53,100.53,100.53,100.53,100.53
551.41,289.66,256.17,727.64,23.165,587.98,454.98,728.7,140.72,23.09,350.37,178.3,40.107
1,1,1,1,1,1,1,1,1,1,1,1,1
