648.53,561.27,-254.82,483.66,246.34,163.73,254.03,197.97,447.48,38.101,658.41,560.06,600.9,168.61,480.92,510.64,459.42,288.37,-650.4,50.799,50.799,50.799,63.997,-15.099,-70040,165.57,-332.35
287.53,92.067,-360.08,82.302,12.557,4.4188,152.66,48.827,29.565,0.23219,62.903,91.773,31.314,7.3695,3.3457,1.3365,15.812,28.585,-873.65,-36.188,-36.188,-36.188,0.0048604,-1019.2,-3.25e+05,66.165,-478.43
1705.8,1667.3,-134.1,1630.5,606.87,359.2,356.61,611.56,1667.2,131.28,987.09,993.45,999.6,509.47,993.54,999.47,997.99,928.75,-408.33,91.966,91.966,91.966,239.65,460.43,26939,632.85,-258.82
0.77725,-0.24943,0.012069,-0.20911,-0.041725,-0.022355,-0.0040174,-0.046335,-0.23105,-0.014582,-0.016913,0.013172,0.037797,0.020981,0.005351,0.01502,0.0027888,0.018834,0.0070155,0.028363,0.028363,0.028363,-0.048505,0.0034896,-0.00023764,-0.012741,0.033299
-0.24943,0.66622,-0.028727,-0.18958,-0.10141,-0.006473,0.015676,-0.12791,-0.20627,-0.034064,8.1277e-06,0.042311,0.10046,0.054148,0.068951,0.081031,0.056162,0.074661,-0.076105,0.012922,0.012922,0.012922,-0.068311,-0.027593,-0.00013009,0.067168,0.040623
0.012069,-0.028727,0.95615,0.032828,-0.031105,0.022595,0.02675,-0.058927,0.05406,-0.012013,0.00082433,-0.0062174,0.015696,-0.018395,0.067587,0.051703,0.049556,-0.014171,-0.081525,-0.0071945,-0.0071945,-0.0071945,-0.025517,-0.025514,9.6781e-05,0.11187,0.002635
-0.20911,-0.18958,0.032828,0.60469,0.2087,-0.015281,-0.022499,-0.08583,-0.12559,0.037265,0.012811,-0.13515,-0.047784,-0.08428,0.067496,0.046061,-0.015442,-0.046204,0.015777,0.065097,0.065097,0.065097,-0.080435,0.003173,-0.00032761,-0.17528,0.049344
-0.041725,-0.10141,-0.031105,0.2087,0.64481,0.022209,0.03035,0.064418,-0.18313,-0.066811,-0.005494,0.17092,-0.00099318,0.16839,-0.019615,0.033356,-0.049319,0.020258,-0.020295,-0.048813,-0.048813,-0.048813,0.040992,0.027826,-0.00017739,0.23795,-0.018378
-0.022355,-0.006473,0.022595,-0.015281,0.022209,0.95715,-0.011755,0.010459,-0.034204,0.0015991,-0.061442,0.036121,0.078486,-0.023749,-0.088454,-0.094617,0.04565,0.018819,0.047424,0.012583,0.012583,0.012583,-0.0050952,-0.03476,0.000321,-0.053284,0.001206
-0.0040174,0.015676,0.02675,-0.022499,0.03035,-0.011755,0.97877,0.023908,-0.012168,0.0083763,0.02422,-0.0016189,0.01018,0.023418,-0.031751,-0.017486,-0.028951,0.052036,0.042779,-0.0004778,-0.0004778,-0.0004778,0.021999,0.025388,-0.00024751,-0.091564,-0.00052971
-0.046335,-0.12791,-0.058927,-0.08583,0.064418,0.010459,0.023908,0.77049,0.13907,0.002504,-0.024551,0.04757,0.08925,0.040221,0.1279,0.12543,0.12617,0.03357,-0.13903,-0.0068317,-0.0068317,-0.0068317,-0.074308,-0.18762,-0.00060889,-0.029727,0.025256
-0.23105,-0.20627,0.05406,-0.12559,-0.18313,-0.034204,-0.012168,0.13907,0.57434,-0.032091,-0.041188,0.042643,-0.048611,0.034327,-0.10998,-0.084597,-0.10428,-0.053769,0.12132,0.030569,0.030569,0.030569,0.0019899,0.11413,0.00073626,0.061727,0.013437
-0.014582,-0.034064,-0.012013,0.037265,-0.066811,0.0015991,0.0083763,0.002504,-0.032091,0.9837,0.00093134,0.022187,0.031648,0.012335,-0.0028567,-0.0010333,0.013963,0.024588,-0.016902,-0.0073479,-0.0073479,-0.0073479,0.0020216,0.014202,-3.7868e-05,0.066675,-0.001231
-0.016913,8.1277e-06,0.00082433,0.012811,-0.005494,-0.061442,0.02422,-0.024551,-0.041188,0.00093134,0.75333,0.1324,0.021123,-0.057027,-0.1186,-0.14642,0.1108,-0.21991,0.040154,0.030053,0.030053,0.030053,-0.066415,-0.22724,-0.00044701,0.030538,-0.0017969
0.013172,0.042311,-0.0062174,-0.13515,0.17092,0.036121,-0.0016189,0.04757,0.042643,0.022187,0.1324,0.70514,-0.044339,-0.23483,0.089478,0.013151,-0.014407,0.012397,-0.037525,0.041423,0.041423,0.041423,-0.01566,0.23709,0.00087432,0.078569,0.013542
0.037797,0.10046,0.015696,-0.047784,-0.00099318,0.078486,0.01018,0.08925,-0.048611,0.031648,0.021123,-0.044339,0.57536,0.071347,0.1196,0.15278,-0.24246,-0.32608,0.043474,0.003922,0.003922,0.003922,0.010315,0.0012333,-0.00024032,-0.015799,-0.010444
0.020981,0.054148,-0.018395,-0.08428,0.16839,-0.023749,0.023418,0.040221,0.034327,0.012335,-0.057027,-0.23483,0.071347,0.63351,-0.031499,-0.16266,0.14146,-0.099031,-0.027075,0.070204,0.070204,0.070204,-0.070009,0.11513,0.00015221,0.18546,0.010348
0.005351,0.068951,0.067587,0.067496,-0.019615,-0.088454,-0.031751,0.1279,-0.10998,-0.0028567,-0.1186,0.089478,0.1196,-0.031499,0.75705,-0.24368,0.033185,0.027542,0.15611,0.015472,0.015472,0.015472,0.03561,-0.0057614,-0.00019913,-0.084084,-0.016293
0.01502,0.081031,0.051703,0.046061,0.033356,-0.094617,-0.017486,0.12543,-0.084597,-0.0010333,-0.14642,0.013151,0.15278,-0.16266,-0.24368,0.70626,0.099007,-0.01284,0.12978,0.038749,0.038749,0.038749,0.0036679,0.018375,6.8411e-05,0.0016831,-0.012064
0.0027888,0.056162,0.049556,-0.015442,-0.049319,0.04565,-0.028951,0.12617,-0.10428,0.013963,0.1108,-0.014407,-0.24246,0.14146,0.033185,0.099007,0.76131,-0.047937,0.090784,-0.017785,-0.017785,-0.017785,0.072503,0.11341,0.00087877,-0.10759,-0.011799
0.018834,0.074661,-0.014171,-0.046204,0.020258,0.018819,0.052036,0.03357,-0.053769,0.024588,-0.21991,0.012397,-0.32608,-0.099031,0.027542,-0.01284,-0.047937,0.479,0.022458,0.04748,0.04748,0.04748,-0.086676,-0.18508,-0.000656,0.12751,-0.0048566
0.0070155,-0.076105,-0.081525,0.015777,-0.020295,0.047424,0.042779,-0.13903,0.12132,-0.016902,0.040154,-0.037525,0.043474,-0.027075,0.15611,0.12978,0.090784,0.022458,0.83367,-0.013689,-0.013689,-0.013689,-0.048884,-0.033664,0.00034443,0.16514,0.01183
0.028363,0.012922,-0.0071945,0.065097,-0.048813,0.012583,-0.0004778,-0.0068317,0.030569,-0.0073479,0.030053,0.041423,0.003922,0.070204,0.015472,0.038749,-0.017785,0.04748,-0.013689,0.97686,-0.023137,-0.023137,0.023316,-0.0054937,-0.0001992,-0.0030147,-0.0069563
0.028363,0.012922,-0.0071945,0.065097,-0.048813,0.012583,-0.0004778,-0.0068317,0.030569,-0.0073479,0.030053,0.041423,0.003922,0.070204,0.015472,0.038749,-0.017785,0.04748,-0.013689,-0.023137,0.97686,-0.023137,0.023316,-0.0054937,-0.0001992,-0.0030147,-0.0069563
0.028363,0.012922,-0.0071945,0.065097,-0.048813,0.012583,-0.0004778,-0.0068317,0.030569,-0.0073479,0.030053,0.041423,0.003922,0.070204,0.015472,0.038749,-0.017785,0.04748,-0.013689,-0.023137,-0.023137,0.97686,0.023316,-0.0054937,-0.0001992,-0.0030147,-0.0069563
-0.048505,-0.068311,-0.025517,-0.080435,0.040992,-0.0050952,0.021999,-0.074308,0.0019899,0.0020216,-0.066415,-0.01566,0.010315,-0.070009,0.03561,0.0036679,0.072503,-0.086676,-0.048884,0.023316,0.023316,0.023316,0.93743,-0.077102,0.00020539,0.053676,0.015144
0.0034896,-0.027593,-0.025514,0.003173,0.027826,-0.03476,0.025388,-0.18762,0.11413,0.014202,-0.22724,0.23709,0.0012333,0.11513,-0.0057614,0.018375,0.11341,-0.18508,-0.033664,-0.0054937,-0.0054937,-0.0054937,-0.077102,0.59132,0.0017733,-0.11567,0.0047398
-0.00023764,-0.00013009,9.6781e-05,-0.00032761,-0.00017739,0.000321,-0.00024751,-0.00060889,0.00073626,-3.7868e-05,-0.00044701,0.00087432,-0.00024032,0.00015221,-0.00019913,6.8411e-05,0.00087877,-0.000656,0.00034443,-0.0001992,-0.0001992,-0.0001992,0.00020539,0.0017733,7.0701e-06,-0.00021662,-7.8407e-05
-0.012741,0.067168,0.11187,-0.17528,0.23795,-0.053284,-0.091564,-0.029727,0.061727,0.066675,0.030538,0.078569,-0.015799,0.18546,-0.084084,0.0016831,-0.10759,0.12751,0.16514,-0.0030147,-0.0030147,-0.0030147,0.053676,-0.11567,-0.00021662,0.43058,0.0072579
0.033299,0.040623,0.002635,0.049344,-0.018378,0.001206,-0.00052971,0.025256,0.013437,-0.001231,-0.0017969,0.013542,-0.010444,0.010348,-0.016293,-0.012064,-0.011799,-0.0048566,0.01183,-0.0069563,-0.0069563,-0.0069563,0.015144,0.0047398,-7.8407e-05,0.0072579,0.99201
93.892,93.892,93.892,93.892,93.892,93.892,93.892,93.892,93.892,93.892,93.892,93.892,93.892,93.892,93.892,93.892,93.892,93.892,93.892,93.892,93.892,93.892,93.892,93.892,93.892,93.892,93.892
