569.12,446.04,-775.41,-1688,-14.911,-14.911,-14.911,0.040519,-326.01
1442.6,1442.6,-2.525,-613.23,783.21,783.21,783.21,255.47,301.27
0.00077301,-0.0007528,0.00025139,-4.6438e-05,4.6179e-05,4.6179e-05,4.6179e-05,-0.00038385,-0.0001121
-0.0007528,0.00077292,-0.00024613,8.202e-05,-6.6559e-05,-6.6559e-05,-6.6559e-05,0.0003906,0.00013501
0.00025139,-0.00024613,0.0005488,-1.3914e-05,-0.00015209,-0.00015209,-0.00015209,-5.4407e-06,-8.3363e-05
-4.6438e-05,8.202e-05,-1.3914e-05,6.6484e-05,-3.4171e-05,-3.4171e-05,-3.4171e-05,5.3926e-05,3.5593e-05
4.6179e-05,-6.6559e-05,-0.00015209,-3.4171e-05,0.66675,-0.33325,-0.33325,-8.1511e-05,-4.5059e-06
4.6179e-05,-6.6559e-05,-0.00015209,-3.4171e-05,-0.33325,0.66675,-0.33325,-8.1511e-05,-4.5059e-06
4.6179e-05,-6.6559e-05,-0.00015209,-3.4171e-05,-0.33325,-0.33325,0.66675,-8.1511e-05,-4.5059e-06
-0.00038385,0.0003906,-5.4407e-06,5.3926e-05,-8.1511e-05,-8.1511e-05,-8.1511e-05,0.00053044,0.00012367
-0.0001121,0.00013501,-8.3363e-05,3.5593e-05,-4.5059e-06,-4.5059e-06,-4.5059e-06,0.00012367,8.0398e-05
66.733,66.733,66.733,66.733,66.733,66.733,66.733,66.733,66.733
1067.3,904.48,-400.72,-1163.4,320.57,320.57,320.57,53.524,68.689
1,1,1,1,1,1,1,1,1
