0.20815,0.10469,-0.17684,0.091111,0.097805,0.14292,0.17342,0.089876,0.051513,0.023333,0.99103,0.10594,0.54326,0.076951,0.70601,0.71236,0.067586,0.53857,-0.40224,0.017492,0.017492,0.017492,0.00057529,0.016465,44.964,-0.17027,0.021569,0.26937,0.18864,-0.19021,0.19815,0.010569,0.18028,0.17888,0.031342,0.1962,0.013672,0.10255,0.99021,0.046993,0.98772,0.10286,0.99725,0.047274,0.014,-0.43864,0.0088206,0.0088206,0.0088206,0.001911,0.12766,77.327,-0.16021,0.048039
0.1278,0.078617,-0.20938,0.081176,0.04695,0.0173,0.076345,0.052047,0.0091679,0.0028281,0.96144,0.01303,0.15981,0.0070585,0.2138,0.21445,0.033472,0.15402,-0.44775,0.0024704,0.0024704,0.0024704,8.7546e-06,-0.047788,-101.11,-0.75241,-0.64706,0.20534,0.13603,-0.2134,0.14648,0.0002143,0.14353,0.13648,0.0027505,0.14919,0.0019902,0.0029465,0.94985,0.0049395,0.9497,0.0064697,0.98434,0.0048893,0.0020225,-0.46939,-0.0033743,-0.0033743,-0.0033743,6.0939e-05,0.083256,-91.59,-0.50572,-0.16863
0.22407,0.14903,-0.076744,0.10913,0.17542,0.20061,0.20203,0.1156,0.12322,0.054319,0.99942,0.27493,0.97667,0.26089,0.98327,0.98681,0.11005,0.97598,-0.17472,0.031925,0.031925,0.031925,0.002258,0.09817,321.11,0.23024,0.61177,0.33825,0.26653,-0.13159,0.28077,0.023401,0.19502,0.19468,0.087105,0.28255,0.022034,0.31269,0.99979,0.17511,0.99969,0.3127,0.99999,0.1752,0.02847,-0.41166,0.037301,0.037301,0.037301,0.014062,0.2144,237.6,0.15991,0.4
9591.1,-72.001,459.83,1.9779,-253.33,-440.23,-419.28,-13.016,-213.47,33.886,-37.467,582.61,-145.83,409.17,-386.39,-363.46,167.67,-172.09,1120.4,7.9863,7.9863,7.9863,-5.3285,55.376,-0.79052,320.16,217.63,-258.33,-6.3668,341.53,-240.78,-65.805,-91.228,-114.41,113.54,-231.45,-85.991,-139.7,6.6862,286.01,-37.211,-120.1,-41.26,280.53,-85.401,251.67,199.12,199.12,199.12,-32.318,-106.23,0.59932,-395.16,-8.078
-72.001,9961.2,64.09,-2.0412,-21.231,-73.603,-47.638,15.004,-99.826,20.939,10.697,36.863,-127.63,2.4439,73.411,59.551,20.227,-128.39,210.2,-0.18947,-0.18947,-0.18947,-1.4706,-41.339,-0.43327,-141.98,49.977,-105.91,-60.638,85.029,-122.71,-8.3682,-14.018,-16.531,-24.507,-112.72,-13.17,-114.16,26.589,33.806,20.091,-111.03,-6.0867,32.729,-9.5632,72.884,57.24,57.24,57.24,-9.254,-81.382,0.63443,-326.83,185.39
459.83,64.09,9471.7,-4.0799,298.44,499.76,488.89,23.226,203.05,-30.671,51.462,-683.73,90.058,-491.72,538.05,502.52,-192.28,121.49,-1249.5,-9.4803,-9.4803,-9.4803,5.5572,-93.293,0.81625,-506.47,-236.02,251.3,-29.874,-366.52,218.77,75.163,103.88,130.92,-153.32,213.17,97.795,116.26,6.4062,-333.8,56.625,94.051,47.228,-327.63,99.375,-261.63,-208.2,-208.2,-208.2,33.526,79.2,-0.51168,279.48,113.31
1.9779,-2.0412,-4.0799,9998.4,-4.9518,9.3619,4.9617,-2.2409,-1.3693,1.018,-0.81653,6.8447,-63.545,8.9667,58.588,59.38,-0.40276,-63.835,-4.7221,1.9456,1.9456,1.9456,-0.12742,-4.4627,-0.31713,13.632,12.656,-3.0771,-2.9672,1.2581,-4.3749,-0.09927,0.48056,1.1077,-0.54875,-4.832,-0.69723,10.536,-0.96958,-3.3376,-0.61906,10.342,0.35991,-3.5022,-0.10072,2.5024,2.6916,2.6916,2.6916,-0.77353,-4.4404,0.60306,-1.0856,-7.5345
-253.33,-21.231,298.44,-4.9518,9750.1,-222.76,-284.78,-51.189,-54.431,5.3275,-57.866,520.58,-297.06,428.95,-106.34,-57.117,127.85,-322.39,662.26,21.776,21.776,21.776,-3.3512,83.445,-0.54629,580,624.54,-78.431,69.912,170.9,-44.172,-49.669,-54.419,-69.049,141.71,-54.105,-66.377,93.922,-43.446,181.18,-71.571,106.12,-26.204,177.23,-69.888,106.84,98.794,98.794,98.794,-20.142,4.0272,1.7115,187.03,-146.92
-440.23,-73.603,499.76,9.3619,-222.76,9480.5,-456.67,14.52,-251.37,47.58,-21.058,499.48,88.156,308.45,-664.52,-658.82,159.84,65.996,1205.3,-3.6504,-3.6504,-3.6504,-4.839,54.504,-1.0894,343.88,-86.723,-285.25,-18.397,367.49,-267.25,-62.634,-100.77,-126.48,92.489,-250.6,-84.772,-290.62,32.25,324.86,-15.594,-269.53,-45.197,319.03,-84.102,265.61,206.51,206.51,206.51,-29.428,-114.77,0.26807,-519.93,35.589
-419.28,-47.638,488.89,4.9617,-284.78,-456.67,9542.1,-27.084,-161.52,23.353,-53.3,640.71,-27.531,468.14,-559.3,-520.26,178.86,-57.499,1128.9,9.381,9.381,9.381,-4.7545,104.69,-1.1601,559.31,290.6,-200.1,51.84,318.45,-161.91,-69.458,-94.61,-120.1,157.05,-160.08,-90.52,-84.146,-15.359,310.79,-61.697,-63.76,-43.582,305.24,-93.856,218.6,176.78,176.78,176.78,-28.622,-44.746,1.0939,-134.47,-134.21
-13.016,15.004,23.226,-2.2409,-51.189,14.52,-27.084,9954,75.282,-37.391,-37.219,240.18,-26.362,231.33,44.501,81.482,43.444,-37.636,48.869,8.923,8.923,8.923,-0.93273,60.89,-0.16285,-87.716,168.06,36.537,59.141,5.3219,51.878,-16.499,-3.0354,-5.6847,74.953,39.873,-7.7073,265.86,-49.848,-0.93928,-51.381,267.26,-1.2688,-0.042173,-11.119,15.429,4.1144,4.1144,4.1144,-5.067,44.133,0.86972,201.6,-268.1
-213.47,-99.826,203.05,-1.3693,-54.431,-251.37,-161.52,75.282,9688.8,92.713,51.341,-75.662,-273.68,-164.29,-7.9931,-68.169,24.081,-268.54,581.76,-6.5478,-6.5478,-6.5478,-2.6374,-127.23,-0.26634,66.506,-5.2252,-280.21,-168.15,219.67,-319.42,-10.948,-43.9,-50.656,-97.699,-287.23,-37.66,-554.18,104.5,137.18,83.609,-545.57,-19.789,132.45,-27.428,159.45,139.52,139.52,139.52,-17.309,-210.43,-0.034417,-835.72,632.28
33.886,20.939,-30.671,1.018,5.3275,47.58,23.353,-37.391,92.713,9954,-28.018,157.11,137.01,160.41,-7.7378,21.735,25.369,129.94,-68.214,2.0878,2.0878,2.0878,-0.31033,54.443,1.7276,-309.95,60.39,53.991,50.105,-26.781,63.538,-8.9282,7.4654,6.3735,53.166,53.716,6.4594,266.44,-44.51,-37.261,-40.822,265.9,3.5749,-34.982,2.5595,-2.3337,-16.345,-16.345,-16.345,-1.2746,47.844,-1.5116,150.87,-236.9
-37.467,10.697,51.462,-0.81653,-57.866,-21.058,-53.3,-37.219,51.341,-28.018,9967.3,225.98,0.65112,207.96,-26.97,4.6358,45.164,-10.021,110.03,7.0301,7.0301,7.0301,-0.9399,57.608,-0.35843,-17.08,143.93,20.025,53.22,22.334,35.906,-17.164,-8.6698,-12.587,70.24,26.434,-11.698,199.17,-40.305,21.477,-44.643,201.62,-3.9573,21.839,-14.902,22.842,12.161,12.161,12.161,-5.2179,36.248,0.6004,163.79,-222.43
582.61,36.863,-683.73,6.8447,520.58,499.48,640.71,240.18,-75.662,157.11,225.98,8035.6,214.74,-1681.1,244.09,38.178,-438.51,303.76,-1710.9,-46.986,-46.986,-46.986,12.41,-354.81,2.5034,588.68,-852.08,211.68,-241.03,-504.68,131.94,169.49,131.22,174.43,-494.74,172.62,139.28,-1190.5,229.95,-333.8,291.71,-1222.8,57.224,-332.78,153.27,-463.19,-305.7,-305.7,-305.7,72.141,-30.15,-1.3056,-167.75,1355.2
-145.83,-127.63,90.058,-63.545,-297.06,88.156,-27.531,-26.362,-273.68,137.01,0.65112,214.74,7188.9,227.45,2071.3,2061.7,-7.5807,-2820,385.72,74.148,74.148,74.148,-6.0461,-223.62,-0.72094,1489.5,-82.736,-301.53,-177.19,238.94,-350.41,-10.791,-38.713,-20.305,-57.919,-350.79,-70.88,-98.05,40.085,78.408,28.639,-97.21,-9.8947,64.592,-39.033,209.97,213.42,213.42,213.42,-37.288,-269.52,-0.73284,-366.05,-196.87
409.17,2.4439,-491.72,8.9667,428.95,308.45,468.14,231.33,-164.29,160.41,207.96,-1681.1,227.45,8520.5,63.879,-130.27,-358.01,304.21,-1218.1,-46.093,-46.093,-46.093,9.7686,-327.81,1.5198,496.71,-797.64,88.095,-250.26,-347.65,11.682,138.22,92.782,125.25,-444.53,57.479,105.36,-1203.9,229.69,-222.36,273.28,-1227.5,40.145,-222.83,119.38,-335.69,-212.91,-212.91,-212.91,56.239,-85.465,-0.076131,-421.05,1334.8
-386.39,73.411,538.05,58.588,-106.34,-664.52,-559.3,44.501,-7.9931,-7.7378,-26.97,244.09,2071.3,63.879,7454.6,-2527.6,135.7,2056.8,968.68,-52.056,-52.056,-52.056,2.22,283.45,0.49275,740.52,-278.85,50.411,224.52,148.72,156.38,-44.692,-93.062,-133.09,183.64,161.04,-52.413,-422.92,0.35091,396.17,-49.375,-401.38,-47.858,395.51,-78.018,8.2791,1.8423,1.8423,1.8423,13.869,212.62,-1.0031,417.36,-86.927
-363.46,59.551,502.52,59.38,-57.117,-658.82,-520.26,81.482,-68.169,21.735,4.6358,38.178,2061.7,-130.27,-2527.6,7459.2,96.39,2056.9,898.89,-58.781,-58.781,-58.781,2.9521,226.72,0.63763,764.25,-415.29,19.782,169.79,139.22,110.04,-29.842,-87.601,-124.49,116.6,124.66,-43.752,-628.05,41.324,384.42,-5.5934,-608.27,-45.337,383.2,-66.042,-4.7541,-2.6101,-2.6101,-2.6101,17.822,171.15,-1.3749,233.87,138.04
167.67,20.227,-192.28,-0.40276,127.85,159.84,178.86,43.444,24.081,25.369,45.164,-438.51,-7.5807,-358.01,135.7,96.39,9891.7,12.257,-479.93,-8.0999,-8.0999,-8.0999,3.0653,-70.158,1.8878,153.7,-309.81,79.072,-37.282,-139.96,64.089,41.329,35.708,47.862,-103.59,68.647,37.65,-182.59,38.869,-98.045,56.554,-191.61,16.466,-97.53,40.972,-118.12,-82.905,-82.905,-82.905,18.14,14.77,-2.2492,58.059,160.87
-172.09,-128.39,121.49,-63.835,-322.39,65.996,-57.499,-37.636,-268.54,129.94,-10.021,303.76,-2820,304.21,2056.8,2056.9,12.257,7167,461.3,76.475,76.475,76.475,-6.5715,-206.31,-0.95224,1478.2,-32.383,-308.26,-164.23,259.91,-352.76,-18.424,-44.575,-28.15,-34.276,-355.29,-77.407,-44.033,29.006,94.133,14.723,-41.738,-12.523,80.25,-46.343,228.41,225.85,225.85,225.85,-40.337,-265.73,-0.49268,-345.69,-258.08
1120.4,210.2,-1249.5,-4.7221,662.26,1205.3,1128.9,48.869,581.76,-68.214,110.03,-1710.9,385.72,-1218.1,968.68,898.89,-479.93,461.3,6877.8,-19.616,-19.616,-19.616,15.906,-154.25,0.37484,-380.44,-323.52,757.26,38.199,-981.5,721.27,188.9,251.91,315.94,-316.64,694.1,230.62,234.99,-8.8143,-760.67,110.18,180.69,111.8,-746.99,227.15,-761.68,-580.16,-580.16,-580.16,96.01,327.03,0.41839,1313.3,186.75
7.9863,-0.18947,-9.4803,1.9456,21.776,-3.6504,9.381,8.923,-6.5478,2.0878,7.0301,-46.986,74.148,-46.093,-52.056,-58.781,-8.0999,76.475,-19.616,9996.1,-3.8911,-3.8911,0.2626,-6.2113,-0.012823,-53.581,-76.077,-2.7813,-8.5743,-4.1565,-5.4775,3.2865,1.5235,1.7188,-13.504,-3.04,4.177,-37.703,8.2248,-4.0226,9.0851,-38.057,0.75199,-3.7691,4.3115,-2.7508,-3.8471,-3.8471,-3.8471,1.5443,-4.1356,0.039981,-47.376,34.275
7.9863,-0.18947,-9.4803,1.9456,21.776,-3.6504,9.381,8.923,-6.5478,2.0878,7.0301,-46.986,74.148,-46.093,-52.056,-58.781,-8.0999,76.475,-19.616,-3.8911,9996.1,-3.8911,0.2626,-6.2113,-0.012823,-53.581,-76.077,-2.7813,-8.5743,-4.1565,-5.4775,3.2865,1.5235,1.7188,-13.504,-3.04,4.177,-37.703,8.2248,-4.0226,9.0851,-38.057,0.75199,-3.7691,4.3115,-2.7508,-3.8471,-3.8471,-3.8471,1.5443,-4.1356,0.039981,-47.376,34.275
7.9863,-0.18947,-9.4803,1.9456,21.776,-3.6504,9.381,8.923,-6.5478,2.0878,7.0301,-46.986,74.148,-46.093,-52.056,-58.781,-8.0999,76.475,-19.616,-3.8911,-3.8911,9996.1,0.2626,-6.2113,-0.012823,-53.581,-76.077,-2.7813,-8.5743,-4.1565,-5.4775,3.2865,1.5235,1.7188,-13.504,-3.04,4.177,-37.703,8.2248,-4.0226,9.0851,-38.057,0.75199,-3.7691,4.3115,-2.7508,-3.8471,-3.8471,-3.8471,1.5443,-4.1356,0.039981,-47.376,34.275
-5.3285,-1.4706,5.5572,-0.12742,-3.3512,-4.839,-4.7545,-0.93273,-2.6374,-0.31033,-0.9399,12.41,-6.0461,9.7686,2.22,2.9521,3.0653,-6.5715,15.906,0.2626,0.2626,0.2626,9999.9,0.6139,0.021506,-9.564,4.0069,-4.6958,-0.68797,5.6145,-4.8527,-1.2121,-1.154,-1.4553,1.9434,-4.7669,-1.1368,3.8534,-0.48607,2.7098,-1.0085,4.1236,-0.48541,2.6739,-1.0794,5.1786,3.6388,3.6388,3.6388,-0.72018,-2.5653,-0.024117,-10.29,-3.045
55.376,-41.339,-93.293,-4.4627,83.445,54.504,104.69,60.89,-127.23,54.443,57.608,-354.81,-223.62,-327.81,283.45,226.72,-70.158,-206.31,-154.25,-6.2113,-6.2113,-6.2113,0.6139,9867,0.83044,-97.776,-74.908,-81.268,-129.21,-11.705,-122.3,26.098,15.555,23.471,-134.99,-103.34,15.335,-335.1,74.643,-51.382,82.344,-339.13,7.1703,-52.317,23.578,-8.9914,4.7079,4.7079,4.7079,2.7,-110.83,0.5652,-427.45,487.05
-0.79052,-0.43327,0.81625,-0.31713,-0.54629,-1.0894,-1.1601,-0.16285,-0.26634,1.7276,-0.35843,2.5034,-0.72094,1.5198,0.49275,0.63763,1.8878,-0.95224,0.37484,-0.012823,-0.012823,-0.012823,0.021506,0.83044,0.0097554,-3.0548,-2.1568,1.5823,1.3602,-0.88025,1.8612,-0.20595,0.33372,0.32931,1.0463,1.6681,-0.87153,-3.2085,-0.025676,-1.3443,-0.031658,-3.135,0.019,-1.3643,-1.0419,-1.5387,-0.38993,-0.38993,-0.38993,0.026763,1.0068,-0.0033789,3.3969,2.0283
320.16,-141.98,-506.47,13.632,580,343.88,559.31,-87.716,66.506,-309.95,-17.08,588.68,1489.5,496.71,740.52,764.25,153.7,1478.2,-380.44,-53.581,-53.581,-53.581,-9.564,-97.776,-3.0548,2775.9,232.12,-327.18,-334.02,107.04,-513.55,-50.116,99.273,96.18,-105.43,-476.16,123.67,1341.3,-66.451,-599.41,-14.611,1335.7,49.49,-571.24,123.24,421.89,132.3,132.3,132.3,-56.233,-383.33,0.50533,-2571.6,392.18
217.63,49.977,-236.02,12.656,624.54,-86.723,290.6,168.06,-5.2252,60.39,143.93,-852.08,-82.736,-797.64,-278.85,-415.29,-309.81,-32.383,-323.52,-76.077,-76.077,-76.077,4.0069,-74.908,-2.1568,232.12,1598.8,-228.53,-132.85,193.64,-270.81,95.422,-43.992,-11.379,-279.07,-238.39,123.53,-265.56,167.66,55.183,188.47,-280.36,17.572,48.385,168,351.12,120.14,120.14,120.14,29.016,-100.75,-0.23471,-1298.6,-2886.7
-258.33,-105.91,251.3,-3.0771,-78.431,-285.25,-200.1,36.537,-280.21,53.991,20.025,211.68,-301.53,88.095,50.411,19.782,79.072,-308.26,757.26,-2.7813,-2.7813,-2.7813,-4.6958,-81.268,1.5823,-327.18,-228.53,9677.1,-147.8,294.67,-360.13,-33.072,-57.105,-67.649,-37.839,-333.2,-45.291,-285.05,67.982,148.2,43.122,-273.42,-23.405,144.41,-35.023,255.05,190.14,190.14,190.14,-28.97,-220.77,-1.0757,-937.58,277.5
-6.3668,-60.638,-29.874,-2.9672,69.912,-18.397,51.84,59.141,-168.15,50.105,53.22,-241.03,-177.19,-250.26,224.52,169.79,-37.282,-164.23,38.199,-8.5743,-8.5743,-8.5743,-0.68797,-129.21,1.3602,-334.02,-132.85,-147.8,9852.1,59.619,-194.17,13.336,1.8413,5.5973,-124.19,-170.89,6.0411,-322.34,77.457,-20.587,79.206,-323.07,1.5717,-21.481,14.94,59.543,48.879,48.879,48.879,-5.0914,-149.29,-0.031182,-633.74,480.63
341.53,85.029,-366.52,1.2581,170.9,367.49,318.45,5.3219,219.67,-26.781,22.334,-504.68,238.94,-347.65,148.72,139.22,-139.96,259.91,-981.5,-4.1565,-4.1565,-4.1565,5.6145,-11.705,-0.88025,107.04,193.64,294.67,59.619,9660.4,300.91,56.495,78.704,96.349,-64.76,286.47,66.56,88.075,-19.656,-220.13,15.484,71.781,33.022,-215.78,61.061,-285.61,-209.1,-209.1,-209.1,33.856,155.91,1.417,661.9,78.088
-240.78,-122.71,218.77,-4.3749,-44.172,-267.25,-161.91,51.878,-319.42,63.538,35.906,131.94,-350.41,11.682,156.38,110.04,64.089,-352.76,721.27,-5.4775,-5.4775,-5.4775,-4.8527,-122.3,1.8612,-513.55,-270.81,-360.13,-194.17,300.91,9586.3,-27.537,-51.974,-60.43,-78.39,-380.3,-39.204,-351.06,88.449,123.86,66.412,-340.48,-20.754,120.28,-26.233,268.76,199.26,199.26,199.26,-30.157,-265.02,-1.7881,-1132.9,413.33
-65.805,-8.3682,75.163,-0.09927,-49.669,-62.634,-69.458,-16.499,-10.948,-8.9282,-17.164,169.49,-10.791,138.22,-44.692,-29.842,41.329,-18.424,188.9,3.2865,3.2865,3.2865,-1.2121,26.098,-0.20595,-50.116,95.422,-33.072,13.336,56.495,-27.537,9984.1,-14.329,-18.901,39.329,-29.208,-14.735,69.192,-14.394,39.143,-21.328,72.688,-6.4588,38.845,-15.746,48.147,33.793,33.793,33.793,-7.1656,-7.3437,-0.22413,-28.068,-72.008
-91.228,-14.018,103.88,0.48056,-54.419,-100.77,-94.61,-3.0354,-43.9,7.4654,-8.6698,131.22,-38.713,92.782,-93.062,-87.601,35.708,-44.575,251.91,1.5235,1.5235,1.5235,-1.154,15.555,0.33372,99.273,-43.992,-57.105,1.8413,78.704,-51.974,-14.329,9978.4,-26.56,26.808,-50.31,-18.723,-25.563,1.0153,67.392,-8.8965,-21.234,-9.3351,66.021,-18.273,59.643,45.654,45.654,45.654,-6.9165,-20.745,0.47039,-81.995,-52.893
-114.41,-16.531,130.92,1.1077,-69.049,-126.48,-120.1,-5.6847,-50.656,6.3735,-12.587,174.43,-20.305,125.25,-133.09,-124.49,47.862,-28.15,315.94,1.7188,1.7188,1.7188,-1.4553,23.471,0.32931,96.18,-11.379,-67.649,5.5973,96.349,-60.43,-18.901,-26.56,9966.8,37.385,-58.731,-23.496,-21.003,-1.2697,82.943,-13.704,-15.462,-11.704,81.444,-23.521,72.649,55.29,55.29,55.29,-8.72,-22.612,0.3031,-92.798,-57.909
113.54,-24.507,-153.32,-0.54875,141.71,92.489,157.05,74.953,-97.699,53.166,70.24,-494.74,-57.919,-444.53,183.64,116.6,-103.59,-34.276,-316.64,-13.504,-13.504,-13.504,1.9434,-134.99,1.0463,-105.43,-279.07,-37.839,-124.19,-64.76,-78.39,39.329,26.808,37.385,9840.6,-58.704,31.326,-374.87,82.688,-80.083,96.109,-381.65,12.423,-80.204,38.928,-52.715,-31.629,-31.629,-31.629,10.778,-85.118,-1.4067,-376.1,479.11
-231.45,-112.72,213.17,-4.832,-54.105,-250.6,-160.08,39.873,-287.23,53.716,26.434,172.62,-350.79,57.479,161.04,124.66,68.647,-355.29,694.1,-3.04,-3.04,-3.04,-4.7669,-103.34,1.6681,-476.16,-238.39,-333.2,-170.89,286.47,-380.3,-29.208,-50.31,-58.731,-58.704,9648.7,-39.066,-280.85,73.778,119.16,52.459,-270.56,-20.044,115.82,-27.329,257.43,189.79,189.79,189.79,-29.47,-241.13,-1.2762,-1024.3,326.55
-85.991,-13.17,97.795,-0.69723,-66.377,-84.772,-90.52,-7.7073,-37.66,6.4594,-11.698,139.28,-70.88,105.36,-52.413,-43.752,37.65,-77.407,230.62,4.177,4.177,4.177,-1.1368,15.335,-0.87153,123.67,123.53,-45.291,6.0411,66.56,-39.204,-14.735,-18.723,-23.496,31.326,-39.066,9980,-11.844,-3.7257,60.21,-13.042,-7.7546,-8.7212,58.924,-20.264,46.086,39.07,39.07,39.07,-6.8995,-15.478,0.36328,-31.013,-7.7103
-139.7,-114.16,116.26,10.536,93.922,-290.62,-84.146,265.86,-554.18,266.44,199.17,-1190.5,-98.05,-1203.9,-422.92,-628.05,-182.59,-44.033,234.99,-37.703,-37.703,-37.703,3.8534,-335.1,-3.2085,1341.3,-265.56,-285.05,-322.34,88.075,-351.06,69.192,-25.563,-21.003,-374.87,-280.85,-11.844,8234,297.06,175.43,281.58,-1764.7,-15.475,165.4,6.1743,-52.211,40.004,40.004,40.004,19.248,-272.99,2.0865,-1045.8,1808.8
6.6862,26.589,6.4062,-0.96958,-43.446,32.25,-15.359,-49.848,104.5,-44.51,-40.305,229.95,40.085,229.69,0.35091,41.324,38.869,29.006,-8.8143,8.2248,8.2248,8.2248,-0.48607,74.643,-0.025676,-66.451,167.66,67.982,77.457,-19.656,88.449,-14.394,1.0153,-1.2697,82.688,73.778,-3.7257,297.06,9942.5,-10.298,-57.337,297.68,0.35481,-8.9577,-8.5238,-6.415,-13.366,-13.366,-13.366,-2.2691,68.811,0.56419,293.71,-310.83
286.01,33.806,-333.8,-3.3376,181.18,324.86,310.79,-0.93928,137.18,-37.261,21.477,-333.8,78.408,-222.36,396.17,384.42,-98.045,94.133,-760.67,-4.0226,-4.0226,-4.0226,2.7098,-51.382,-1.3443,-599.41,55.183,148.2,-20.587,-220.13,123.86,39.143,67.392,82.943,-80.083,119.16,60.21,175.43,-10.298,9771.5,21.698,162.16,30.199,-223.43,60.071,-145,-121.31,-121.31,-121.31,16.403,39.879,-0.79992,125.43,90.738
-37.211,20.091,56.625,-0.61906,-71.571,-15.594,-61.697,-51.381,83.609,-40.822,-44.643,291.71,28.639,273.28,-49.375,-5.5934,56.554,14.723,110.18,9.0851,9.0851,9.0851,-1.0085,82.344,-0.031658,-14.611,188.47,43.122,79.206,15.484,66.412,-21.328,-8.8965,-13.704,96.109,52.459,-13.042,281.58,-57.337,21.698,9938.1,284.3,-4.1496,22.419,-17.906,18.48,6.6608,6.6608,6.6608,-5.4313,60.282,0.69908,263.74,-317.27
-120.1,-111.03,94.051,10.342,106.12,-269.53,-63.76,267.26,-545.57,265.9,201.62,-1222.8,-97.21,-1227.5,-401.38,-608.27,-191.61,-41.738,180.69,-38.057,-38.057,-38.057,4.1236,-339.13,-3.135,1335.7,-280.36,-273.42,-323.07,71.781,-340.48,72.688,-21.234,-15.462,-381.65,-270.56,-7.7546,-1764.7,297.68,162.16,284.3,8235.6,-13.502,152.33,10.358,-64.571,30.579,30.579,30.579,20.876,-268.76,2.0683,-1028.7,1812.4
-41.26,-6.0867,47.228,0.35991,-26.204,-45.197,-43.582,-1.2688,-19.789,3.5749,-3.9573,57.224,-9.8947,40.145,-47.858,-45.337,16.466,-12.523,111.8,0.75199,0.75199,0.75199,-0.48541,7.1703,0.019,49.49,17.572,-23.405,1.5717,33.022,-20.754,-6.4588,-9.3351,-11.704,12.423,-20.044,-8.7212,-15.475,0.35481,30.199,-4.1496,-13.502,9995.8,29.613,-8.7775,23.345,18.781,18.781,18.781,-2.9388,-8.0243,0.1269,-28.551,-5.8751
280.53,32.729,-327.63,-3.5022,177.23,319.03,305.24,-0.042173,132.45,-34.982,21.839,-332.78,64.592,-222.83,395.51,383.2,-97.53,80.25,-746.99,-3.7691,-3.7691,-3.7691,2.6739,-52.317,-1.3643,-571.24,48.385,144.41,-21.481,-215.78,120.28,38.845,66.021,81.444,-80.204,115.82,58.924,165.4,-8.9577,-223.43,22.419,152.33,29.613,9781.4,58.982,-142.62,-118.73,-118.73,-118.73,16.172,37.981,-0.76246,122.01,91.789
-85.401,-9.5632,99.375,-0.10072,-69.888,-84.102,-93.856,-11.119,-27.428,2.5595,-14.902,153.27,-39.033,119.38,-78.018,-66.042,40.972,-46.343,227.15,4.3115,4.3115,4.3115,-1.0794,23.578,-1.0419,123.24,168,-35.023,14.94,61.061,-26.233,-15.746,-18.273,-23.521,38.928,-27.329,-20.264,6.1743,-8.5238,60.071,-17.906,10.358,-8.7775,58.982,9978.6,40.265,34.604,34.604,34.604,-6.5225,-5.964,0.52058,6.61,-16.112
251.67,72.884,-261.63,2.5024,106.84,265.61,218.6,15.429,159.45,-2.3337,22.842,-463.19,209.97,-335.69,8.2791,-4.7541,-118.12,228.41,-761.68,-2.7508,-2.7508,-2.7508,5.1786,-8.9914,-1.5387,421.89,351.12,255.05,59.543,-285.61,268.76,48.147,59.643,72.649,-52.715,257.43,46.086,-52.211,-6.415,-145,18.48,-64.571,23.345,-142.62,40.265,9734.2,-181.67,-181.67,-181.67,30.905,142.92,2.9136,652.57,196.04
199.12,57.24,-208.2,2.6916,98.794,206.51,176.78,4.1144,139.52,-16.345,12.161,-305.7,213.42,-212.91,1.8423,-2.6101,-82.905,225.85,-580.16,-3.8471,-3.8471,-3.8471,3.6388,4.7079,-0.38993,132.3,120.14,190.14,48.879,-209.1,199.26,33.793,45.654,55.29,-31.629,189.79,39.07,40.004,-13.366,-121.31,6.6608,30.579,18.781,-118.73,34.604,-181.67,9867.8,-132.24,-132.24,21.962,108.93,1.7052,451.83,38.62
199.12,57.24,-208.2,2.6916,98.794,206.51,176.78,4.1144,139.52,-16.345,12.161,-305.7,213.42,-212.91,1.8423,-2.6101,-82.905,225.85,-580.16,-3.8471,-3.8471,-3.8471,3.6388,4.7079,-0.38993,132.3,120.14,190.14,48.879,-209.1,199.26,33.793,45.654,55.29,-31.629,189.79,39.07,40.004,-13.366,-121.31,6.6608,30.579,18.781,-118.73,34.604,-181.67,-132.24,9867.8,-132.24,21.962,108.93,1.7052,451.83,38.62
199.12,57.24,-208.2,2.6916,98.794,206.51,176.78,4.1144,139.52,-16.345,12.161,-305.7,213.42,-212.91,1.8423,-2.6101,-82.905,225.85,-580.16,-3.8471,-3.8471,-3.8471,3.6388,4.7079,-0.38993,132.3,120.14,190.14,48.879,-209.1,199.26,33.793,45.654,55.29,-31.629,189.79,39.07,40.004,-13.366,-121.31,6.6608,30.579,18.781,-118.73,34.604,-181.67,-132.24,-132.24,9867.8,21.962,108.93,1.7052,451.83,38.62
-32.318,-9.254,33.526,-0.77353,-20.142,-29.428,-28.622,-5.067,-17.309,-1.2746,-5.2179,72.141,-37.288,56.239,13.869,17.822,18.14,-40.337,96.01,1.5443,1.5443,1.5443,-0.72018,2.7,0.026763,-56.233,29.016,-28.97,-5.0914,33.856,-30.157,-7.1656,-6.9165,-8.72,10.778,-29.47,-6.8995,19.248,-2.2691,16.403,-5.4313,20.876,-2.9388,16.172,-6.5225,30.905,21.962,21.962,21.962,9995.7,-16.289,0.02709,-64.657,-11.591
-106.23,-81.382,79.2,-4.4404,4.0272,-114.77,-44.746,44.133,-210.43,47.844,36.248,-30.15,-269.52,-85.465,212.62,171.15,14.77,-265.73,327.03,-4.1356,-4.1356,-4.1356,-2.5653,-110.83,1.0068,-383.33,-100.75,-220.77,-149.29,155.91,-265.02,-7.3437,-20.745,-22.612,-85.118,-241.13,-15.478,-272.99,68.811,39.879,60.282,-268.76,-8.0243,37.981,-5.964,142.92,108.93,108.93,108.93,-16.289,9817.7,-0.28025,-760.65,399.13
0.59932,0.63443,-0.51168,0.60306,1.7115,0.26807,1.0939,0.86972,-0.034417,-1.5116,0.6004,-1.3056,-0.73284,-0.076131,-1.0031,-1.3749,-2.2492,-0.49268,0.41839,0.039981,0.039981,0.039981,-0.024117,0.5652,-0.0033789,0.50533,-0.23471,-1.0757,-0.031182,1.417,-1.7881,-0.22413,0.47039,0.3031,-1.4067,-1.2762,0.36328,2.0865,0.56419,-0.79992,0.69908,2.0683,0.1269,-0.76246,0.52058,2.9136,1.7052,1.7052,1.7052,0.02709,-0.28025,0.0074897,2.4405,2.1884
-395.16,-326.83,279.48,-1.0856,187.03,-519.93,-134.47,201.6,-835.72,150.87,163.79,-167.75,-366.05,-421.05,417.36,233.87,58.059,-345.69,1313.3,-47.376,-47.376,-47.376,-10.29,-427.45,3.3969,-2571.6,-1298.6,-937.58,-633.74,661.9,-1132.9,-28.068,-81.995,-92.798,-376.1,-1024.3,-31.013,-1045.8,293.71,125.43,263.74,-1028.7,-28.551,122.01,6.61,652.57,451.83,451.83,451.83,-64.657,-760.65,2.4405,6466.1,1442.2
-8.078,185.39,113.31,-7.5345,-146.92,35.589,-134.21,-268.1,632.28,-236.9,-222.43,1355.2,-196.87,1334.8,-86.927,138.04,160.87,-258.08,186.75,34.275,34.275,34.275,-3.045,487.05,2.0283,392.18,-2886.7,277.5,480.63,78.088,413.33,-72.008,-52.893,-57.909,479.11,326.55,-7.7103,1808.8,-310.83,90.738,-317.27,1812.4,-5.8751,91.789,-16.112,196.04,38.62,38.62,38.62,-11.591,399.13,2.1884,1442.2,6361
