126.69,85.714,345.1,32.493,113.37,1269.2,721.38,1281.7,12.461,74.781,2.4023e-06,2.4101e-06,2.2823e-06,2.3375e-06,674.3,326.11,9.6883
1218.8,716.31,686.27,101.97,146.03,1437.8,1086.4,1565,195.93,159.05,1.0291e-05,1.0974e-05,1.1831e-05,1.243e-05,769.96,543.42,78.468
0.10159,0.13839,-0.02658,0.024117,-0.038235,-0.16859,0.095542,-0.029619,0.13897,-0.004478,-5.7364e-09,-6.7783e-09,-8.3479e-09,-8.801e-09,-0.10256,0.02904,0.013646
0.13839,0.21559,0.012067,0.12816,-0.044434,-0.19356,0.14379,0.010431,0.204,-0.054245,-1.8664e-08,-2.0605e-08,-2.5535e-08,-2.6331e-08,-0.10854,0.11883,0.049458
-0.02658,0.012067,0.22416,0.069494,-0.018257,0.16937,0.13752,0.059422,-0.10994,0.0010295,-6.5485e-09,-6.7e-09,-7.1644e-09,-7.4162e-09,-0.025234,0.31132,-0.084181
0.024117,0.12816,0.069494,0.95125,0.011615,0.069404,0.038719,0.063859,-0.0055459,-0.0086306,6.977e-09,7.844e-09,9.1227e-09,9.6368e-09,0.024333,-0.11362,-0.01948
-0.038235,-0.044434,-0.018257,0.011615,0.99465,-0.018394,0.016367,-0.00057801,0.017816,-0.0035176,-1.7274e-09,-1.9207e-09,-2.344e-09,-2.4311e-09,-0.013068,0.017451,0.0023431
-0.16859,-0.19356,0.16937,0.069404,-0.018394,0.77167,-0.14842,-0.17321,0.055121,0.024016,-1.1627e-08,-1.3434e-08,-1.5784e-08,-1.6803e-08,-0.045238,0.11368,0.075995
0.095542,0.14379,0.13752,0.038719,0.016367,-0.14842,0.58672,-0.30585,-0.15743,0.089515,-6.3456e-09,-7.7513e-09,-7.709e-09,-8.8471e-09,0.049558,0.18699,0.078737
-0.029619,0.010431,0.059422,0.063859,-0.00057801,-0.17321,-0.30585,0.73921,-0.087577,0.066949,-9.9757e-09,-1.1681e-08,-1.2756e-08,-1.3955e-08,0.0068647,0.20794,0.071929
0.13897,0.204,-0.10994,-0.0055459,0.017816,0.055121,-0.15743,-0.087577,0.8573,0.042933,1.6514e-09,1.753e-09,3.0278e-09,2.8477e-09,0.052102,0.094262,-0.004065
-0.004478,-0.054245,0.0010295,-0.0086306,-0.0035176,0.024016,0.089515,0.066949,0.042933,0.97857,1.3026e-09,1.5904e-09,1.4984e-09,1.7506e-09,-0.011395,-0.051958,-0.013245
-5.7364e-09,-1.8664e-08,-6.5485e-09,6.977e-09,-1.7274e-09,-1.1627e-08,-6.3456e-09,-9.9757e-09,1.6514e-09,1.3026e-09,1,-1.1526e-15,-1.3442e-15,-1.421e-15,-3.7337e-09,1.5506e-08,3.3704e-09
-6.7783e-09,-2.0605e-08,-6.7e-09,7.844e-09,-1.9207e-09,-1.3434e-08,-7.7513e-09,-1.1681e-08,1.753e-09,1.5904e-09,-1.1526e-15,1,-1.5173e-15,-1.605e-15,-4.1498e-09,1.7482e-08,3.9476e-09
-8.3479e-09,-2.5535e-08,-7.1644e-09,9.1227e-09,-2.344e-09,-1.5784e-08,-7.709e-09,-1.2756e-08,3.0278e-09,1.4984e-09,-1.3442e-15,-1.5173e-15,1,-1.875e-15,-5.1538e-09,1.956e-08,4.5516e-09
-8.801e-09,-2.6331e-08,-7.4162e-09,9.6368e-09,-2.4311e-09,-1.6803e-08,-8.8471e-09,-1.3955e-08,2.8477e-09,1.7506e-09,-1.421e-15,-1.605e-15,-1.875e-15,1,-5.3187e-09,2.0916e-08,4.9e-09
-0.10256,-0.10854,-0.025234,0.024333,-0.013068,-0.045238,0.049558,0.0068647,0.052102,-0.011395,-3.7337e-09,-4.1498e-09,-5.1538e-09,-5.3187e-09,0.9671,0.026068,0.0054996
0.02904,0.11883,0.31132,-0.11362,0.017451,0.11368,0.18699,0.20794,0.094262,-0.051958,1.5506e-08,1.7482e-08,1.956e-08,2.0916e-08,0.026068,0.64231,-0.03444
0.013646,0.049458,-0.084181,-0.01948,0.0023431,0.075995,0.078737,0.071929,-0.004065,-0.013245,3.3704e-09,3.9476e-09,4.5516e-09,4.9e-09,0.0054996,-0.03444,0.97046
41.18,41.18,41.18,41.18,41.18,41.18,41.18,41.18,41.18,41.18,41.18,41.18,41.18,41.18,41.18,41.18,41.18
487.14,412.18,538.82,68.819,126.39,1367.7,923.62,1455.5,87.758,101.65,5.4779e-06,5.5121e-06,5.8165e-06,5.9312e-06,716.04,439.23,46.401
1,1,1,1,1,1,1,1,1,1,1,1,1,1,1,1,1
