191.99,0.46241,0.68567,1.1357,0.018302,0.45423,0.59969,0.8624,0.40817,0.20771
95.821,0.28111,0.57255,0.39112,0.010563,0.35094,0.48621,0.67843,0.32749,0.050427
352.21,0.68667,0.8549,1.8527,0.02748,0.55975,0.80131,1.0354,0.53896,0.322
0.00023505,0.062391,-0.040923,-0.032412,-0.20299,0.15223,-0.18852,0.13854,-0.013775,0.011864
0.062391,173.15,80.701,-41.098,-41.78,150.08,-0.47188,71.123,-78.881,106.41
-0.040923,80.701,171.74,-11.37,47.325,-39.589,99.447,-23.583,16.045,94.8
-0.032412,-41.098,-11.37,28.446,-29.247,-100.55,-21.648,-33.698,66.848,-56.992
-0.20299,-41.78,47.325,-29.247,9738.5,-275.23,51.985,-185,90.134,-97.342
0.15223,150.08,-39.589,-100.55,-275.23,3936,29.253,-3171.5,2892.5,106.19
-0.18852,-0.47188,99.447,-21.648,51.985,29.253,829.92,-329.37,-358.59,338.22
0.13854,71.123,-23.583,-33.698,-185,-3171.5,-329.37,3576.4,-3252.1,-32.125
-0.013775,-78.881,16.045,66.848,90.134,2892.5,-358.59,-3252.1,3855.4,-138.33
0.011864,106.41,94.8,-56.992,-97.342,106.19,338.22,-32.125,-138.33,440.81
