177.77,0.61512,0.72876,0.0002154,0.081982,0.094891,0.22622,0.1248,0.99037
7.0588,0.2,0.23922,3.5872e-05,0.036051,0.012394,0.10316,0.030099,0.95532
347.56,0.9875,0.96078,0.00061973,0.16275,0.18899,0.30726,0.23548,0.99957
0.00012393,0.015724,0.003222,34.101,-0.043789,-0.5069,0.23557,0.37834,-0.19316
0.015724,28.072,-0.2034,-2757,91.594,-184.63,77.516,132.91,-126.52
0.003222,-0.2034,38.502,22902,-92.208,-103.36,40.288,62.893,-59.017
34.101,-2757,22902,2.0171e+08,-8.8341e+05,1.4078e+05,1.0833e+05,-99811,48527
-0.043789,91.594,-92.208,-8.8341e+05,6862.1,-1686.2,-741.65,484.38,3150.5
-0.5069,-184.63,-103.36,1.4078e+05,-1686.2,11411,-3894,-8359.3,3184.4
0.23557,77.516,40.288,1.0833e+05,-741.65,-3894,2276.2,2809.2,-3314.6
0.37834,132.91,62.893,-99811,484.38,-8359.3,2809.2,6779.1,-3866.9
-0.19316,-126.52,-59.017,48527,3150.5,3184.4,-3314.6,-3866.9,18587
