159.99,0.54027,0.73922,0.66951,0.034189,0.64907,0.79753,1.111,0.46195,0.11792
111.79,0.084158,0.6549,0.59925,0.013837,0.42918,0.54998,1.0279,0.031897,0.039089
243.87,0.90476,0.82353,0.73443,0.075594,1.01,0.92659,1.1949,0.62955,0.21757
0.021204,0.1874,2.2204,0.66026,-0.067459,0.10387,2.2924,2.2579,2.154,0.12233
0.1874,36.31,-39.601,76.303,-5.1236,1.6158,63.331,18.293,16.672,120
2.2204,-39.601,928.62,10.644,-18.932,-193.74,31.326,-62.383,131.36,-53.14
0.66026,76.303,10.644,993.15,2.4216,20.74,-8.1093,5.3476,-15.392,-3.2482
-0.067459,-5.1236,-18.932,2.4216,994.95,-52.015,8.0486,-16.849,35.167,-14.95
0.10387,1.6158,-193.74,20.74,-52.015,461.45,79.725,-175.46,363.1,-161.57
2.2924,63.331,31.326,-8.1093,8.0486,79.725,984,24.797,-54.928,16.034
2.2579,18.293,-62.383,5.3476,-16.849,-175.46,24.797,942.51,117.96,-54.842
2.154,16.672,131.36,-15.392,35.167,363.1,-54.928,117.96,754.86,106.73
0.12233,120,-53.14,-3.2482,-14.95,-161.57,16.034,-54.842,106.73,936.71
