159.28,0.73178,0.79608,0.093978,1.0844,1.0017,1.4835,0.3991,0.022687,0.56065,0.1869,0.022904
60.476,0.62963,0.67451,0.012743,0.48872,0.71969,1.3469,0.01338,0.0085024,0.2259,0.16175,0.015734
278.82,0.93363,0.88628,0.1767,1.531,1.192,1.5443,0.85818,0.031907,0.84563,0.20938,0.036249
0.0016173,0.14901,-0.70777,0.027871,-0.30119,-0.7278,-0.53969,-0.23849,-0.034728,-0.10974,0.1172,0.0090585
0.14901,223.68,-45.696,-75.638,26.267,-277.67,128.21,101.94,3.8006,-112.84,-111.97,-45.226
-0.70777,-45.696,993.77,-10.206,-37.896,0.12084,1.5865,39.482,-0.52986,-29.056,-6.4639,-2.8071
0.027871,-75.638,-10.206,983.27,-61.579,-0.27788,2.7999,64.378,-0.85509,-47.443,-10.703,-4.6421
-0.30119,26.267,-37.896,-61.579,559.46,192.94,-70.775,369.76,-8.5283,-246.03,5.2052,-0.08498
-0.7278,-277.67,0.12084,-0.27788,192.94,824.05,73.595,-119.34,4.8661,63.945,-40.642,-15.502
-0.53969,128.21,1.5865,2.7999,-70.775,73.595,968.79,39.56,-1.897,-19.119,18.707,7.2253
-0.23849,101.94,39.482,64.378,369.76,-119.34,39.56,669.8,6.6313,226.91,13.502,7.3102
-0.034728,3.8006,-0.52986,-0.85509,-8.5283,4.8661,-1.897,6.6313,999.82,-4.221,0.57526,0.19056
-0.10974,-112.84,-29.056,-47.443,-246.03,63.945,-19.119,226.91,-4.221,841.62,-15.47,-7.4916
0.1172,-111.97,-6.4639,-10.703,5.2052,-40.642,18.707,13.502,0.57526,-15.47,983.84,-6.5181
0.0090585,-45.226,-2.8071,-4.6421,-0.08498,-15.502,7.2253,7.3102,0.19056,-7.4916,-6.5181,997.36
