847.91,68.05,656.33,649.51,0.26882,69.743,1070.3,1106.6,1036.9,77.649,211.04,119.74,956.85
0,28.436,337.25,370.53,0.1053,44.165,964.02,1011.5,928.7,13.614,85.939,46.786,821.61
1380.2,212.39,937.25,824.5,0.46259,87.848,1189.2,1232.5,1144.6,138.37,279.27,212.14,999.49
1.0767e-05,-3.8848e-07,-2.415e-05,-1.6258e-05,-9.8629e-06,-0.00025727,0.00024547,-0.00025926,3.6705e-07,0.00012695,5.6871e-05,-2.7529e-05,-5.1985e-05
-3.8848e-07,0.0017483,0.00098817,0.00074041,-0.00021252,0.0065792,0.020244,-0.007423,-0.01402,0.0014537,-0.00091781,-0.0029158,0.0027503
-2.415e-05,0.00098817,0.0010223,0.00099737,8.563e-05,0.0071931,0.012869,-0.0034412,-0.010635,0.00089241,-0.00093237,-0.0024924,0.0029166
-1.6258e-05,0.00074041,0.00099737,0.0012218,0.00035144,0.0070955,0.0083768,-0.0012646,-0.0083498,0.0014262,-0.00087011,-0.0026883,0.0030055
-9.8629e-06,-0.00021252,8.563e-05,0.00035144,0.99995,-0.0053755,0.00073201,-0.0032672,0.0021096,-0.0010147,0.00088929,0.0006552,0.00054774
-0.00025727,0.0065792,0.0071931,0.0070955,-0.0053755,0.38983,0.086363,-0.35231,0.25799,0.0075523,-0.0088635,-0.017416,0.02036
0.00024547,0.020244,0.012869,0.0083768,0.00073201,0.086363,0.6256,-0.28244,-0.36883,0.043363,-0.0019385,-0.063201,0.048808
-0.00025926,-0.007423,-0.0034412,-0.0012646,-0.0032672,-0.35231,-0.28244,0.46999,-0.17763,-0.018891,-0.003268,0.02492,-0.016194
3.6705e-07,-0.01402,-0.010635,-0.0083498,0.0021096,0.25799,-0.36883,-0.17763,0.56433,-0.026307,0.0055183,0.042317,-0.036557
0.00012695,0.0014537,0.00089241,0.0014262,-0.0010147,0.0075523,0.043363,-0.018891,-0.026307,0.018466,-0.0043931,-0.01082,0.0030746
5.6871e-05,-0.00091781,-0.00093237,-0.00087011,0.00088929,-0.0088635,-0.0019385,-0.003268,0.0055183,-0.0043931,0.0046607,0.0016072,-0.0010857
-2.7529e-05,-0.0029158,-0.0024924,-0.0026883,0.0006552,-0.017416,-0.063201,0.02492,0.042317,-0.01082,0.0016072,0.012989,-0.0090977
-5.1985e-05,0.0027503,0.0029166,0.0030055,0.00054774,0.02036,0.048808,-0.016194,-0.036557,0.0030746,-0.0010857,-0.0090977,0.010044
76.737,76.737,76.737,76.737,76.737,76.737,76.737,76.737,76.737,76.737,76.737,76.737,76.737
