0,3.9841,172.55,29.112,7.8362,435.61,370.73,580.3,-138.91,19.915,1.7306e-06,1.6555e-06,1.8075e-06,1.661e-06,275.54,75.778,0.47029
1386.7,279.72,984.31,2702.9,237.16,1747.3,1301.1,1679.5,953.36,801.01,0.00018031,0.00028354,0.00021331,0.00024457,1844,890.87,312.51
3.9694e-06,1.7446e-05,2.3883e-06,3.3442e-07,1.4338e-05,-1.6361e-06,1.6889e-06,-3.7001e-06,-8.2951e-07,-2.7356e-06,5.1892e-09,6.6722e-09,5.4901e-09,5.8564e-09,8.9382e-07,6.6613e-07,8.5568e-06
1.7446e-05,0.0003676,5.6184e-05,-6.5197e-06,0.00012635,-3.031e-05,6.2076e-05,-4.8107e-05,-1.9989e-05,-6.197e-06,2.9282e-08,6.2652e-08,4.2438e-08,5.387e-08,-1.8529e-07,5.209e-05,4.1987e-05
2.3883e-06,5.6184e-05,5.3148e-05,-5.1207e-06,4.0219e-05,-6.9716e-06,-1.2983e-06,-3.6409e-06,3.2975e-06,1.807e-05,1.5677e-08,2.3613e-08,1.9898e-08,2.1802e-08,-5.172e-06,1.2932e-05,-1.9771e-05
3.3442e-07,-6.5197e-06,-5.1207e-06,1.7481e-05,-5.3512e-06,2.4074e-06,1.9594e-05,-5.747e-06,-7.5189e-06,1.1604e-05,-2.3434e-09,-2.6804e-09,-3.1712e-09,-3.527e-09,-3.8781e-06,-1.5093e-05,-2.1508e-05
1.4338e-05,0.00012635,4.0219e-05,-5.3512e-06,0.0020225,-0.00021235,0.00029763,-0.00025139,-3.1085e-05,4.7613e-05,-9.8534e-08,-1.1591e-07,-1.0212e-07,-1.1372e-07,-1.5487e-05,2.8713e-06,0.00018083
-1.6361e-06,-3.031e-05,-6.9716e-06,2.4074e-06,-0.00021235,0.33337,-4.9734e-05,-0.33329,0.33334,9.1759e-06,-4.4345e-09,-9.5381e-10,-4.1636e-09,-9.9161e-10,-2.7027e-07,-3.5414e-05,-4.3918e-05
1.6889e-06,6.2076e-05,-1.2983e-06,1.9594e-05,0.00029763,-4.9734e-05,0.00021983,-0.00012284,-7.9685e-05,1.9645e-05,2.0955e-08,2.1645e-08,2.3097e-08,1.9761e-08,-1.8653e-05,7.8057e-06,2.8306e-05
-3.7001e-06,-4.8107e-05,-3.6409e-06,-5.747e-06,-0.00025139,-0.33329,-0.00012284,0.33342,-0.33329,2.7184e-06,-2.2721e-09,6.2327e-09,-5.9622e-10,4.5913e-09,5.2517e-06,-2.3869e-05,-5.0343e-05
-8.2951e-07,-1.9989e-05,3.2975e-06,-7.5189e-06,-3.1085e-05,0.33334,-7.9685e-05,-0.33329,0.33337,-1.0713e-05,3.1493e-09,8.98e-09,4.9198e-09,7.4896e-09,5.9108e-06,1.3844e-05,-8.7303e-06
-2.7356e-06,-6.197e-06,1.807e-05,1.1604e-05,4.7613e-05,9.1759e-06,1.9645e-05,2.7184e-06,-1.0713e-05,0.00030667,-7.1019e-08,-9.4908e-08,-7.6077e-08,-8.4177e-08,-8.4117e-05,-9.2421e-05,-0.00030948
5.1892e-09,2.9282e-08,1.5677e-08,-2.3434e-09,-9.8534e-08,-4.4345e-09,2.0955e-08,-2.2721e-09,3.1493e-09,-7.1019e-08,1,-4.0449e-10,-3.2926e-10,-3.5695e-10,2.6196e-08,8.7776e-08,6.2839e-09
6.6722e-09,6.2652e-08,2.3613e-08,-2.6804e-09,-1.1591e-07,-9.5381e-10,2.1645e-08,6.2327e-09,8.98e-09,-9.4908e-08,-4.0449e-10,1,-4.6471e-10,-5.1935e-10,3.4433e-08,1.0805e-07,4.13e-08
5.4901e-09,4.2438e-08,1.9898e-08,-3.1712e-09,-1.0212e-07,-4.1636e-09,2.3097e-08,-5.9622e-10,4.9198e-09,-7.6077e-08,-3.2926e-10,-4.6471e-10,1,-4.0902e-10,2.7895e-08,9.5702e-08,5.2869e-09
5.8564e-09,5.387e-08,2.1802e-08,-3.527e-09,-1.1372e-07,-9.9161e-10,1.9761e-08,4.5913e-09,7.4896e-09,-8.4177e-08,-3.5695e-10,-5.1935e-10,-4.0902e-10,1,3.1028e-08,9.9711e-08,2.3294e-08
8.9382e-07,-1.8529e-07,-5.172e-06,-3.8781e-06,-1.5487e-05,-2.7027e-07,-1.8653e-05,5.2517e-06,5.9108e-06,-8.4117e-05,2.6196e-08,3.4433e-08,2.7895e-08,3.1028e-08,3.5734e-05,8.1782e-06,8.7454e-05
6.6613e-07,5.209e-05,1.2932e-05,-1.5093e-05,2.8713e-06,-3.5414e-05,7.8057e-06,-2.3869e-05,1.3844e-05,-9.2421e-05,8.7776e-08,1.0805e-07,9.5702e-08,9.9711e-08,8.1782e-06,0.00016545,0.00010753
8.5568e-06,4.1987e-05,-1.9771e-05,-2.1508e-05,0.00018083,-4.3918e-05,2.8306e-05,-5.0343e-05,-8.7303e-06,-0.00030948,6.2839e-09,4.13e-08,5.2869e-09,2.3294e-08,8.7454e-05,0.00010753,0.00071898
116.82,116.82,116.82,116.82,116.82,116.82,116.82,116.82,116.82,116.82,116.82,116.82,116.82,116.82,116.82,116.82,116.82
580.88,88.13,746.83,128.74,80.071,1081,968.39,1374.3,293.3,202.78,1.1606e-05,1.2627e-05,1.1926e-05,1.2146e-05,933.6,446.12,55.104
1,1,1,1,1,1,1,1,1,1,1,1,1,1,1,1,1
