0.9967,0.97786,-0.083927,-0.52224,0.38183,0.38183,0.38183,0.17405
0.82015,0.82007,-0.31615,-0.80473,0.20999,0.20999,0.20999,0.044305
1.2179,1.2155,0.076339,-0.22929,0.51724,0.51724,0.51724,0.41942
604.29,-360.05,121.4,-68.01,52.82,52.82,52.82,-275.18
-360.05,666.09,70.908,-106.08,19.461,19.461,19.461,-266.26
121.4,70.908,714.7,-256.33,-195.55,-195.55,-195.55,-15.111
-68.01,-106.08,-256.33,678.55,-191.33,-191.33,-191.33,-158.53
52.82,19.461,-195.55,-191.33,863.28,-136.72,-136.72,-35.235
52.82,19.461,-195.55,-191.33,-136.72,863.28,-136.72,-35.235
52.82,19.461,-195.55,-191.33,-136.72,-136.72,863.28,-35.235
-275.18,-266.26,-15.111,-158.53,-35.235,-35.235,-35.235,768.69
