503.26,615.81,740.06,606.06,0.2609,69.13,1091.7,1127.8,1058.7,88.536,231.78,129.94,953.28
281.25,190.75,380.39,370.53,0.1053,44.165,999.74,1041.8,971.4,19.963,134.45,47.564,821.61
857.37,928.57,988.24,824.5,0.46259,87.848,1189.2,1232.5,1144.6,131.96,279.27,212.14,999.49
0.18121,0.069716,-0.014947,0.2084,0.00049807,0.080684,0.092495,0.13281,0.052088,0.083255,0.065106,0.22942,0.018618
0.069716,0.032163,0.010333,0.066142,0.00041755,0.052489,0.048867,0.080837,0.028324,0.031586,-0.029186,0.082418,0.021404
-0.014947,0.010333,0.053819,-0.069462,0.00050138,0.039455,0.039016,0.073879,0.034384,-0.048593,-0.17886,-0.0059631,0.03311
0.2084,0.066142,-0.069462,0.30556,0.00096748,0.10686,0.038118,0.10222,-0.0046666,0.18728,0.25545,0.1882,0.019036
0.00049807,0.00041755,0.00050138,0.00096748,0.99999,-0.0013862,0.00044498,-0.00044136,0.00094552,-0.00051718,0.00014388,-0.0010498,0.0025199
0.080684,0.052489,0.039455,0.10686,-0.0013862,0.84555,0.05977,-0.039325,0.1152,-0.069237,0.016194,-0.14423,0.24991
0.092495,0.048867,0.039016,0.038118,0.00044498,0.05977,0.75251,-0.19486,-0.25469,0.037008,-0.18837,0.16648,0.0053438
0.13281,0.080837,0.073879,0.10222,-0.00044136,-0.039325,-0.19486,0.79307,-0.16761,-0.0067923,-0.16297,0.068032,0.15828
0.052088,0.028324,0.034384,-0.0046666,0.00094552,0.1152,-0.25469,-0.16761,0.71711,0.062474,-0.1792,0.21234,-0.091743
0.083255,0.031586,-0.048593,0.18728,-0.00051718,-0.069237,0.037008,-0.0067923,0.062474,0.89125,-0.064952,-0.18683,-0.046277
0.065106,-0.029186,-0.17886,0.25545,0.00014388,0.016194,-0.18837,-0.16297,-0.1792,-0.064952,0.71582,0.023507,-0.029753
0.22942,0.082418,-0.0059631,0.1882,-0.0010498,-0.14423,0.16648,0.068032,0.21234,-0.18683,0.023507,0.59126,-0.10597
0.018618,0.021404,0.03311,0.019036,0.0025199,0.24991,0.0053438,0.15828,-0.091743,-0.046277,-0.029753,-0.10597,0.13461
53.716,53.716,53.716,53.716,53.716,53.716,53.716,53.716,53.716,53.716,53.716,53.716,53.716
