208.15,104.69,-176.84,91.111,97.805,142.92,173.42,89.876,51.513,23.333,991.03,105.94,543.26,76.951,706.01,712.36,67.586,538.57,-402.24,17.492,17.492,17.492,0.57529,16.465,44964,-170.27,21.569,269.37,188.64,-190.21,198.15,10.569,180.28,178.88,31.342,196.2,13.672,102.55,990.21,46.993,987.72,102.86,997.25,47.274,14,-438.64,8.8206,8.8206,8.8206,1.911,127.66,77327,-160.21,48.039
127.8,78.617,-209.38,81.176,46.95,17.3,76.345,52.047,9.1679,2.8281,961.45,13.03,159.81,7.0585,213.8,214.45,33.472,154.02,-447.75,2.4704,2.4704,2.4704,0.0087546,-47.788,-1.0111e+05,-752.41,-647.06,205.34,136.03,-213.4,146.48,0.2143,143.53,136.48,2.7505,149.19,1.9902,2.9465,949.85,4.9395,949.7,6.4697,984.34,4.8893,2.0225,-469.39,-3.3743,-3.3743,-3.3743,0.060939,83.256,-91590,-505.72,-168.63
224.07,149.03,-76.744,109.13,175.42,200.61,202.03,115.6,123.22,54.319,999.41,274.93,976.66,260.89,983.27,986.81,110.05,975.98,-174.72,31.925,31.925,31.925,2.258,98.169,3.211e+05,230.24,611.76,338.25,266.53,-131.59,280.77,23.401,195.02,194.69,87.105,282.55,22.034,312.69,999.79,175.11,999.69,312.7,999.99,175.2,28.47,-411.66,37.301,37.301,37.301,14.062,214.4,2.376e+05,159.91,400
0.95861,-0.0073172,0.04653,0.00019538,-0.025614,-0.044555,-0.04241,-0.0013177,-0.021652,0.0034272,-0.0037868,0.059025,-0.014948,0.041455,-0.03887,-0.036554,0.016978,-0.017607,0.11347,0.00080874,0.00080874,0.00080874,-0.00054087,0.0055683,-8.0317e-05,0.032014,0.021729,-0.026235,-0.00070143,0.034632,-0.02448,-0.0066651,-0.0092372,-0.011582,0.011468,-0.023531,-0.0087017,-0.014086,0.00068703,0.02893,-0.0037551,-0.012102,-0.0041752,0.028375,-0.0086366,0.025558,0.020205,0.020205,0.020205,-0.0032802,-0.010827,5.8793e-05,-0.040338,-0.00088696
-0.0073172,0.99608,0.0065314,-0.00020507,-0.0021775,-0.0074852,-0.004868,0.0015014,-0.010069,0.0021054,0.001065,0.0038497,-0.012866,0.00035313,0.0073193,0.0059335,0.0020693,-0.012948,0.02136,-1.7732e-05,-1.7732e-05,-1.7732e-05,-0.0001491,-0.0041391,-4.3362e-05,-0.014275,0.0049301,-0.010703,-0.0060952,0.0086245,-0.012389,-0.00085576,-0.0014284,-0.0016855,-0.0024364,-0.011384,-0.0013395,-0.01146,0.0026699,0.0034527,0.0020083,-0.011141,-0.00061976,0.0033436,-0.00097622,0.0073926,0.0058003,0.0058003,0.0058003,-0.00093779,-0.0082035,6.2729e-05,-0.032959,0.018542
0.04653,0.0065314,0.94658,-0.00040566,0.030156,0.050553,0.049417,0.0023423,0.020627,-0.0031081,0.0051923,-0.069207,0.0093895,-0.049762,0.054077,0.050498,-0.019458,0.012569,-0.1265,-0.00095968,-0.00095968,-0.00095968,0.00056427,-0.0093701,8.319e-05,-0.050704,-0.023605,0.025553,-0.0029277,-0.037164,0.022297,0.0076082,0.010512,0.013246,-0.015462,0.02172,0.0098916,0.011746,0.00062445,-0.033739,0.0057034,0.0094989,0.0047764,-0.033116,0.010044,-0.026577,-0.021132,-0.021132,-0.021132,0.0034043,0.0081295,-5.0251e-05,0.028782,0.011426
0.00019538,-0.00020507,-0.00040566,0.99984,-0.00049604,0.00093381,0.00049438,-0.00022425,-0.00013883,0.00010183,-8.1834e-05,0.00068931,-0.0063587,0.00090021,0.0058613,0.0059405,-3.9112e-05,-0.0063879,-0.00046453,0.00019461,0.00019461,0.00019461,-1.2804e-05,-0.00044654,-3.1694e-05,0.0013563,0.0012602,-0.00031085,-0.00029778,0.00012901,-0.00044095,-1.0416e-05,4.7472e-05,0.00011009,-5.4591e-05,-0.00048651,-7.0152e-05,0.0010545,-9.6818e-05,-0.00033258,-6.1993e-05,0.0010352,3.5782e-05,-0.00034906,-1.0397e-05,0.00025344,0.00027131,0.00027131,0.00027131,-7.7725e-05,-0.00044604,6.0268e-05,-0.00011743,-0.00075579
-0.025614,-0.0021775,0.030156,-0.00049604,0.97483,-0.022569,-0.028759,-0.0051358,-0.005588,0.00055016,-0.0058168,0.052507,-0.029884,0.043222,-0.010809,-0.0058663,0.012907,-0.032437,0.067011,0.0021854,0.0021854,0.0021854,-0.00033931,0.0083813,-5.5782e-05,0.058125,0.062549,-0.0080356,0.0069816,0.017339,-0.0046009,-0.0050153,-0.0055054,-0.0069841,0.014254,-0.0055886,-0.0066973,0.009355,-0.0043456,0.018307,-0.0071879,0.010588,-0.0026483,0.017909,-0.0070469,0.01088,0.010029,0.010029,0.010029,-0.0020394,0.00031788,0.00017128,0.018384,-0.014765
-0.044555,-0.0074852,0.050553,0.00093381,-0.022569,0.94749,-0.046174,0.0014401,-0.025467,0.0048035,-0.0021442,0.050728,0.0084286,0.031387,-0.0667,-0.066111,0.016202,0.0061794,0.12204,-0.00035514,-0.00035514,-0.00035514,-0.00049225,0.0054765,-0.00011033,0.034412,-0.0087254,-0.028952,-0.0019136,0.037253,-0.027155,-0.0063508,-0.010198,-0.012796,0.009361,-0.02547,-0.0085849,-0.029216,0.0032498,0.032835,-0.0015898,-0.027082,-0.0045716,0.032244,-0.0085111,0.026971,0.020959,0.020959,0.020959,-0.0029933,-0.011696,2.5591e-05,-0.052877,0.0035035
-0.04241,-0.004868,0.049417,0.00049438,-0.028759,-0.046174,0.95374,-0.0027274,-0.016428,0.002371,-0.0053724,0.064807,-0.0030802,0.047338,-0.056189,-0.05226,0.018089,-0.006109,0.11424,0.0009489,0.0009489,0.0009489,-0.00048284,0.010511,-0.00011756,0.056034,0.029102,-0.020372,0.0051398,0.032289,-0.016547,-0.0070268,-0.0095701,-0.012145,0.015825,-0.01635,-0.0091515,-0.0085182,-0.0015245,0.031398,-0.0062087,-0.0064565,-0.0044056,0.030837,-0.0094806,0.022216,0.017947,0.017947,0.017947,-0.0029068,-0.0046493,0.00010886,-0.014135,-0.013508
-0.0013177,0.0015014,0.0023423,-0.00022425,-0.0051358,0.0014401,-0.0027274,0.99539,0.0075401,-0.0037489,-0.0037322,0.024099,-0.0026318,0.023205,0.004442,0.0081499,0.0043614,-0.0037628,0.0049371,0.0008941,0.0008941,0.0008941,-9.3716e-05,0.0061063,-1.6237e-05,-0.0088189,0.016835,0.003652,0.0059273,0.00054649,0.0051898,-0.0016564,-0.00030724,-0.00057374,0.0075171,0.0039869,-0.00077473,0.026652,-0.0049969,-8.629e-05,-0.005152,0.026793,-0.00012843,3.5968e-06,-0.0011167,0.0015583,0.00042011,0.00042011,0.00042011,-0.00050922,0.0044192,8.7004e-05,0.020182,-0.026882
-0.021652,-0.010069,0.020627,-0.00013883,-0.005588,-0.025467,-0.016428,0.0075401,0.96864,0.0093132,0.0051284,-0.0072007,-0.027637,-0.016201,-0.0008938,-0.0069171,0.0025185,-0.027138,0.059044,-0.00065215,-0.00065215,-0.00065215,-0.00026857,-0.012744,-2.7178e-05,0.0066125,-0.00066196,-0.028305,-0.016897,0.022271,-0.032239,-0.0011397,-0.0044591,-0.0051495,-0.0097422,-0.029002,-0.0038253,-0.055606,0.010488,0.013915,0.0083673,-0.054731,-0.0020082,0.013438,-0.0027954,0.016195,0.014141,0.014141,0.014141,-0.0017604,-0.021208,-4.8161e-06,-0.084247,0.063305
0.0034272,0.0021054,-0.0031081,0.00010183,0.00055016,0.0048035,0.002371,-0.0037489,0.0093132,0.99538,-0.0028072,0.015712,0.013744,0.016057,-0.00074715,0.002207,0.0025316,0.013037,-0.0069222,0.00020912,0.00020912,0.00020912,-3.0708e-05,0.0054559,0.00017307,-0.031084,0.0060517,0.0054348,0.0050263,-0.0027115,0.0063915,-0.00089048,0.00075518,0.00064738,0.005324,0.0054056,0.00065356,0.026727,-0.0044642,-0.0037562,-0.0040914,0.026671,0.00036139,-0.0035274,0.00026238,-0.00025434,-0.0016543,-0.0016543,-0.0016543,-0.00012533,0.004807,-0.00015119,0.015168,-0.023755
-0.0037868,0.001065,0.0051923,-8.1834e-05,-0.0058168,-0.0021442,-0.0053724,-0.0037322,0.0051284,-0.0028072,0.99672,0.022702,5.1395e-05,0.020881,-0.0027216,0.0004482,0.0045411,-0.0010205,0.011119,0.00070509,0.00070509,0.00070509,-9.4732e-05,0.0057774,-3.5927e-05,-0.0017292,0.014424,0.0019821,0.0053308,0.0022689,0.0035739,-0.001726,-0.00087609,-0.0012705,0.0070485,0.0026255,-0.0011787,0.019962,-0.0040395,0.0021725,-0.0044776,0.020209,-0.0003997,0.0022085,-0.0014996,0.002315,0.0012374,0.0012374,0.0012374,-0.00052616,0.0036208,6.008e-05,0.016363,-0.022303
0.059025,0.0038497,-0.069207,0.00068931,0.052507,0.050728,0.064807,0.024099,-0.0072007,0.015712,0.022702,0.80209,0.021965,-0.16921,0.024702,0.0040334,-0.044226,0.03093,-0.1733,-0.0047202,-0.0047202,-0.0047202,0.0012546,-0.035599,0.00025118,0.05931,-0.085197,0.021751,-0.024062,-0.051209,0.013767,0.017098,0.013296,0.017661,-0.049729,0.017821,0.014085,-0.11926,0.023028,-0.033852,0.029284,-0.12253,0.0057961,-0.033743,0.015478,-0.046956,-0.031027,-0.031027,-0.031027,0.0072955,-0.0027429,-0.00012829,-0.015636,0.13601
-0.014948,-0.012866,0.0093895,-0.0063587,-0.029884,0.0084286,-0.0030802,-0.0026318,-0.027637,0.013744,5.1395e-05,0.021965,0.7185,0.023071,0.20709,0.20612,-0.00061986,-0.28241,0.039622,0.0074204,0.0074204,0.0074204,-0.00061078,-0.022379,-7.2388e-05,0.14887,-0.0085463,-0.030498,-0.017812,0.024269,-0.035401,-0.0011359,-0.0039557,-0.0021319,-0.0057477,-0.03542,-0.0071593,-0.0099607,0.0040445,0.0080738,0.0028628,-0.0098597,-0.0010243,0.0066868,-0.003966,0.021315,0.021577,0.021577,0.021577,-0.0037662,-0.02715,-7.5104e-05,-0.037415,-0.019714
0.041455,0.00035313,-0.049762,0.00090021,0.043222,0.031387,0.047338,0.023205,-0.016201,0.016057,0.020881,-0.16921,0.023071,0.8512,0.0065951,-0.012886,-0.036079,0.030795,-0.12337,-0.0046265,-0.0046265,-0.0046265,0.0009867,-0.032886,0.00015246,0.05004,-0.079795,0.0092046,-0.025018,-0.035285,0.0015519,0.013932,0.0094008,0.012679,-0.044657,0.0061257,0.010647,-0.12063,0.023009,-0.022566,0.027424,-0.12302,0.0040665,-0.022608,0.012047,-0.034022,-0.021612,-0.021612,-0.021612,0.0056825,-0.0083717,-6.1199e-06,-0.041368,0.13392
-0.03887,0.0073193,0.054077,0.0058613,-0.010809,-0.0667,-0.056189,0.004442,-0.0008938,-0.00074715,-0.0027216,0.024702,0.20709,0.0065951,0.74513,-0.25307,0.013658,0.20562,0.097461,-0.0051986,-0.0051986,-0.0051986,0.00021999,0.028397,4.6836e-05,0.074608,-0.027553,0.0049531,0.022487,0.015025,0.015575,-0.004503,-0.0093567,-0.013373,0.018445,0.016043,-0.005294,-0.042416,3.2387e-05,0.039797,-0.004966,-0.040252,-0.0048103,0.039728,-0.0078571,0.00091173,0.00026499,0.00026499,0.00026499,0.0013746,0.021251,-9.8242e-05,0.04177,-0.008662
-0.036554,0.0059335,0.050498,0.0059405,-0.0058663,-0.066111,-0.05226,0.0081499,-0.0069171,0.002207,0.0004482,0.0040334,0.20612,-0.012886,-0.25307,0.74562,0.0097097,0.20563,0.090418,-0.0058729,-0.0058729,-0.0058729,0.00029365,0.022708,6.1369e-05,0.076999,-0.041231,0.0018955,0.017003,0.014057,0.010943,-0.0030114,-0.0088057,-0.012507,0.011721,0.012408,-0.0044227,-0.062979,0.0041395,0.038609,-0.0005756,-0.060992,-0.0045559,0.038484,-0.0066535,-0.00040772,-0.00019064,-0.00019064,-0.00019064,0.0017724,0.017101,-0.00013552,0.023404,0.013893
0.016978,0.0020693,-0.019458,-3.9112e-05,0.012907,0.016202,0.018089,0.0043614,0.0025185,0.0025316,0.0045411,-0.044226,-0.00061986,-0.036079,0.013658,0.0097097,0.98907,0.0013801,-0.0486,-0.0008153,-0.0008153,-0.0008153,0.00031015,-0.0070416,0.00018912,0.015455,-0.030984,0.0080707,-0.0037113,-0.014199,0.0065709,0.0041722,0.0036187,0.0048461,-0.010421,0.0070216,0.0038082,-0.018279,0.0038903,-0.0099373,0.0056806,-0.019192,0.0016671,-0.0098834,0.0041385,-0.011983,-0.0084153,-0.0084153,-0.0084153,0.0018358,0.0015559,-0.00022435,0.0061315,0.016183
-0.017607,-0.012948,0.012569,-0.0063879,-0.032437,0.0061794,-0.006109,-0.0037628,-0.027138,0.013037,-0.0010205,0.03093,-0.28241,0.030795,0.20562,0.20563,0.0013801,0.71626,0.047274,0.0076541,0.0076541,0.0076541,-0.0006639,-0.020643,-9.5573e-05,0.14772,-0.0035071,-0.031195,-0.016517,0.026398,-0.03566,-0.0019056,-0.0045493,-0.0029257,-0.0033719,-0.035893,-0.0078188,-0.0045498,0.0029349,0.0096668,0.0014661,-0.0043017,-0.0012903,0.0082728,-0.0047036,0.023185,0.02284,0.02284,0.02284,-0.0040745,-0.026781,-5.1154e-05,-0.035423,-0.025856
0.11347,0.02136,-0.1265,-0.00046453,0.067011,0.12204,0.11424,0.0049371,0.059044,-0.0069222,0.011119,-0.1733,0.039622,-0.12337,0.097461,0.090418,-0.0486,0.047274,0.68371,-0.0019897,-0.0019897,-0.0019897,0.001614,-0.015508,4.0408e-05,-0.037826,-0.032151,0.076891,0.0040166,-0.099529,0.0733,0.019134,0.025515,0.031995,-0.031985,0.070534,0.023351,0.023772,-0.00093117,-0.076988,0.011116,0.018273,0.011319,-0.075602,0.022986,-0.077308,-0.058863,-0.058863,-0.058863,0.0097418,0.033302,4.5912e-05,0.13378,0.018954
0.00080874,-1.7732e-05,-0.00095968,0.00019461,0.0021854,-0.00035514,0.0009489,0.0008941,-0.00065215,0.00020912,0.00070509,-0.0047202,0.0074204,-0.0046265,-0.0051986,-0.0058729,-0.0008153,0.0076541,-0.0019897,0.99961,-0.00038962,-0.00038962,2.6417e-05,-0.00062438,-1.2322e-06,-0.0053643,-0.0076171,-0.00027317,-0.0008592,-0.00042396,-0.00054371,0.00033073,0.00015463,0.00017479,-0.0013555,-0.00029978,0.00042,-0.0037756,0.00082394,-0.00040907,0.00091105,-0.0038115,7.6219e-05,-0.00038361,0.00043353,-0.00028159,-0.00038961,-0.00038961,-0.00038961,0.00015536,-0.00041247,3.9585e-06,-0.004735,0.0034372
0.00080874,-1.7732e-05,-0.00095968,0.00019461,0.0021854,-0.00035514,0.0009489,0.0008941,-0.00065215,0.00020912,0.00070509,-0.0047202,0.0074204,-0.0046265,-0.0051986,-0.0058729,-0.0008153,0.0076541,-0.0019897,-0.00038962,0.99961,-0.00038962,2.6417e-05,-0.00062438,-1.2322e-06,-0.0053643,-0.0076171,-0.00027317,-0.0008592,-0.00042396,-0.00054371,0.00033073,0.00015463,0.00017479,-0.0013555,-0.00029978,0.00042,-0.0037756,0.00082394,-0.00040907,0.00091105,-0.0038115,7.6219e-05,-0.00038361,0.00043353,-0.00028159,-0.00038961,-0.00038961,-0.00038961,0.00015536,-0.00041247,3.9585e-06,-0.004735,0.0034372
0.00080874,-1.7732e-05,-0.00095968,0.00019461,0.0021854,-0.00035514,0.0009489,0.0008941,-0.00065215,0.00020912,0.00070509,-0.0047202,0.0074204,-0.0046265,-0.0051986,-0.0058729,-0.0008153,0.0076541,-0.0019897,-0.00038962,-0.00038962,0.99961,2.6417e-05,-0.00062438,-1.2322e-06,-0.0053643,-0.0076171,-0.00027317,-0.0008592,-0.00042396,-0.00054371,0.00033073,0.00015463,0.00017479,-0.0013555,-0.00029978,0.00042,-0.0037756,0.00082394,-0.00040907,0.00091105,-0.0038115,7.6219e-05,-0.00038361,0.00043353,-0.00028159,-0.00038961,-0.00038961,-0.00038961,0.00015536,-0.00041247,3.9585e-06,-0.004735,0.0034372
-0.00054087,-0.0001491,0.00056427,-1.2804e-05,-0.00033931,-0.00049225,-0.00048284,-9.3716e-05,-0.00026857,-3.0708e-05,-9.4732e-05,0.0012546,-0.00061078,0.0009867,0.00021999,0.00029365,0.00031015,-0.0006639,0.001614,2.6417e-05,2.6417e-05,2.6417e-05,0.99999,6.1861e-05,2.1481e-06,-0.00096237,0.00039785,-0.00047657,-7.0105e-05,0.0005696,-0.00049244,-0.00012267,-0.00011723,-0.00014779,0.00019622,-0.00048357,-0.00011527,0.00038535,-4.8446e-05,0.00027588,-0.00010151,0.00041277,-4.9306e-05,0.00027221,-0.00010941,0.00052492,0.00036896,0.00036896,0.00036896,-7.2887e-05,-0.00026025,-2.4516e-06,-0.0010448,-0.00030743
0.0055683,-0.0041391,-0.0093701,-0.00044654,0.0083813,0.0054765,0.010511,0.0061063,-0.012744,0.0054559,0.0057774,-0.035599,-0.022379,-0.032886,0.028397,0.022708,-0.0070416,-0.020643,-0.015508,-0.00062438,-0.00062438,-0.00062438,6.1861e-05,0.98667,8.3313e-05,-0.0098126,-0.0075833,-0.0081348,-0.012951,-0.0011871,-0.012248,0.0026195,0.0015624,0.0023569,-0.013537,-0.010347,0.0015418,-0.033591,0.0074834,-0.0051599,0.0082571,-0.033996,0.00072038,-0.0052534,0.0023681,-0.00091111,0.00046285,0.00046285,0.00046285,0.00027265,-0.011103,5.6036e-05,-0.042836,0.048803
-8.0317e-05,-4.3362e-05,8.319e-05,-3.1694e-05,-5.5782e-05,-0.00011033,-0.00011756,-1.6237e-05,-2.7178e-05,0.00017307,-3.5927e-05,0.00025118,-7.2388e-05,0.00015246,4.6836e-05,6.1369e-05,0.00018912,-9.5573e-05,4.0408e-05,-1.2322e-06,-1.2322e-06,-1.2322e-06,2.1481e-06,8.3313e-05,9.4534e-07,-0.00029921,-0.00021224,0.00015806,0.00013635,-8.7479e-05,0.00018617,-2.0723e-05,3.3105e-05,3.2591e-05,0.00010503,0.00016685,-8.7473e-05,-0.00032252,-2.515e-06,-0.00013328,-3.2604e-06,-0.00031511,1.7573e-06,-0.00013531,-0.00010454,-0.00015387,-3.8772e-05,-3.8772e-05,-3.8772e-05,2.6578e-06,0.00010085,-3.0856e-07,0.00034133,0.00020403
0.032014,-0.014275,-0.050704,0.0013563,0.058125,0.034412,0.056034,-0.0088189,0.0066125,-0.031084,-0.0017292,0.05931,0.14887,0.05004,0.074608,0.076999,0.015455,0.14772,-0.037826,-0.0053643,-0.0053643,-0.0053643,-0.00096237,-0.0098126,-0.00029921,0.27539,0.022425,-0.032962,-0.033535,0.010901,-0.051666,-0.0050467,0.0099243,0.0096136,-0.01055,-0.047914,0.012385,0.13468,-0.0066695,-0.060057,-0.0014801,0.13412,0.0049553,-0.057235,0.012351,0.042494,0.013385,0.013385,0.013385,-0.0056581,-0.038532,4.2252e-05,-0.25827,0.038803
0.021729,0.0049301,-0.023605,0.0012602,0.062549,-0.0087254,0.029102,0.016835,-0.00066196,0.0060517,0.014424,-0.085197,-0.0085463,-0.079795,-0.027553,-0.041231,-0.030984,-0.0035071,-0.032151,-0.0076171,-0.0076171,-0.0076171,0.00039785,-0.0075833,-0.00021224,0.022425,0.15881,-0.023076,-0.01343,0.019527,-0.027355,0.0095389,-0.0044147,-0.0011501,-0.027992,-0.024093,0.012361,-0.026593,0.016817,0.0055077,0.018898,-0.028071,0.0017569,0.0048274,0.016822,0.035313,0.012134,0.012134,0.012134,0.0028848,-0.010255,-2.8636e-05,-0.13075,-0.28882
-0.026235,-0.010703,0.025553,-0.00031085,-0.0080356,-0.028952,-0.020372,0.003652,-0.028305,0.0054348,0.0019821,0.021751,-0.030498,0.0092046,0.0049531,0.0018955,0.0080707,-0.031195,0.076891,-0.00027317,-0.00027317,-0.00027317,-0.00047657,-0.0081348,0.00015806,-0.032962,-0.023076,0.96734,-0.014876,0.029881,-0.036406,-0.0033734,-0.0058023,-0.0068769,-0.0037246,-0.033693,-0.0046069,-0.028627,0.00683,0.01507,0.0043033,-0.027446,-0.0023788,0.014685,-0.0035719,0.025859,0.019273,0.019273,0.019273,-0.0029393,-0.022291,-0.00010985,-0.094658,0.027723
-0.00070143,-0.0060952,-0.0029277,-0.00029778,0.0069816,-0.0019136,0.0051398,0.0059273,-0.016897,0.0050263,0.0053308,-0.024062,-0.017812,-0.025018,0.022487,0.017003,-0.0037113,-0.016517,0.0040166,-0.0008592,-0.0008592,-0.0008592,-7.0105e-05,-0.012951,0.00013635,-0.033535,-0.01343,-0.014876,0.98516,0.0060454,-0.019527,0.0013261,0.00016921,0.00054261,-0.012438,-0.017191,0.00059405,-0.032318,0.0077683,-0.0020234,0.0079373,-0.032388,0.00015151,-0.0021137,0.0014876,0.0060306,0.0049428,0.0049428,0.0049428,-0.00051719,-0.014998,-4.2197e-06,-0.063677,0.048131
0.034632,0.0086245,-0.037164,0.00012901,0.017339,0.037253,0.032289,0.00054649,0.022271,-0.0027115,0.0022689,-0.051209,0.024269,-0.035285,0.015025,0.014057,-0.014199,0.026398,-0.099529,-0.00042396,-0.00042396,-0.00042396,0.0005696,-0.0011871,-8.7479e-05,0.010901,0.019527,0.029881,0.0060454,0.96556,0.030514,0.0057312,0.0079796,0.0097693,-0.0065731,0.029051,0.0067509,0.0088952,-0.0019873,-0.022315,0.0015758,0.0072428,0.0033482,-0.021874,0.0061935,-0.028965,-0.021206,-0.021206,-0.021206,0.0034348,0.015812,0.00014371,0.067112,0.0079073
-0.02448,-0.012389,0.022297,-0.00044095,-0.0046009,-0.027155,-0.016547,0.0051898,-0.032239,0.0063915,0.0035739,0.013767,-0.035401,0.0015519,0.015575,0.010943,0.0065709,-0.03566,0.0733,-0.00054371,-0.00054371,-0.00054371,-0.00049244,-0.012248,0.00018617,-0.051666,-0.027355,-0.036406,-0.019527,0.030514,0.95821,-0.0028196,-0.0052895,-0.0061551,-0.0077891,-0.038423,-0.0039971,-0.035241,0.0088822,0.012632,0.0066379,-0.034164,-0.0021135,0.012269,-0.002691,0.027242,0.020192,0.020192,0.020192,-0.0030591,-0.02673,-0.00018147,-0.11426,0.041322
-0.0066651,-0.00085576,0.0076082,-1.0416e-05,-0.0050153,-0.0063508,-0.0070268,-0.0016564,-0.0011397,-0.00089048,-0.001726,0.017098,-0.0011359,0.013932,-0.004503,-0.0030114,0.0041722,-0.0019056,0.019134,0.00033073,0.00033073,0.00033073,-0.00012267,0.0026195,-2.0723e-05,-0.0050467,0.0095389,-0.0033734,0.0013261,0.0057312,-0.0028196,0.99839,-0.0014521,-0.001914,0.0039573,-0.0029846,-0.0014907,0.0069259,-0.0014403,0.0039674,-0.0021425,0.0072796,-0.00065406,0.0039366,-0.001591,0.0048839,0.0034296,0.0034296,0.0034296,-0.00072529,-0.00076667,-2.266e-05,-0.0029406,-0.0072383
-0.0092372,-0.0014284,0.010512,4.7472e-05,-0.0055054,-0.010198,-0.0095701,-0.00030724,-0.0044591,0.00075518,-0.00087609,0.013296,-0.0039557,0.0094008,-0.0093567,-0.0088057,0.0036187,-0.0045493,0.025515,0.00015463,0.00015463,0.00015463,-0.00011723,0.0015624,3.3105e-05,0.0099243,-0.0044147,-0.0058023,0.00016921,0.0079796,-0.0052895,-0.0014521,0.99781,-0.0026881,0.0027065,-0.0051191,-0.0018955,-0.0025813,0.00010569,0.0068137,-0.00089737,-0.002143,-0.00094465,0.006675,-0.0018491,0.0060539,0.0046323,0.0046323,0.0046323,-0.00070269,-0.0021212,4.6759e-05,-0.0083883,-0.0053111
-0.011582,-0.0016855,0.013246,0.00011009,-0.0069841,-0.012796,-0.012145,-0.00057374,-0.0051495,0.00064738,-0.0012705,0.017661,-0.0021319,0.012679,-0.013373,-0.012507,0.0048461,-0.0029257,0.031995,0.00017479,0.00017479,0.00017479,-0.00014779,0.0023569,3.2591e-05,0.0096136,-0.0011501,-0.0068769,0.00054261,0.0097693,-0.0061551,-0.001914,-0.0026881,0.99664,0.0037715,-0.0059805,-0.0023783,-0.0021276,-0.00012268,0.0083863,-0.0013808,-0.0015667,-0.0011842,0.0082346,-0.0023792,0.007375,0.0056112,0.0056112,0.0056112,-0.00088565,-0.0023176,2.9986e-05,-0.0095077,-0.00582
0.011468,-0.0024364,-0.015462,-5.4591e-05,0.014254,0.009361,0.015825,0.0075171,-0.0097422,0.005324,0.0070485,-0.049729,-0.0057477,-0.044657,0.018445,0.011721,-0.010421,-0.0033719,-0.031985,-0.0013555,-0.0013555,-0.0013555,0.00019622,-0.013537,0.00010503,-0.01055,-0.027992,-0.0037246,-0.012438,-0.0065731,-0.0077891,0.0039573,0.0027065,0.0037715,0.984,-0.0058187,0.0031578,-0.037563,0.0082866,-0.0080822,0.0096409,-0.038247,0.0012537,-0.0080932,0.0039189,-0.0053511,-0.0032205,-0.0032205,-0.0032205,0.0010889,-0.0084973,-0.0001409,-0.03756,0.048034
-0.023531,-0.011384,0.02172,-0.00048651,-0.0055886,-0.02547,-0.01635,0.0039869,-0.029002,0.0054056,0.0026255,0.017821,-0.03542,0.0061257,0.016043,0.012408,0.0070216,-0.035893,0.070534,-0.00029978,-0.00029978,-0.00029978,-0.00048357,-0.010347,0.00016685,-0.047914,-0.024093,-0.033693,-0.017191,0.029051,-0.038423,-0.0029846,-0.0051191,-0.0059805,-0.0058187,0.9645,-0.0039803,-0.028201,0.0074108,0.012152,0.00524,-0.027154,-0.0020409,0.011813,-0.0027982,0.026094,0.019233,0.019233,0.019233,-0.0029886,-0.024328,-0.00013011,-0.10335,0.03263
-0.0087017,-0.0013395,0.0098916,-7.0152e-05,-0.0066973,-0.0085849,-0.0091515,-0.00077473,-0.0038253,0.00065356,-0.0011787,0.014085,-0.0071593,0.010647,-0.005294,-0.0044227,0.0038082,-0.0078188,0.023351,0.00042,0.00042,0.00042,-0.00011527,0.0015418,-8.7473e-05,0.012385,0.012361,-0.0046069,0.00059405,0.0067509,-0.0039971,-0.0014907,-0.0018955,-0.0023783,0.0031578,-0.0039803,0.99798,-0.0012063,-0.00036998,0.0060886,-0.0013123,-0.00079247,-0.00088218,0.0059587,-0.0020465,0.0046848,0.0039646,0.0039646,0.0039646,-0.00069952,-0.0015857,3.6198e-05,-0.0032509,-0.00078877
-0.014086,-0.01146,0.011746,0.0010545,0.009355,-0.029216,-0.0085182,0.026652,-0.055606,0.026727,0.019962,-0.11926,-0.0099607,-0.12063,-0.042416,-0.062979,-0.018279,-0.0045498,0.023772,-0.0037756,-0.0037756,-0.0037756,0.00038535,-0.033591,-0.00032252,0.13468,-0.026593,-0.028627,-0.032318,0.0088952,-0.035241,0.0069259,-0.0025813,-0.0021276,-0.037563,-0.028201,-0.0012063,0.8229,0.029786,0.017649,0.028226,-0.17697,-0.0015597,0.016642,0.00060119,-0.0051904,0.0040498,0.0040498,0.0040498,0.0019238,-0.02739,0.00020913,-0.10489,0.18133
0.00068703,0.0026699,0.00062445,-9.6818e-05,-0.0043456,0.0032498,-0.0015245,-0.0049969,0.010488,-0.0044642,-0.0040395,0.023028,0.0040445,0.023009,3.2387e-05,0.0041395,0.0038903,0.0029349,-0.00093117,0.00082394,0.00082394,0.00082394,-4.8446e-05,0.0074834,-2.515e-06,-0.0066695,0.016817,0.00683,0.0077683,-0.0019873,0.0088822,-0.0014403,0.00010569,-0.00012268,0.0082866,0.0074108,-0.00036998,0.029786,0.99423,-0.0010433,-0.0057475,0.029847,3.7181e-05,-0.00090872,-0.0008514,-0.00065704,-0.0013505,-0.0013505,-0.0013505,-0.00022577,0.0069065,5.6668e-05,0.029474,-0.031155
0.02893,0.0034527,-0.033739,-0.00033258,0.018307,0.032835,0.031398,-8.629e-05,0.013915,-0.0037562,0.0021725,-0.033852,0.0080738,-0.022566,0.039797,0.038609,-0.0099373,0.0096668,-0.076988,-0.00040907,-0.00040907,-0.00040907,0.00027588,-0.0051599,-0.00013328,-0.060057,0.0055077,0.01507,-0.0020234,-0.022315,0.012632,0.0039674,0.0068137,0.0083863,-0.0080822,0.012152,0.0060886,0.017649,-0.0010433,0.97693,0.0021906,0.016306,0.0030522,-0.022559,0.0060713,-0.014739,-0.012313,-0.012313,-0.012313,0.0016699,0.0041105,-7.9675e-05,0.013022,0.0091055
-0.0037551,0.0020083,0.0057034,-6.1993e-05,-0.0071879,-0.0015898,-0.0062087,-0.005152,0.0083673,-0.0040914,-0.0044776,0.029284,0.0028628,0.027424,-0.004966,-0.0005756,0.0056806,0.0014661,0.011116,0.00091105,0.00091105,0.00091105,-0.00010151,0.0082571,-3.2604e-06,-0.0014801,0.018898,0.0043033,0.0079373,0.0015758,0.0066379,-0.0021425,-0.00089737,-0.0013808,0.0096409,0.00524,-0.0013123,0.028226,-0.0057475,0.0021906,0.99379,0.028499,-0.00041838,0.0022626,-0.0017998,0.0018723,0.00068206,0.00068206,0.00068206,-0.00054693,0.0060332,7.0064e-05,0.026396,-0.031808
-0.012102,-0.011141,0.0094989,0.0010352,0.010588,-0.027082,-0.0064565,0.026793,-0.054731,0.026671,0.020209,-0.12253,-0.0098597,-0.12302,-0.040252,-0.060992,-0.019192,-0.0043017,0.018273,-0.0038115,-0.0038115,-0.0038115,0.00041277,-0.033996,-0.00031511,0.13412,-0.028071,-0.027446,-0.032388,0.0072428,-0.034164,0.0072796,-0.002143,-0.0015667,-0.038247,-0.027154,-0.00079247,-0.17697,0.029847,0.016306,0.028499,0.82307,-0.0013601,0.015319,0.0010242,-0.0064453,0.0030933,0.0030933,0.0030933,0.002089,-0.026957,0.00020736,-0.10314,0.18169
-0.0041752,-0.00061976,0.0047764,3.5782e-05,-0.0026483,-0.0045716,-0.0044056,-0.00012843,-0.0020082,0.00036139,-0.0003997,0.0057961,-0.0010243,0.0040665,-0.0048103,-0.0045559,0.0016671,-0.0012903,0.011319,7.6219e-05,7.6219e-05,7.6219e-05,-4.9306e-05,0.00072038,1.7573e-06,0.0049553,0.0017569,-0.0023788,0.00015151,0.0033482,-0.0021135,-0.00065406,-0.00094465,-0.0011842,0.0012537,-0.0020409,-0.00088218,-0.0015597,3.7181e-05,0.0030522,-0.00041838,-0.0013601,0.99957,0.0029931,-0.00088727,0.0023716,0.0019061,0.0019061,0.0019061,-0.0002985,-0.00082149,1.2607e-05,-0.002931,-0.00059476
0.028375,0.0033436,-0.033116,-0.00034906,0.017909,0.032244,0.030837,3.5968e-06,0.013438,-0.0035274,0.0022085,-0.033743,0.0066868,-0.022608,0.039728,0.038484,-0.0098834,0.0082728,-0.075602,-0.00038361,-0.00038361,-0.00038361,0.00027221,-0.0052534,-0.00013531,-0.057235,0.0048274,0.014685,-0.0021137,-0.021874,0.012269,0.0039366,0.006675,0.0082346,-0.0080932,0.011813,0.0059587,0.016642,-0.00090872,-0.022559,0.0022626,0.015319,0.0029931,0.97793,0.0059611,-0.014496,-0.012052,-0.012052,-0.012052,0.0016463,0.003918,-7.5931e-05,0.012669,0.0092118
-0.0086366,-0.00097622,0.010044,-1.0397e-05,-0.0070469,-0.0085111,-0.0094806,-0.0011167,-0.0027954,0.00026238,-0.0014996,0.015478,-0.003966,0.012047,-0.0078571,-0.0066535,0.0041385,-0.0047036,0.022986,0.00043353,0.00043353,0.00043353,-0.00010941,0.0023681,-0.00010454,0.012351,0.016822,-0.0035719,0.0014876,0.0061935,-0.002691,-0.001591,-0.0018491,-0.0023792,0.0039189,-0.0027982,-0.0020465,0.00060119,-0.0008514,0.0060713,-0.0017998,0.0010242,-0.00088727,0.0059611,0.99784,0.0040959,0.0035132,0.0035132,0.0035132,-0.00066109,-0.00062881,5.2014e-05,0.00053564,-0.0016315
0.025558,0.0073926,-0.026577,0.00025344,0.01088,0.026971,0.022216,0.0015583,0.016195,-0.00025434,0.002315,-0.046956,0.021315,-0.034022,0.00091173,-0.00040772,-0.011983,0.023185,-0.077308,-0.00028159,-0.00028159,-0.00028159,0.00052492,-0.00091111,-0.00015387,0.042494,0.035313,0.025859,0.0060306,-0.028965,0.027242,0.0048839,0.0060539,0.007375,-0.0053511,0.026094,0.0046848,-0.0051904,-0.00065704,-0.014739,0.0018723,-0.0064453,0.0023716,-0.014496,0.0040959,0.97307,-0.018419,-0.018419,-0.018419,0.003133,0.014485,0.00029356,0.066083,0.019725
0.020205,0.0058003,-0.021132,0.00027131,0.010029,0.020959,0.017947,0.00042011,0.014141,-0.0016543,0.0012374,-0.031027,0.021577,-0.021612,0.00026499,-0.00019064,-0.0084153,0.02284,-0.058863,-0.00038961,-0.00038961,-0.00038961,0.00036896,0.00046285,-3.8772e-05,0.013385,0.012134,0.019273,0.0049428,-0.021206,0.020192,0.0034296,0.0046323,0.0056112,-0.0032205,0.019233,0.0039646,0.0040498,-0.0013505,-0.012313,0.00068206,0.0030933,0.0019061,-0.012052,0.0035132,-0.018419,0.98659,-0.013408,-0.013408,0.0022269,0.011033,0.0001719,0.045772,0.0039256
0.020205,0.0058003,-0.021132,0.00027131,0.010029,0.020959,0.017947,0.00042011,0.014141,-0.0016543,0.0012374,-0.031027,0.021577,-0.021612,0.00026499,-0.00019064,-0.0084153,0.02284,-0.058863,-0.00038961,-0.00038961,-0.00038961,0.00036896,0.00046285,-3.8772e-05,0.013385,0.012134,0.019273,0.0049428,-0.021206,0.020192,0.0034296,0.0046323,0.0056112,-0.0032205,0.019233,0.0039646,0.0040498,-0.0013505,-0.012313,0.00068206,0.0030933,0.0019061,-0.012052,0.0035132,-0.018419,-0.013408,0.98659,-0.013408,0.0022269,0.011033,0.0001719,0.045772,0.0039256
0.020205,0.0058003,-0.021132,0.00027131,0.010029,0.020959,0.017947,0.00042011,0.014141,-0.0016543,0.0012374,-0.031027,0.021577,-0.021612,0.00026499,-0.00019064,-0.0084153,0.02284,-0.058863,-0.00038961,-0.00038961,-0.00038961,0.00036896,0.00046285,-3.8772e-05,0.013385,0.012134,0.019273,0.0049428,-0.021206,0.020192,0.0034296,0.0046323,0.0056112,-0.0032205,0.019233,0.0039646,0.0040498,-0.0013505,-0.012313,0.00068206,0.0030933,0.0019061,-0.012052,0.0035132,-0.018419,-0.013408,-0.013408,0.98659,0.0022269,0.011033,0.0001719,0.045772,0.0039256
-0.0032802,-0.00093779,0.0034043,-7.7725e-05,-0.0020394,-0.0029933,-0.0029068,-0.00050922,-0.0017604,-0.00012533,-0.00052616,0.0072955,-0.0037662,0.0056825,0.0013746,0.0017724,0.0018358,-0.0040745,0.0097418,0.00015536,0.00015536,0.00015536,-7.2887e-05,0.00027265,2.6578e-06,-0.0056581,0.0028848,-0.0029393,-0.00051719,0.0034348,-0.0030591,-0.00072529,-0.00070269,-0.00088565,0.0010889,-0.0029886,-0.00069952,0.0019238,-0.00022577,0.0016699,-0.00054693,0.002089,-0.0002985,0.0016463,-0.00066109,0.003133,0.0022269,0.0022269,0.0022269,0.99956,-0.0016515,2.4706e-06,-0.0065613,-0.0011755
-0.010827,-0.0082035,0.0081295,-0.00044604,0.00031788,-0.011696,-0.0046493,0.0044192,-0.021208,0.004807,0.0036208,-0.0027429,-0.02715,-0.0083717,0.021251,0.017101,0.0015559,-0.026781,0.033302,-0.00041247,-0.00041247,-0.00041247,-0.00026025,-0.011103,0.00010085,-0.038532,-0.010255,-0.022291,-0.014998,0.015812,-0.02673,-0.00076667,-0.0021212,-0.0023176,-0.0084973,-0.024328,-0.0015857,-0.02739,0.0069065,0.0041105,0.0060332,-0.026957,-0.00082149,0.003918,-0.00062881,0.014485,0.011033,0.011033,0.011033,-0.0016515,0.98165,-2.9668e-05,-0.07662,0.039934
5.8793e-05,6.2729e-05,-5.0251e-05,6.0268e-05,0.00017128,2.5591e-05,0.00010886,8.7004e-05,-4.8161e-06,-0.00015119,6.008e-05,-0.00012829,-7.5104e-05,-6.1199e-06,-9.8242e-05,-0.00013552,-0.00022435,-5.1154e-05,4.5912e-05,3.9585e-06,3.9585e-06,3.9585e-06,-2.4516e-06,5.6036e-05,-3.0856e-07,4.2252e-05,-2.8636e-05,-0.00010985,-4.2197e-06,0.00014371,-0.00018147,-2.266e-05,4.6759e-05,2.9986e-05,-0.0001409,-0.00013011,3.6198e-05,0.00020913,5.6668e-05,-7.9675e-05,7.0064e-05,0.00020736,1.2607e-05,-7.5931e-05,5.2014e-05,0.00029356,0.0001719,0.0001719,0.0001719,2.4706e-06,-2.9668e-05,6.9721e-07,0.00023612,0.00021809
-0.040338,-0.032959,0.028782,-0.00011743,0.018384,-0.052877,-0.014135,0.020182,-0.084247,0.015168,0.016363,-0.015636,-0.037415,-0.041368,0.04177,0.023404,0.0061315,-0.035423,0.13378,-0.004735,-0.004735,-0.004735,-0.0010448,-0.042836,0.00034133,-0.25827,-0.13075,-0.094658,-0.063677,0.067112,-0.11426,-0.0029406,-0.0083883,-0.0095077,-0.03756,-0.10335,-0.0032509,-0.10489,0.029474,0.013022,0.026396,-0.10314,-0.002931,0.012669,0.00053564,0.066083,0.045772,0.045772,0.045772,-0.0065613,-0.07662,0.00023612,0.64419,0.14425
-0.00088696,0.018542,0.011426,-0.00075579,-0.014765,0.0035035,-0.013508,-0.026882,0.063305,-0.023755,-0.022303,0.13601,-0.019714,0.13392,-0.008662,0.013893,0.016183,-0.025856,0.018954,0.0034372,0.0034372,0.0034372,-0.00030743,0.048803,0.00020403,0.038803,-0.28882,0.027723,0.048131,0.0079073,0.041322,-0.0072383,-0.0053111,-0.00582,0.048034,0.03263,-0.00078877,0.18133,-0.031155,0.0091055,-0.031808,0.18169,-0.00059476,0.0092118,-0.0016315,0.019725,0.0039256,0.0039256,0.0039256,-0.0011755,0.039934,0.00021809,0.14425,0.63553
101.63,101.63,101.63,101.63,101.63,101.63,101.63,101.63,101.63,101.63,101.63,101.63,101.63,101.63,101.63,101.63,101.63,101.63,101.63,101.63,101.63,101.63,101.63,101.63,101.63,101.63,101.63,101.63,101.63,101.63,101.63,101.63,101.63,101.63,101.63,101.63,101.63,101.63,101.63,101.63,101.63,101.63,101.63,101.63,101.63,101.63,101.63,101.63,101.63,101.63,101.63,101.63,101.63,101.63
