172.31,0.65887,0.68392,0.030902,0.59728,0.11506
68.69,0.4125,0.58431,0.013138,0.40147,0.035213
297.67,0.8199,0.82745,0.081375,1.0682,0.18675
0.00065666,-0.0056371,0.4279,0.00070017,0.17993,-0.52911
-0.0056371,71.989,-57.568,-4.7192,24.967,-53.931
0.4279,-57.568,475.25,-1.2761,135.73,-306.78
0.00070017,-4.7192,-1.2761,988.18,-100.95,-32.424
0.17993,24.967,135.73,-100.95,94.22,-191.71
-0.52911,-53.931,-306.78,-32.424,-191.71,735.66
