0.42681,0.33059,-0.26149,0.26039,0.28704,0.12048,0.19717,0.27959,0.17877,0.41819,0.60427,0.44483,0.55727,0.48903,0.40389,0.44511,0.35606,0.58036,-0.43323,-0.037448,-0.037448,-0.037448,0.03914
0.24799,0.0901,-0.36205,0.15601,0.061971,0.0055596,0.011517,0.024205,0.012526,0.058021,0.09406,0.00082217,0.028005,0.00060847,0.0087042,0.018508,0.014009,0.038139,-0.55348,-0.30557,-0.30557,-0.30557,8.5164e-06
0.58147,0.49346,-0.12374,0.37104,0.5097,0.26116,0.52513,0.55746,0.35933,0.96789,0.91852,0.98509,0.97525,0.98503,0.95068,0.99696,0.99358,0.99786,-0.30791,0.085375,0.085375,0.085375,0.23543
794.19,-193.18,85.395,-84.938,-188.34,-1.5428,-64.865,-127.15,-111.33,-43.075,11.092,29.471,10.211,19.623,-3.7571,-21.707,-2.5093,31.283,13.41,31.636,31.636,31.636,-26.901
-193.18,735.01,-21.123,-42.229,-226.81,-39.489,-104.86,-149.7,-86.714,-38.526,9.8082,-1.2256,1.0879,-31.909,-38.295,-13.201,12.222,-9.7287,-111.44,-28.118,-28.118,-28.118,2.1873
85.395,-21.123,803.11,114.75,3.0475,-13.463,-20.62,17.306,92.612,45.729,25.061,-43.646,0.85421,-42.487,-53.049,41.379,24.042,-40.363,-205.98,-84.107,-84.107,-84.107,18.428
-84.938,-42.229,114.75,660.54,108.39,84.254,-2.1505,-105.15,-104.89,69.232,13.562,38.286,48.833,18.86,-40.335,27.23,-34.656,-3.9307,-29.846,56.198,56.198,56.198,26.57
-188.34,-226.81,3.0475,108.39,632.33,1.6426,-84.614,-55.243,-145.48,-57.353,46.102,-11.153,-70.744,-35.525,15.209,-23.458,25.298,-92.248,55.836,-13.592,-13.592,-13.592,-48.98
-1.5428,-39.489,-13.463,84.254,1.6426,646.81,-53.061,-122.97,155.63,-90.609,-29.369,-104.75,-18.638,29.535,-69.19,-121.63,25.599,54.535,6.0323,12.777,12.777,12.777,41.823
-64.865,-104.86,-20.62,-2.1505,-84.614,-53.061,247.21,183.22,116,4.3785,-1.9915,38.698,-3.3942,9.8698,16.484,-57.366,-38.785,-7.5213,1.3476,12.438,12.438,12.438,-55.07
-127.15,-149.7,17.306,-105.15,-55.243,-122.97,183.22,390.51,148.62,-48.366,6.2377,30.431,60.984,59.913,59.13,-68.845,-59.71,-76.842,-26.878,-27.994,-27.994,-27.994,58.289
-111.33,-86.714,92.612,-104.89,-145.48,155.63,116,148.62,564.12,7.2523,-46.888,-156.48,5.8266,-31.514,-103.21,-4.1805,-8.5616,19.133,49.836,-2.5471,-2.5471,-2.5471,43.148
-43.075,-38.526,45.729,69.232,-57.353,-90.609,4.3785,-48.366,7.2523,368.8,25.002,103.95,45.911,-152.36,-104.41,220.83,-73.94,3.9987,66.209,29.065,29.065,29.065,33.99
11.092,9.8082,25.061,13.562,46.102,-29.369,-1.9915,6.2377,-46.888,25.002,294.97,89.638,-100.08,62.444,-170.35,-114.57,77.591,-134.27,-70.045,-37.737,-37.737,-37.737,-10.464
29.471,-1.2256,-43.646,38.286,-11.153,-104.75,38.698,30.431,-156.48,103.95,89.638,283.8,-13.626,-21.051,99.101,-112.57,-149.34,-2.038,-74.036,-0.082599,-0.082599,-0.082599,42.541
10.211,1.0879,0.85421,48.833,-70.744,-18.638,-3.3942,60.984,5.8266,45.911,-100.08,-13.626,180.7,35.565,86.519,61.334,-103.19,-29.401,-2.5464,8.8513,8.8513,8.8513,46.478
19.623,-31.909,-42.487,18.86,-35.525,29.535,9.8698,59.913,-31.514,-152.36,62.444,-21.051,35.565,218.6,67.843,-137.47,68.08,-34.921,-95.626,-9.0457,-9.0457,-9.0457,-39.257
-3.7571,-38.295,-53.049,-40.335,15.209,-69.19,16.484,59.13,-103.21,-104.41,-170.35,99.101,86.519,67.843,352.48,-130.68,-157.11,70.044,-32.579,4.249,4.249,4.249,-6.5025
-21.707,-13.201,41.379,27.23,-23.458,-121.63,-57.366,-68.845,-4.1805,220.83,-114.57,-112.57,61.334,-137.47,-130.68,398.41,83.563,80.802,149.01,36.407,36.407,36.407,39.947
-2.5093,12.222,24.042,-34.656,25.298,25.599,-38.785,-59.71,-8.5616,-73.94,77.591,-149.34,-103.19,68.08,-157.11,83.563,263.82,23.762,29.902,-0.72861,-0.72861,-0.72861,-45.697
31.283,-9.7287,-40.363,-3.9307,-92.248,54.535,-7.5213,-76.842,19.133,3.9987,-134.27,-2.038,-29.401,-34.921,70.044,80.802,23.762,191.8,42.875,43.572,43.572,43.572,16.446
13.41,-111.44,-205.98,-29.846,55.836,6.0323,1.3476,-26.878,49.836,66.209,-70.045,-74.036,-2.5464,-95.626,-32.579,149.01,29.902,42.875,433.25,42.826,42.826,42.826,-22.926
31.636,-28.118,-84.107,56.198,-13.592,12.777,12.438,-27.994,-2.5471,29.065,-37.737,-0.082599,8.8513,-9.0457,4.249,36.407,-0.72861,43.572,42.826,733.75,-266.25,-266.25,96.64
31.636,-28.118,-84.107,56.198,-13.592,12.777,12.438,-27.994,-2.5471,29.065,-37.737,-0.082599,8.8513,-9.0457,4.249,36.407,-0.72861,43.572,42.826,-266.25,733.75,-266.25,96.64
31.636,-28.118,-84.107,56.198,-13.592,12.777,12.438,-27.994,-2.5471,29.065,-37.737,-0.082599,8.8513,-9.0457,4.249,36.407,-0.72861,43.572,42.826,-266.25,-266.25,733.75,96.64
-26.901,2.1873,18.428,26.57,-48.98,41.823,-55.07,58.289,43.148,33.99,-10.464,42.541,46.478,-39.257,-6.5025,39.947,-45.697,16.446,-22.926,96.64,96.64,96.64,770.07
