704.35,495.59,657.04,1271.7,20.187,485.3,591.67,875.92,390.62,213.05
172.99,285.71,470.59,391.12,10.562,350.94,486.21,678.43,327.49,50.427
1375.8,766.67,854.9,1852.7,29.788,600.6,801.31,1035.4,538.96,322
0.00013669,0.00011423,0.00013694,-0.0001624,-0.0023747,0.00061776,0.00033054,0.00037801,-0.00024313,0.00084059
0.00011423,0.0001768,0.00018032,-0.0001463,-0.0022646,0.00056024,0.00025888,0.00033955,-0.00021644,0.00071326
0.00013694,0.00018032,0.00056306,-0.00027544,0.0072154,0.00058503,0.00093588,0.00024053,-0.00034106,0.0011967
-0.0001624,-0.0001463,-0.00027544,0.00025748,-0.00080633,-0.00078091,-0.00067791,-0.00040424,0.00038032,-0.0012112
-0.0023747,-0.0022646,0.0072154,-0.00080633,0.44708,-0.016812,0.0088917,-0.011281,0.0054113,-0.0050983
0.00061776,0.00056024,0.00058503,-0.00078091,-0.016812,0.33665,0.0019797,-0.33164,0.33171,0.0040955
0.00033054,0.00025888,0.00093588,-0.00067791,0.0088917,0.0019797,0.0035063,0.00022819,-0.0017472,0.0034859
0.00037801,0.00033955,0.00024053,-0.00040424,-0.011281,-0.33164,0.00022819,0.33467,-0.3337,0.0020893
-0.00024313,-0.00021644,-0.00034106,0.00038032,0.0054113,0.33171,-0.0017472,-0.3337,0.33459,-0.0020239
0.00084059,0.00071326,0.0011967,-0.0012112,-0.0050983,0.0040955,0.0034859,0.0020893,-0.0020239,0.0063173
72.24,72.24,72.24,72.24,72.24,72.24,72.24,72.24,72.24,72.24
