1004.1,136.05,244.95,779.41,0.91204,75.801,728.7,756.28,680.48,79.693,247.72,98.624,976.2
78.125,42.254,70.588,210.71,0.017144,29.522,616.21,661.26,40.014,37.643,144.98,55.658,741.31
1367.2,222.22,431.37,3014.5,21.186,646.88,949.92,975.05,919.7,363.35,484.36,319.69,999.79
1.1831e-05,7.7229e-06,3.7251e-05,-1.922e-06,5.2344e-05,-0.00011943,0.00035808,-0.00023319,-0.00011373,-0.00016301,7.967e-05,0.00011624,-0.00010366
7.7229e-06,0.00065585,2.6422e-05,-8.1768e-06,0.0015284,-0.00026684,0.00027394,-0.00028867,-2.1151e-05,0.00032224,-0.00010142,2.0686e-05,3.9057e-05
3.7251e-05,2.6422e-05,0.00034917,-1.4344e-05,0.00074053,-0.00051434,0.0019953,-0.0012249,-0.00071158,-0.0012492,0.00054758,0.0008175,-0.00024856
-1.922e-06,-8.1768e-06,-1.4344e-05,3.2864e-06,0.00011918,1.7367e-06,-4.7441e-05,2.5873e-05,2.4234e-05,6.1628e-05,-2.498e-05,-4.5938e-05,-2.4719e-05
5.2344e-05,0.0015284,0.00074053,0.00011918,0.9668,-0.0075734,-0.055195,0.024668,0.032264,0.0055648,-0.0008561,-0.0027759,-0.00074289
-0.00011943,-0.00026684,-0.00051434,1.7367e-06,-0.0075734,0.33853,-0.013208,-0.32426,0.33721,0.00028633,-0.00010497,-0.0011589,0.0044004
0.00035808,0.00027394,0.0019953,-4.7441e-05,-0.055195,-0.013208,0.049151,-0.030995,-0.017787,-0.013349,0.0038796,0.0095968,-0.0074558
-0.00023319,-0.00028867,-0.0012249,2.5873e-05,0.024668,-0.32426,-0.030995,0.35326,-0.32248,0.0070721,-0.0020344,-0.0054871,0.0057107
-0.00011373,-2.1151e-05,-0.00071158,2.4234e-05,0.032264,0.33721,-0.017787,-0.32248,0.34031,0.0067802,-0.001931,-0.004324,0.0013137
-0.00016301,0.00032224,-0.0012492,6.1628e-05,0.0055648,0.00028633,-0.013349,0.0070721,0.0067802,0.035761,-0.012872,-0.020452,-0.0010612
7.967e-05,-0.00010142,0.00054758,-2.498e-05,-0.0008561,-0.00010497,0.0038796,-0.0020344,-0.001931,-0.012872,0.0053973,0.00708,-0.00016605
0.00011624,2.0686e-05,0.0008175,-4.5938e-05,-0.0027759,-0.0011589,0.0095968,-0.0054871,-0.004324,-0.020452,0.00708,0.01287,-0.00023477
-0.00010366,3.9057e-05,-0.00024856,-2.4719e-05,-0.00074289,0.0044004,-0.0074558,0.0057107,0.0013137,-0.0010612,-0.00016605,-0.00023477,0.0074169
86.338,86.338,86.338,86.338,86.338,86.338,86.338,86.338,86.338,86.338,86.338,86.338,86.338
