416.74,83.096,734.37,834.8,0.41812,101.37,678.22,732.65,631.28,693.3
0,8.0972,309.8,376.82,0.02312,27.126,548.96,616.95,479.73,41.596
1363.6,457.83,968.63,3816,2.1183,201.11,845.21,884.71,799.28,1853.6
4.0065e-06,7.1532e-06,-3.6374e-07,7.1605e-07,-3.0186e-05,-4.7572e-06,-2.0596e-06,-5.3383e-06,-7.218e-07,1.4706e-06
7.1532e-06,0.0003304,9.638e-05,7.1224e-06,-0.00097722,-0.00013151,-0.0003834,9.5614e-05,0.00022723,2.4409e-05
-3.6374e-07,9.638e-05,6.785e-05,1.8371e-06,-0.00042438,3.2632e-07,-0.00017524,9.8749e-05,9.8388e-05,4.0441e-06
7.1605e-07,7.1224e-06,1.8371e-06,2.8388e-06,-3.0604e-05,-6.0609e-06,-1.0144e-05,9.7619e-07,6.9531e-06,1.2821e-06
-3.0186e-05,-0.00097722,-0.00042438,-3.0604e-05,0.94817,-0.0059104,0.0018415,-0.0040308,0.0019019,0.00011925
-4.7572e-06,-0.00013151,3.2632e-07,-6.0609e-06,-0.0059104,0.33382,0.00028316,-0.33323,0.33295,-3.9572e-05
-2.0596e-06,-0.0003834,-0.00017524,-1.0144e-05,0.0018415,0.00028316,0.0052124,-0.0024636,-0.0027407,-3.6258e-05
-5.3383e-06,9.5614e-05,9.8749e-05,9.7619e-07,-0.0040308,-0.33323,-0.0024636,0.3347,-0.33207,-2.2718e-06
-7.218e-07,0.00022723,9.8388e-05,6.9531e-06,0.0019019,0.33295,-0.0027407,-0.33207,0.33497,3.6924e-05
1.4706e-06,2.4409e-05,4.0441e-06,1.2821e-06,0.00011925,-3.9572e-05,-3.6258e-05,-2.2718e-06,3.6924e-05,8.2945e-06
77.893,77.893,77.893,77.893,77.893,77.893,77.893,77.893,77.893,77.893
