587.65,645.85,748.6,810.67,0.38349,94.677,677.18,725.78,631.1,596.3
126.2,66.39,364.71,376.82,0.02312,27.126,548.96,616.95,479.73,41.596
1113.3,936.84,992.16,3816,2.1183,201.11,845.21,884.71,799.28,1402.2
1.2103e-05,2.0057e-06,5.6542e-06,1.2105e-06,-5.5719e-05,-5.8636e-06,-2.6649e-05,8.8294e-06,1.4391e-05,-2.1058e-06
2.0057e-06,2.7259e-05,6.9882e-06,2.2069e-06,5.0253e-05,4.2379e-05,0.00023952,-0.00010859,-0.00015127,-2.06e-06
5.6542e-06,6.9882e-06,3.8621e-05,2.5029e-06,0.00014509,-6.5957e-06,-7.9819e-05,1.7213e-05,2.3256e-05,-3.3858e-06
1.2105e-06,2.2069e-06,2.5029e-06,3.0799e-06,1.0407e-05,1.4787e-07,3.1462e-05,-1.5247e-05,-1.5527e-05,3.0542e-07
-5.5719e-05,5.0253e-05,0.00014509,1.0407e-05,0.95524,-0.0061051,0.009534,-0.0078438,-0.0017058,0.00023656
-5.8636e-06,4.2379e-05,-6.5957e-06,1.4787e-07,-0.0061051,0.33373,0.00048753,-0.33341,0.33286,-2.2414e-05
-2.6649e-05,0.00023952,-7.9819e-05,3.1462e-05,0.009534,0.00048753,0.010466,-0.004868,-0.0053506,4.4359e-06
8.8294e-06,-0.00010859,1.7213e-05,-1.5247e-05,-0.0078438,-0.33341,-0.004868,0.33572,-0.33087,-5.3649e-06
1.4391e-05,-0.00015127,2.3256e-05,-1.5527e-05,-0.0017058,0.33286,-0.0053506,-0.33087,0.33627,1.6893e-05
-2.1058e-06,-2.06e-06,-3.3858e-06,3.0542e-07,0.00023656,-2.2414e-05,4.4359e-06,-5.3649e-06,1.6893e-05,7.2154e-06
79.049,79.049,79.049,79.049,79.049,79.049,79.049,79.049,79.049,79.049
