1.3944,1.3259,0.31616,-0.53496,1.0457,1.0457,1.0457,1.2106
0.55796,0.39814,-0.28231,-0.93384,0.072711,0.072711,0.072711,1.7933e-05
3.4162,3.4159,0.57795,-0.040766,1.5279,1.5279,1.5279,8.417
365.01,-331.18,13.655,-37.594,-8.2599,-8.2599,-8.2599,-8.6016
-331.18,313.76,-0.25952,27.274,6.4892,6.4892,6.4892,3.3888
13.655,-0.25952,141.42,-60.349,-17.568,-17.568,-17.568,-3.2013
-37.594,27.274,-60.349,40.648,8.6949,8.6949,8.6949,3.198
-8.2599,6.4892,-17.568,8.6949,669.87,-330.13,-330.13,0.44682
-8.2599,6.4892,-17.568,8.6949,-330.13,669.87,-330.13,0.44682
-8.2599,6.4892,-17.568,8.6949,-330.13,-330.13,669.87,0.44682
-8.6016,3.3888,-3.2013,3.198,0.44682,0.44682,0.44682,1.8868
