0.9967,0.97786,-0.083927,-0.52224,0.38183,0.38183,0.38183,0.17405
0.82015,0.82007,-0.31615,-0.80473,0.20999,0.20999,0.20999,0.044305
1.2179,1.2155,0.076339,-0.22929,0.51724,0.51724,0.51724,0.41942
5987.8,-3647.8,1248.9,-669.54,548.52,548.52,548.52,-2783
-3647.8,6620,737.4,-1053.5,210.91,210.91,210.91,-2689.9
1248.9,737.4,7115.2,-2581,-1975.4,-1975.4,-1975.4,-135.39
-669.54,-1053.5,-2581,6771.2,-1925.2,-1925.2,-1925.2,-1583.7
548.52,210.91,-1975.4,-1925.2,8620.2,-1379.8,-1379.8,-343.73
548.52,210.91,-1975.4,-1925.2,-1379.8,8620.2,-1379.8,-343.73
548.52,210.91,-1975.4,-1925.2,-1379.8,-1379.8,8620.2,-343.73
-2783,-2689.9,-135.39,-1583.7,-343.73,-343.73,-343.73,7667.7
