176.51,0.54589,0.74489,0.92427,0.0001051,0.052823,0.73312,0.7591,0.70628,0.060697,0.23175,0.079932,0.98442
3.9474,0.077922,0.41176,0.28105,1.7144e-05,0.029522,0.64423,0.66126,0.63166,0.038532,0.14498,0.055658,0.92454
342,0.96954,0.99216,3.0145,0.00037085,0.092735,0.94992,0.97505,0.9197,0.12209,0.30488,0.15108,0.99971
0.00012992,-0.002525,-0.022147,-0.0016176,-0.00017765,-0.023913,-0.0020081,-0.022154,0.0017601,0.028505,0.069112,0.020894,0.022372
-0.002525,15.253,-5.3019,1.1757,0.023475,10.097,6.4049,7.3785,-2.7176,3.1741,-6.3786,9.4046,-15.95
-0.022147,-5.3019,36.772,2.2218,0.11992,8.2614,4.3179,10.133,1.8717,12.815,2.4101,7.1974,-36.006
-0.0016176,1.1757,2.2218,3.5744,0.011886,-4.0548,1.4155,0.64173,4.6967,-15.193,-11.487,-22.555,-9.9394
-0.00017765,0.023475,0.11992,0.011886,1000,-0.74569,0.039402,-0.32963,0.41606,-0.011468,0.36199,-0.17758,0.6581
-0.023913,10.097,8.2614,-4.0548,-0.74569,851.85,-3.3197,-75.707,72.439,-11.778,24.873,-16.151,93.841
-0.0020081,6.4049,4.3179,1.4155,0.039402,-3.3197,676.5,-319.01,-315.68,-0.65111,-7.4702,-9.2073,-29.948
-0.022154,7.3785,10.133,0.64173,-0.32963,-75.707,-319.01,646.39,-277.9,2.3737,14.659,-14.328,24.376
0.0017601,-2.7176,1.8717,4.6967,0.41606,72.439,-315.68,-277.9,649.66,14.15,-10.216,1.822,-69.466
0.028505,3.1741,12.815,-15.193,-0.011468,-11.778,-0.65111,2.3737,14.15,906.86,-69.523,-48.679,-38.797
0.069112,-6.3786,2.4101,-11.487,0.36199,24.873,-7.4702,14.659,-10.216,-69.523,632.05,111.77,-76.609
0.020894,9.4046,7.1974,-22.555,-0.17758,-16.151,-9.2073,-14.328,1.822,-48.679,111.77,869.77,12.644
0.022372,-15.95,-36.006,-9.9394,0.6581,93.841,-29.948,24.376,-69.466,-38.797,-76.609,12.644,820.12
