0.37181,0.33091,0.15475,0.15739,0.1388,0.28308,0.17656,0.078321,0.28215,0.018451,0.81487,0.4144,0.78073,0.19045,0.27807,0.38311,0.31141,0.65786,-0.041778,0.44876,0.44876,0.44876,0.00034201,-0.065425,35.063,-0.086106,0.044258
0.13312,0.103,0.06585,0.062505,0.004391,0.070109,0.075359,0.0017056,0.00052688,0.00044469,0.11057,0.086918,0.0012919,0.0014661,0.016209,0.010148,0.024831,0.0063498,-0.20292,0.22732,0.22732,0.22732,3.5434e-06,-0.28472,-190.41,-0.73333,-0.24706
0.81009,0.75639,0.29962,0.30683,0.39797,0.63896,0.29226,0.21721,0.76614,0.064106,0.99621,0.99375,0.99955,0.95487,0.98008,0.99967,0.93792,0.98898,0.016693,0.79548,0.79548,0.79548,0.0042396,0.12388,267.87,0.29596,0.42745
6796.7,-3082.6,-709.56,-841.03,-1196.4,-1320.2,-1414.1,468.46,-1851.5,117.09,244.9,540.73,363.84,197.11,275.08,-4.0264,21.086,315.08,-680.7,-175.09,-175.09,-175.09,-23.694,-570.06,-0.25834,-36.028,-21.467
-3082.6,6806.9,-274.53,-211.07,-1182.7,-1773.9,-1188.6,828.03,-1810.9,110.55,21.097,397.86,460.45,11.097,341.08,26.689,292.85,37.924,-712.77,80.576,80.576,80.576,-17.444,85.032,-0.33752,-120.51,-122.52
-709.56,-274.53,8908,-1463.9,-729.59,607.48,-620.89,-944.71,-391.41,35.293,5.6911,146.75,205.59,-170.41,55.268,-220.96,-214.82,89.238,480.02,-618.38,-618.38,-618.38,-15.46,-1178.9,0.4217,121.07,-114.91
-841.03,-211.07,-1463.9,7579.3,-439.17,839.38,-1021.1,-1907.1,-657.62,139.43,118.07,252.72,5.1277,-135.72,125.74,-387.47,-523.79,-75.207,-234.15,-272.56,-272.56,-272.56,-25.051,-985.65,0.25292,-6.7457,8.7099
-1196.4,-1182.7,-729.59,-439.17,4468.6,1467.7,-1765.1,559.59,86.153,-148.95,-1627.2,-1170.6,414.63,-350.49,-504.41,458.81,-1395.4,-457.77,2358.1,140.72,140.72,140.72,-10.183,1022.6,-0.42858,171.16,342.02
-1320.2,-1773.9,607.48,839.38,1467.7,5437.3,1931.2,-906.18,-1861,-303.68,-1179.4,-631.62,1437.5,-306.31,460.08,633.98,395.51,46.895,-1129.2,-213.48,-213.48,-213.48,1.9036,681.41,0.92214,535.84,283.19
-1414.1,-1188.6,-620.89,-1021.1,-1765.1,1931.2,6082.2,304.81,1627.8,530.27,851.89,1227.2,618.88,486.52,882.8,-383,506.55,303.98,-1051.4,71.038,71.038,71.038,-41.109,1334.1,1.1253,277.06,-340.61
468.46,828.03,-944.71,-1907.1,559.59,-906.18,304.81,6133.2,146.41,-44.622,-1449.1,-371.95,1342.3,-354.56,403.46,90.662,-268.24,-409.78,-606.98,-663.95,-663.95,-663.95,-23.092,848.49,-0.4271,460.62,555.1
-1851.5,-1810.9,-391.41,-657.62,86.153,-1861,1627.8,146.41,5733,-81.127,381.35,-502.44,-2132.6,-897.79,-1019,-739.31,-604.74,-1142.6,290.12,202.5,202.5,202.5,26.807,-803.05,0.039749,-139.37,496.26
117.09,110.55,35.293,139.43,-148.95,-303.68,530.27,-44.622,-81.127,9795.7,-363.9,-423.24,227.13,209.83,-218.81,371.5,-541.47,375.68,204.55,74.208,74.208,74.208,1.704,-444.42,-0.12425,380.12,-26.227
244.9,21.097,5.6911,118.07,-1627.2,-1179.4,851.89,-1449.1,381.35,-363.9,4780.1,1092.2,1606,1676.8,-1781.8,1257.3,422.35,-1729.5,713.89,326.61,326.61,326.61,-10.388,233.2,-0.083399,-493.1,-651.38
540.73,397.86,146.75,252.72,-1170.6,-631.62,1227.2,-371.95,-502.44,-423.24,1092.2,5671.3,491.12,-2137.7,892.4,116.93,-2916,1223.4,484.45,152.58,152.58,152.58,13.598,975.86,0.1923,-238.7,-1026.7
363.84,460.45,205.59,5.1277,414.63,1437.5,618.88,1342.3,-2132.6,227.13,1606,491.12,4279.2,1008.4,-286.63,639.96,-1389.2,-2620.1,61.894,-266.1,-266.1,-266.1,42.755,680.53,0.15864,377.55,275.94
197.11,11.097,-170.41,-135.72,-350.49,-306.31,486.52,-354.56,-897.79,209.83,1676.8,-2137.7,1008.4,5461.1,1388.4,-2392.3,1523.4,-550.29,1711.4,253.8,253.8,253.8,19.404,677.15,-0.35575,-295.41,-281.8
275.08,341.08,55.268,125.74,-504.41,460.08,882.8,403.46,-1019,-218.81,-1781.8,892.4,-286.63,1388.4,3246.6,-3244.3,-819.55,1214.8,-152.53,-40.373,-40.373,-40.373,26.408,321.14,0.12925,38.336,-23.895
-4.0264,26.689,-220.96,-387.47,458.81,633.98,-383,90.662,-739.31,371.5,1257.3,116.93,639.96,-2392.3,-3244.3,5105.1,1619.6,681.97,46.265,-88.214,-88.214,-88.214,19.682,984.95,0.051887,77.366,-670.73
21.086,292.85,-214.82,-523.79,-1395.4,395.51,506.55,-268.24,-604.74,-541.47,422.35,-2916,-1389.2,1523.4,-819.55,1619.6,4794.7,1784,-973.03,-53.869,-53.869,-53.869,-0.73293,354.52,0.12082,-164.67,-479.98
315.08,37.924,89.238,-75.207,-457.77,46.895,303.98,-409.78,-1142.6,375.68,-1729.5,1223.4,-2620.1,-550.29,1214.8,681.97,1784,4850.3,996.74,95.256,95.256,95.256,21.441,1512.1,-0.0067757,-229.92,-1424.8
-680.7,-712.77,480.02,-234.15,2358.1,-1129.2,-1051.4,-606.98,290.12,204.55,713.89,484.45,61.894,1711.4,-152.53,46.265,-973.03,996.74,5855.2,471.65,471.65,471.65,-24.445,1756.6,-0.48209,-347.91,-1252.2
-175.09,80.576,-618.38,-272.56,140.72,-213.48,71.038,-663.95,202.5,74.208,326.61,152.58,-266.1,253.8,-40.373,-88.214,-53.869,95.256,471.65,6915,-3085,-3085,-0.19333,182.87,-0.067349,-127.1,-159.25
-175.09,80.576,-618.38,-272.56,140.72,-213.48,71.038,-663.95,202.5,74.208,326.61,152.58,-266.1,253.8,-40.373,-88.214,-53.869,95.256,471.65,-3085,6915,-3085,-0.19333,182.87,-0.067349,-127.1,-159.25
-175.09,80.576,-618.38,-272.56,140.72,-213.48,71.038,-663.95,202.5,74.208,326.61,152.58,-266.1,253.8,-40.373,-88.214,-53.869,95.256,471.65,-3085,-3085,6915,-0.19333,182.87,-0.067349,-127.1,-159.25
-23.694,-17.444,-15.46,-25.051,-10.183,1.9036,-41.109,-23.092,26.807,1.704,-10.388,13.598,42.755,19.404,26.408,19.682,-0.73293,21.441,-24.445,-0.19333,-0.19333,-0.19333,9999,-11.195,-0.011852,-5.0735,-6.0624
-570.06,85.032,-1178.9,-985.65,1022.6,681.41,1334.1,848.49,-803.05,-444.42,233.2,975.86,680.53,677.15,321.14,984.95,354.52,1512.1,1756.6,182.87,182.87,182.87,-11.195,2533.3,0.026409,-60.17,-924.16
-0.25834,-0.33752,0.4217,0.25292,-0.42858,0.92214,1.1253,-0.4271,0.039749,-0.12425,-0.083399,0.1923,0.15864,-0.35575,0.12925,0.051887,0.12082,-0.0067757,-0.48209,-0.067349,-0.067349,-0.067349,-0.011852,0.026409,0.00058187,0.12223,0.0089322
-36.028,-120.51,121.07,-6.7457,171.16,535.84,277.06,460.62,-139.37,380.12,-493.1,-238.7,377.55,-295.41,38.336,77.366,-164.67,-229.92,-347.91,-127.1,-127.1,-127.1,-5.0735,-60.17,0.12223,208.41,208.5
-21.467,-122.52,-114.91,8.7099,342.02,283.19,-340.61,555.1,496.26,-26.227,-651.38,-1026.7,275.94,-281.8,-23.895,-670.73,-479.98,-1424.8,-1252.2,-159.25,-159.25,-159.25,-6.0624,-924.16,0.0089322,208.5,901.26
