169.19,0.71512,0.71317,0.80319,0.020406,0.49113,0.83142,1.0685,0.57736,0.018918,0.27267,0.16409,0.066353
64.615,0.19502,0.42745,0.19303,0.0066707,0.31057,0.5056,0.92381,-0.0053515,0.0027515,0.16353,0.041105,0.00021971
299.26,0.95,0.9451,1.8528,0.0651,0.95889,1.1684,1.3365,1.0232,0.044576,0.51121,0.26444,0.1985
0.0001852,-0.019666,0.011748,0.006015,-0.012671,0.017177,-0.011201,0.012003,-0.0051706,-0.011621,-0.05499,-0.00022512,0.044567
-0.019666,26.237,-4.6512,-2.2176,-0.31929,6.7938,-3.5311,9.6572,2.8667,1.4079,1.6566,8.6383,-3.4001
0.011748,-4.6512,55.145,-4.3112,-6.2946,1.3615,-18.131,-7.8921,-9.2581,-13.55,-31.167,-10.097,8.7037
0.006015,-2.2176,-4.3112,11.028,1.6794,1.4377,-2.7546,8.8594,7.4226,-1.2459,18.995,4.0276,1.5717
-0.012671,-0.31929,-6.2946,1.6794,993.77,-47.01,0.058169,-16.063,30.949,-3.4048,-19.708,14.379,14.838
0.017177,6.7938,1.3615,1.4377,-47.01,452.95,-13.09,-251.59,295.46,-22.21,-244.51,-14.85,38.631
-0.011201,-3.5311,-18.131,-2.7546,0.058169,-13.09,627.77,-303.08,-289.98,-15.712,16.758,-68.351,0.90707
0.012003,9.6572,-7.8921,8.8594,-16.063,-251.59,-303.08,557.14,-191.27,-1.1408,-87.243,30.593,27.067
-0.0051706,2.8667,-9.2581,7.4226,30.949,295.46,-289.98,-191.27,513.28,21.072,157.26,45.449,-11.575
-0.011621,1.4079,-13.55,-1.2459,-3.4048,-22.21,-15.712,-1.1408,21.072,981.85,-16.998,-53.706,-59.135
-0.05499,1.6566,-31.167,18.995,-19.708,-244.51,16.758,-87.243,157.26,-16.998,870.41,-40.8,-25.142
-0.00022512,8.6383,-10.097,4.0276,14.379,-14.85,-68.351,30.593,45.449,-53.706,-40.8,227.12,-0.98853
0.044567,-3.4001,8.7037,1.5717,14.838,38.631,0.90707,27.067,-11.575,-59.135,-25.142,-0.98853,307.13
