176.51,0.54589,0.74489,0.92427,0.0001051,0.052823,0.73312,0.7591,0.70628,0.060697,0.23175,0.079932,0.98442
3.9474,0.077922,0.41176,0.28105,1.7144e-05,0.029522,0.64423,0.66126,0.63166,0.038532,0.14498,0.055658,0.92454
342,0.96954,0.99216,3.0145,0.00037085,0.092735,0.94992,0.97505,0.9197,0.12209,0.30488,0.15108,0.99971
0.00014977,-0.0029209,-0.021914,-0.0077319,-0.00070661,-0.075327,0.02948,-0.066111,0.0092187,0.050154,0.18801,0.18128,0.0051887
-0.0029209,17.025,-3.006,0.65724,-0.31023,15.564,32.323,-0.96079,-16.521,17.45,0.32256,35.12,-56.818
-0.021914,-3.006,45.137,2.1794,0.49478,-23.44,-0.39492,4.2145,27.655,97.302,21.944,17.085,-174.75
-0.0077319,0.65724,2.1794,7.4076,0.15394,-21.177,3.8258,-6.373,14.81,-29.166,-46.053,-120.17,-39.011
-0.00070661,-0.31023,0.49478,0.15394,9999.8,-20.293,-0.48652,-9.641,10.651,-2.22,4.1571,-3.0353,14.304
-0.075327,15.564,-23.44,-21.177,-20.293,5506.3,-123.49,-2254,2239.7,-532.29,51.606,-76.713,1480
0.02948,32.323,-0.39492,3.8258,-0.48652,-123.49,6512.7,-3318,-3194.5,-140.13,-127.76,-155.25,-296.09
-0.066111,-0.96079,4.2145,-6.373,-9.641,-2254,-3318,5545.6,-2200.4,-79.012,76.517,-46.401,685.6
0.0092187,-16.521,27.655,14.81,10.651,2239.7,-3194.5,-2200.4,5559.9,453.22,24.835,30.231,-794.43
0.050154,17.45,97.302,-29.166,-2.22,-532.29,-140.13,-79.012,453.22,6185.5,-1437.9,-2133.1,-971.03
0.18801,0.32256,21.944,-46.053,4.1571,51.606,-127.76,76.517,24.835,-1437.9,2191.6,1791.7,-570.82
0.18128,35.12,17.085,-120.17,-3.0353,-76.713,-155.25,-46.401,30.231,-2133.1,1791.7,5295.1,71.261
0.0051887,-56.818,-174.75,-39.011,14.304,1480,-296.09,685.6,-794.43,-971.03,-570.82,71.261,4195.3
