839.76,630.19,705.43,692.51,11.861,394.05,844.03,1031.2,637.14,8.585,218.05,93.786,59.194
215.62,198.41,219.61,507.3,1.8632,161.44,170.68,393.47,17.833,3.6172,106.39,66.524,1.0373
1356.9,966.29,933.33,1089.8,15.213,460.14,998.52,1224,830.31,18.199,250.89,106.68,113
2.63e-05,-1.2979e-07,-2.26e-05,-2.3885e-05,0.00014011,-6.7244e-07,3.0014e-05,-3.3026e-05,-3.7986e-05,3.184e-05,8.9361e-05,5.1051e-05,-8.6322e-05
-1.2979e-07,3.6685e-05,-1.4424e-05,2.503e-05,-0.00029866,3.8018e-05,0.00017924,-7.3839e-05,-0.00011326,0.00082129,1.5643e-05,-0.00026453,-5.3585e-07
-2.26e-05,-1.4424e-05,5.7536e-05,1.0988e-05,0.00015963,-4.2439e-05,-0.00021841,0.00010681,0.00015245,-0.00061209,-8.6734e-05,4.0441e-05,0.0001462
-2.3885e-05,2.503e-05,1.0988e-05,0.00018353,-8.7546e-05,0.00011367,0.00018599,1.792e-06,-0.00010617,-0.00024815,-0.00014669,0.00037822,0.0001895
0.00014011,-0.00029866,0.00015963,-8.7546e-05,0.96167,0.002052,-0.0071201,0.0048799,0.0027292,-0.020582,-0.096652,-0.0084091,0.0022993
-6.7244e-07,3.8018e-05,-4.2439e-05,0.00011367,0.002052,0.33556,0.0016354,-0.33308,0.33135,-0.0031043,-0.0054321,-0.0013424,-0.00053496
3.0014e-05,0.00017924,-0.00021841,0.00018599,-0.0071201,0.0016354,0.0054899,-0.0020533,-0.0036746,0.0098999,-0.0027206,-0.0030454,-0.0013227
-3.3026e-05,-7.3839e-05,0.00010681,1.792e-06,0.0048799,-0.33308,-0.0020533,0.33456,-0.33237,-0.0069439,-0.0014446,0.0008369,0.00052631
-3.7986e-05,-0.00011326,0.00015245,-0.00010617,0.0027292,0.33135,-0.0036746,-0.33237,0.33629,-0.0040639,0.0040433,0.0022924,0.0010764
3.184e-05,0.00082129,-0.00061209,-0.00024815,-0.020582,-0.0031043,0.0098999,-0.0069439,-0.0040639,0.22984,0.0091389,-0.036066,-0.0092049
8.9361e-05,1.5643e-05,-8.6734e-05,-0.00014669,-0.096652,-0.0054321,-0.0027206,-0.0014446,0.0040433,0.0091389,0.025273,0.0054665,0.00052577
5.1051e-05,-0.00026453,4.0441e-05,0.00037822,-0.0084091,-0.0013424,-0.0030454,0.0008369,0.0022924,-0.036066,0.0054665,0.020417,0.0016221
-8.6322e-05,-5.3585e-07,0.0001462,0.0001895,0.0022993,-0.00053496,-0.0013227,0.00052631,0.0010764,-0.0092049,0.00052577,0.0016221,0.0019422
82.03,82.03,82.03,82.03,82.03,82.03,82.03,82.03,82.03,82.03,82.03,82.03,82.03
