0.93402,0.86365,-0.25152,-0.92909,0.72722,0.72722,0.72722,0.28027
0.38475,0.30246,-0.68165,-1.5933,-0.17102,-0.17102,-0.17102,1.6312e-05
2.6498,2.6474,0.36114,-0.069276,1.26,1.26,1.26,3.6178
292.72,-271.29,13.191,21.356,6.9153,6.9153,6.9153,-3.4031
-271.29,266.86,-24.918,-15.183,-5.471,-5.471,-5.471,-4.0176
13.191,-24.918,91.782,-33.626,-8.8721,-8.8721,-8.8721,2.1655
21.356,-15.183,-33.626,23.603,3.5528,3.5528,3.5528,-0.41664
6.9153,-5.471,-8.8721,3.5528,668.66,-331.34,-331.34,-0.090181
6.9153,-5.471,-8.8721,3.5528,-331.34,668.66,-331.34,-0.090181
6.9153,-5.471,-8.8721,3.5528,-331.34,-331.34,668.66,-0.090181
-3.4031,-4.0176,2.1655,-0.41664,-0.090181,-0.090181,-0.090181,5.0545
