0,6.4935,19.608,54.462,0.038604,45.133,-134.28,-51.908,-201.43,15.315,124.02,36.808,945.75
1380.2,600,839.22,4354.4,3.3789,332.35,301.68,364.03,275.99,7561.9,2030.8,1134,1000
4.7907e-06,9.775e-06,1.0715e-05,2.6642e-07,2.15e-05,-1.1869e-06,7.3291e-06,-5.9319e-06,-4.7867e-06,1.1913e-06,-1.3454e-06,-7.145e-06,-8.2043e-05
9.775e-06,9.2548e-05,3.7257e-05,-1.4812e-06,5.5719e-05,2.8377e-05,2.9769e-06,-1.1492e-05,-4.033e-05,2.8402e-06,-3.3779e-06,-1.4883e-05,-0.00025507
1.0715e-05,3.7257e-05,0.00010138,1.1367e-06,5.5105e-05,1.264e-05,0.00014026,-8.0114e-05,-9.3613e-05,1.3571e-05,-1.4898e-05,-7.7919e-05,-0.00013985
2.6642e-07,-1.4812e-06,1.1367e-06,3.659e-06,-4.6763e-05,2.7369e-06,9.1532e-07,4.0509e-06,1.2455e-06,-7.7487e-09,9.0164e-07,-6.3294e-06,3.6566e-05
2.15e-05,5.5719e-05,5.5105e-05,-4.6763e-05,0.9805,-0.0033763,-0.0025475,-0.00055881,0.0028232,3.1661e-05,-0.00011227,0.00011694,0.018445
-1.1869e-06,2.8377e-05,1.264e-05,2.7369e-06,-0.0033763,0.33391,0.00056573,-0.33331,0.33278,1.3901e-05,-2.2609e-05,-0.00010775,0.0016474
7.3291e-06,2.9769e-06,0.00014026,9.1532e-07,-0.0025475,0.00056573,0.0058366,-0.0024391,-0.0030033,4.925e-05,-5.6838e-05,-0.00015031,-0.00098043
-5.9319e-06,-1.1492e-05,-8.0114e-05,4.0509e-06,-0.00055881,-0.33331,-0.0024391,0.33456,-0.33213,-2.375e-05,2.445e-05,5.4711e-05,0.0013171
-4.7867e-06,-4.033e-05,-9.3613e-05,1.2455e-06,0.0028232,0.33278,-0.0030033,-0.33213,0.33509,-3.7823e-05,4.734e-05,0.00016359,-0.00032975
1.1913e-06,2.8402e-06,1.3571e-05,-7.7487e-09,3.1661e-05,1.3901e-05,4.925e-05,-2.375e-05,-3.7823e-05,8.5324e-06,-6.6192e-06,-4.4291e-05,3.4314e-05
-1.3454e-06,-3.3779e-06,-1.4898e-05,9.0164e-07,-0.00011227,-2.2609e-05,-5.6838e-05,2.445e-05,4.734e-05,-6.6192e-06,1.475e-05,2.2839e-05,-1.0334e-05
-7.145e-06,-1.4883e-05,-7.7919e-05,-6.3294e-06,0.00011694,-0.00010775,-0.00015031,5.4711e-05,0.00016359,-4.4291e-05,2.2839e-05,0.00029693,-0.0006877
-8.2043e-05,-0.00025507,-0.00013985,3.6566e-05,0.018445,0.0016474,-0.00098043,0.0013171,-0.00032975,3.4314e-05,-1.0334e-05,-0.0006877,0.03457
102.86,102.86,102.86,102.86,102.86,102.86,102.86,102.86,102.86,102.86,102.86,102.86,102.86
458.82,265.14,202.66,540.16,0.31259,118.32,13.508,82.236,-36.081,942.92,891.69,305.87,997.37
0.73056,0.73056,0.73056,0.73056,0.73056,0.73056,0.73056,0.73056,0.73056,0.73056,0.73056,0.73056,0.73056
677.94,237.12,198.04,759.52,2.1587,248.03,24.623,142.82,-105.22,1674.9,1179.1,425.98,988.98
0.11429,0.11429,0.11429,0.11429,0.11429,0.11429,0.11429,0.11429,0.11429,0.11429,0.11429,0.11429,0.11429
637.32,122.2,552.53,1505.9,0.25126,141.11,-6.4159,66.554,-74.556,3371,1401.9,615.98,998.68
0.15515,0.15515,0.15515,0.15515,0.15515,0.15515,0.15515,0.15515,0.15515,0.15515,0.15515,0.15515,0.15515
