208.85,0.55153,0.80644,0.00023012,0.069838,0.64746,0.68312,0.61328,0.086239,0.2734,0.10617,0.98842
38.824,0.11644,0.57255,3.4997e-05,0.049209,0.45352,0.48225,0.43015,0.033159,0.13658,0.066268,0.95948
334.82,0.91463,0.96471,0.0013567,0.16116,0.83518,0.86058,0.81012,0.17689,0.38751,0.16193,0.99956
0.00011335,-0.009873,-0.011298,-0.00027513,-0.040792,-0.016274,-0.021276,0.019518,0.014677,-0.047786,0.035715,0.039023
-0.009873,18.476,-8.9103,-0.039642,0.72057,12.368,5.0486,4.3285,-2.9793,-8.2357,-7.5323,-5.2179
-0.011298,-8.9103,64.886,-0.26283,-10.651,3.582,-9.3024,1.3499,-34.613,45.142,-34.086,16.1
-0.00027513,-0.039642,-0.26283,999.96,-3.2303,-0.071462,-1.2986,1.9317,-1.0273,-0.715,-0.40879,0.83826
-0.040792,0.72057,-10.651,-3.2303,740.88,5.0947,-95.543,163.58,-104.67,-59.221,-50.519,66.626
-0.016274,12.368,3.582,-0.071462,5.0947,685.25,-307.67,-312.76,6.792,-33.98,1.6449,-13.119
-0.021276,5.0486,-9.3024,-1.2986,-95.543,-307.67,653.93,-250.52,-57.892,-70.562,-43.433,9.5243
0.019518,4.3285,1.3499,1.9317,163.58,-312.76,-250.52,585.9,46.783,-11.344,7.0891,-57.101
0.014677,-2.9793,-34.613,-1.0273,-104.67,6.792,-57.892,46.783,702.01,-201.95,-218.2,-5.3572
-0.047786,-8.2357,45.142,-0.715,-59.221,-33.98,-70.562,-11.344,-201.95,296.07,77.171,35.177
0.035715,-7.5323,-34.086,-0.40879,-50.519,1.6449,-43.433,7.0891,-218.2,77.171,694.85,-26.227
0.039023,-5.2179,16.1,0.83826,66.626,-13.119,9.5243,-57.101,-5.3572,35.177,-26.227,951.6
