132.79,0.54211,0.73797,0.00026882,0.069743,1.0703,1.1066,1.0369,0.077649,0.21104,0.11974,0.95685
24.706,0.19075,0.38039,0.0001053,0.044165,0.96402,1.0114,0.9287,0.013614,0.085939,0.046786,0.82161
278.33,0.92857,0.98823,0.00046259,0.087848,1.1892,1.2325,1.1446,0.13837,0.27927,0.21214,0.99949
0.00044553,0.014749,0.060792,-0.00043245,-0.01043,0.10627,0.084788,0.095204,-0.048852,-0.018226,-0.047862,0.049114
0.014749,24.881,-20.987,0.12741,15.238,8.0442,13.377,-1.8655,6.8387,-16.89,-3.8948,-18.333
0.060792,-20.987,68.854,-0.24317,-23.214,23.874,16.332,39.552,-12.193,16.547,-6.3903,68.458
-0.00043245,0.12741,-0.24317,999.99,-0.74477,-0.052073,-0.48613,0.25877,0.064619,-0.58156,0.33971,-0.048725
-0.01043,15.238,-23.214,-0.74477,913.71,4.0108,-43.353,42.951,-2.0224,-92.939,-8.2937,1.7928
0.10627,8.0442,23.874,-0.052073,4.0108,707.23,-281.96,-285.97,16,-8.1516,0.52084,49.725
0.084788,13.377,16.332,-0.48613,-43.353,-281.96,699.9,-256.74,4.085,-68.49,5.8227,39.031
0.095204,-1.8655,39.552,0.25877,42.951,-285.97,-256.74,700.3,6.1108,24.445,14.124,37.248
-0.048852,6.8387,-12.193,0.064619,-2.0224,16,4.085,6.1108,751.02,-246.71,-231.36,-89.179
-0.018226,-16.89,16.547,-0.58156,-92.939,-8.1516,-68.49,24.445,-246.71,453.77,-178.95,125.41
-0.047862,-3.8948,-6.3903,0.33971,-8.2937,0.52084,5.8227,14.124,-231.36,-178.95,532.41,-166.68
0.049114,-18.333,68.458,-0.048725,1.7928,49.725,39.031,37.248,-89.179,125.41,-166.68,431.69
