174.01,0.58479,0.73653,0.86753,0.00051783,0.11252,0.66913,0.72852,0.616,0.73794
32.308,0.06639,0.36471,0.37682,2.3609e-05,0.027319,0.54896,0.61695,0.47973,0.15473
341.82,0.925,0.97255,3.816,0.0021183,0.20111,0.78913,0.84525,0.67907,1.8536
0.00017027,0.0028919,-0.0091265,0.0027213,-0.00026539,-0.031424,0.059131,-0.012897,0.018528,-0.0059507
0.0028919,25.767,12.675,2.2672,-0.25201,19.353,4.1253,-1.5543,-20.908,0.96221
-0.0091265,12.675,50.92,2.8902,0.15779,-10.82,-31.222,-18.838,-8.0192,-1.1273
0.0027213,2.2672,2.8902,2.2555,-0.049272,-1.6317,0.77663,-1.4779,0.15371,0.53761
-0.00026539,-0.25201,0.15779,-0.049272,999.89,-4.9826,-0.37723,-3.2342,1.7484,0.06424
-0.031424,19.353,-10.82,-1.6317,-4.9826,630.78,-16.846,-230.59,138.63,-15.64
0.059131,4.1253,-31.222,0.77663,-0.37723,-16.846,649.2,-252.19,-235.34,0.1524
-0.012897,-1.5543,-18.838,-1.4779,-3.2342,-230.59,-252.19,551,-218.42,-4.6094
0.018528,-20.908,-8.0192,0.15371,1.7484,138.63,-235.34,-218.42,642.95,11.03
-0.0059507,0.96221,-1.1273,0.53761,0.06424,-15.64,0.1524,-4.6094,11.03,5.9008
