132.82,0.64677,0.84314,1.1305,0.0001166,0.064682,0.42464,0.45068,0.386,0.08027
65.053,0.51064,0.66667,0.90235,6.1196e-05,0.039239,0.36847,0.39952,0.31086,0.030693
218,0.87083,0.94118,1.5337,0.00022521,0.088664,0.50721,0.53878,0.47264,0.11564
0.030647,6.0369,-14.988,1.9371,0.0097743,3.1765,-0.81237,0.25455,-2.9219,4.5412
6.0369,8138.2,-1082.2,-3486,0.61221,35.481,-732.14,-764.16,-799.64,-239.46
-14.988,-1082.2,9370.9,-2026.4,0.35589,20.63,-425.59,-444.2,-464.83,-139.19
1.9371,-3486,-2026.4,3472.7,1.1463,66.438,-1370.9,-1430.8,-1497.3,-448.37
0.0097743,0.61221,0.35589,1.1463,10000,-0.011671,0.24075,0.25128,0.26295,0.078739
3.1765,35.481,20.63,66.438,-0.011671,9999.3,13.954,14.564,15.241,4.5623
-0.81237,-732.14,-425.59,-1370.9,0.24075,13.954,9712.1,-300.51,-314.46,-94.168
0.25455,-764.16,-444.2,-1430.8,0.25128,14.564,-300.51,9686.3,-328.21,-98.287
-2.9219,-799.64,-464.83,-1497.3,0.26295,15.241,-314.46,-328.21,9656.5,-102.85
4.5412,-239.46,-139.19,-448.37,0.078739,4.5623,-94.168,-98.287,-102.85,9969.2
