0,30.769,239.22,472.24,0.055859,39.194,361.52,645.96,-23.684,1.0381,4.9117e-06,6.3264e-06,4.7336e-06,5.9821e-06,157.33,17.579,3.797
1394.5,242.42,666.67,1157,43.139,752.05,943.2,1039.6,702.71,113.02,0.00036077,0.0003868,0.00034183,0.00039983,1160.1,355.01,766.17
5.0849e-06,7.781e-06,1.4068e-05,-1.6448e-06,4.4681e-05,-1.0448e-05,-1.1155e-05,-5.3026e-06,4.9829e-06,3.0721e-05,-2.0121e-08,-2.5037e-08,-1.9361e-08,-2.549e-08,3.4044e-07,-5.9935e-06,-1.5296e-05
7.781e-06,0.0005739,5.2583e-05,2.2118e-05,0.00205,-9.5369e-05,8.1772e-05,-8.2033e-05,9.3218e-06,-3.6846e-05,5.6369e-08,9.6557e-08,3.8255e-08,1.0312e-07,-2.1386e-05,5.2396e-05,-1.3491e-05
1.4068e-05,5.2583e-05,0.00022457,-1.6279e-05,-0.0016293,8.5697e-06,-7.2177e-05,4.665e-06,-8.0389e-06,6.2106e-05,3.3239e-07,3.4861e-07,3.039e-07,3.5366e-07,1.4389e-05,-1.2021e-05,-6.8052e-05
-1.6448e-06,2.2118e-05,-1.6279e-05,5.5872e-05,-0.00025612,2.8218e-05,1.1512e-05,9.2347e-06,-1.8468e-05,-0.00021787,-1.041e-07,-1.1788e-07,-9.6972e-08,-1.2201e-07,1.8158e-05,-2.3416e-05,2.2669e-05
4.4681e-05,0.00205,-0.0016293,-0.00025612,0.1263,-0.0056433,0.0022512,-0.0031913,0.0025244,0.0072159,-1.6895e-06,-1.729e-06,-1.5385e-06,-1.6547e-06,-0.00015153,-0.00018057,-0.001503
-1.0448e-05,-9.5369e-05,8.5697e-06,2.8218e-05,-0.0056433,0.33366,-6.3448e-05,-0.33315,0.33319,-0.00050069,7.1879e-08,8.0847e-08,6.9262e-08,7.8119e-08,5.6698e-06,-7.7788e-05,0.00011682
-1.1155e-05,8.1772e-05,-7.2177e-05,1.1512e-05,0.0022512,-6.3448e-05,0.0010015,-0.00052097,-0.00045694,0.00056155,-1.8037e-07,-1.1477e-07,-1.9676e-07,-1.1317e-07,-0.00011694,-0.00023327,3.1781e-05
-5.3026e-06,-8.2033e-05,4.665e-06,9.2347e-06,-0.0031913,-0.33315,-0.00052097,0.3337,-0.33315,-0.00056296,1.8744e-07,1.6285e-07,1.9273e-07,1.6264e-07,6.0151e-05,9.8498e-05,5.3432e-05
4.9829e-06,9.3218e-06,-8.0389e-06,-1.8468e-05,0.0025244,0.33319,-0.00045694,-0.33315,0.33367,-4.4976e-05,1.1344e-07,8.0191e-08,1.2149e-07,8.2463e-08,5.4332e-05,0.00016766,-6.6248e-05
3.0721e-05,-3.6846e-05,6.2106e-05,-0.00021787,0.0072159,-0.00050069,0.00056155,-0.00056296,-4.4976e-05,0.0049505,8.4568e-07,9.6707e-07,7.7436e-07,9.6188e-07,-0.00024121,-0.00076675,-0.00047472
-2.0121e-08,5.6369e-08,3.3239e-07,-1.041e-07,-1.6895e-06,7.1879e-08,-1.8037e-07,1.8744e-07,1.1344e-07,8.4568e-07,1,-2.0584e-09,-1.9243e-09,-2.1357e-09,3.4451e-08,1.1295e-07,-2.7351e-07
-2.5037e-08,9.6557e-08,3.4861e-07,-1.1788e-07,-1.729e-06,8.0847e-08,-1.1477e-07,1.6285e-07,8.0191e-08,9.6707e-07,-2.0584e-09,1,-1.956e-09,-2.274e-09,1.169e-08,8.9146e-08,-3.2834e-07
-1.9361e-08,3.8255e-08,3.039e-07,-9.6972e-08,-1.5385e-06,6.9262e-08,-1.9676e-07,1.9273e-07,1.2149e-07,7.7436e-07,-1.9243e-09,-1.956e-09,1,-2.0312e-09,4.0044e-08,1.0921e-07,-2.5091e-07
-2.549e-08,1.0312e-07,3.5366e-07,-1.2201e-07,-1.6547e-06,7.8119e-08,-1.1317e-07,1.6264e-07,8.2463e-08,9.6188e-07,-2.1357e-09,-2.274e-09,-2.0312e-09,1,1.6514e-08,9.1938e-08,-3.2988e-07
3.4044e-07,-2.1386e-05,1.4389e-05,1.8158e-05,-0.00015153,5.6698e-06,-0.00011694,6.0151e-05,5.4332e-05,-0.00024121,3.4451e-08,1.169e-08,4.0044e-08,1.6514e-08,5.0583e-05,1.0247e-05,4.9836e-06
-5.9935e-06,5.2396e-05,-1.2021e-05,-2.3416e-05,-0.00018057,-7.7788e-05,-0.00023327,9.8498e-05,0.00016766,-0.00076675,1.1295e-07,8.9146e-08,1.0921e-07,9.1938e-08,1.0247e-05,0.00069956,7.5263e-05
-1.5296e-05,-1.3491e-05,-6.8052e-05,2.2669e-05,-0.001503,0.00011682,3.1781e-05,5.3432e-05,-6.6248e-05,-0.00047472,-2.7351e-07,-3.2834e-07,-2.5091e-07,-3.2988e-07,4.9836e-06,7.5263e-05,0.00016538
102.41,102.41,102.41,102.41,102.41,102.41,102.41,102.41,102.41,102.41,102.41,102.41,102.41,102.41,102.41,102.41,102.41
474.89,123.67,504.79,791.51,16.046,441.36,623.07,791.36,350,35.955,4.6107e-05,4.6806e-05,4.5519e-05,4.7541e-05,456.2,179.62,77.394
1,1,1,1,1,1,1,1,1,1,1,1,1,1,1,1,1
