343.09,337.73,-91.233,-486.98,271.73,271.73,271.73,0.0083733,-198.67
1441.7,1440.2,84.826,-235.62,433.43,433.43,433.43,1299.7,302.34
0.23761,-0.23772,0.009948,-0.0025102,-0.0041318,-0.0041318,-0.0041318,-0.00035245,0.00015038
-0.23772,0.23798,-0.010239,0.0027967,0.0041475,0.0041475,0.0041475,0.00024411,-0.00018126
0.009948,-0.010239,0.0043618,-0.0021445,-0.00064903,-0.00064903,-0.00064903,0.00016921,0.00010762
-0.0025102,0.0027967,-0.0021445,0.0018252,9.9892e-05,9.9892e-05,9.9892e-05,-0.00016642,-0.00018302
-0.0041318,0.0041475,-0.00064903,9.9892e-05,0.6669,-0.3331,-0.3331,4.8967e-07,6.1882e-06
-0.0041318,0.0041475,-0.00064903,9.9892e-05,-0.3331,0.6669,-0.3331,4.8967e-07,6.1882e-06
-0.0041318,0.0041475,-0.00064903,9.9892e-05,-0.3331,-0.3331,0.6669,4.8967e-07,6.1882e-06
-0.00035245,0.00024411,0.00016921,-0.00016642,4.8967e-07,4.8967e-07,4.8967e-07,9.8554e-05,4.7422e-06
0.00015038,-0.00018126,0.00010762,-0.00018302,6.1882e-06,6.1882e-06,6.1882e-06,4.7422e-06,8.0358e-05
53.626,53.626,53.626,53.626,53.626,53.626,53.626,53.626,53.626
632.37,630.76,-1.2089,-360.17,345.85,345.85,345.85,182.63,54.331
1,1,1,1,1,1,1,1,1
