225.15,0.48019,0.68578,0.57511,0.013765,0.4391,0.90235,1.0915,0.65235,0.073602
100.23,0.31618,0.53333,0.43141,0.011831,0.41485,0.85502,1.0399,0.62456,0.058524
346.55,0.84793,0.85098,0.73276,0.015268,0.46939,0.96456,1.1317,0.69006,0.087951
0.00038625,0.13488,0.033441,0.23314,0.11493,0.40526,0.23621,0.62299,0.21786,0.81841
0.13488,306.41,101.04,188.38,-9.0153,564.08,678.27,1129.3,565.2,-169.85
0.033441,101.04,195.19,27.34,-19.381,233.33,303.14,606.18,372.77,153.07
0.23314,188.38,27.34,355.97,11.659,513.93,303.45,958.83,444.87,131.5
0.11493,-9.0153,-19.381,11.659,9989.1,-103.28,46.829,11.281,114.58,92.447
0.40526,564.08,233.33,513.93,-103.28,6293.8,1955.7,-757.52,2949.2,-111.47
0.23621,678.27,303.14,303.45,46.829,1955.7,3099,2080.3,124.7,468.76
0.62299,1129.3,606.18,958.83,11.281,-757.52,2080.3,8938.9,-303.6,-446.71
0.21786,565.2,372.77,444.87,114.58,2949.2,124.7,-303.6,6746.6,-335.32
0.81841,-169.85,153.07,131.5,92.447,-111.47,468.76,-446.71,-335.32,8811
