157.63,0.27817,0.72059,0.73491,0.006777,0.30216,0.76166,0.84071,0.53855,0.28335
37.742,0.11979,0.58823,0.58814,0.0020684,0.22732,0.63469,0.69351,0.46618,0.089305
202.5,0.41333,0.9098,0.88352,0.01799,0.44391,0.87566,1.0245,0.6331,0.49
0.10946,11.78,-12.431,12.902,0.93233,11.666,9.5868,15.377,3.7113,12.416
11.78,7634.6,1350.6,-2106.3,29.202,578.73,2109,2086.8,1508.1,575.65
-12.431,1350.6,7585,1284.8,-11.793,-381.63,-414.93,-450.17,-68.547,-3777.3
12.902,-2106.3,1284.8,8120.4,25.759,517.88,1838.5,1821.1,1303.2,684.87
0.93233,29.202,-11.793,25.759,9999.6,-6.9942,-28.382,-27.966,-20.972,3.1318
11.666,578.73,-381.63,517.88,-6.9942,9856.8,-491.43,-487.51,-344.3,-248.26
9.5868,2109,-414.93,1838.5,-28.382,-491.43,7740.7,-2216.5,-1725.1,1142.6
15.377,2086.8,-450.17,1821.1,-27.966,-487.51,-2216.5,7824.6,-1687.9,1047.4
3.7113,1508.1,-68.547,1303.2,-20.972,-344.3,-1725.1,-1687.9,8656.4,1295.7
12.416,575.65,-3777.3,684.87,3.1318,-248.26,1142.6,1047.4,1295.7,2624.7
