0.60337,0.59938,-0.038896,-0.4445,0.33576,0.33576,0.33576,0.22748
0.24287,0.24287,-0.22601,-0.66707,0.23602,0.23602,0.23602,8.3929e-05
1.4769,1.4768,0.039746,-0.35637,0.38564,0.38564,0.38564,1.5602
512.84,-476.38,37.66,36.282,4.0491,4.0491,4.0491,-27.112
-476.38,514.17,-14.076,-16.546,1.7614,1.7614,1.7614,-29.796
37.66,-14.076,582.77,-281.99,-77.711,-77.711,-77.711,-23.235
36.282,-16.546,-281.99,440.61,-55.76,-55.76,-55.76,-16.621
4.0491,1.7614,-77.711,-55.76,781.3,-218.7,-218.7,-3.3088
4.0491,1.7614,-77.711,-55.76,-218.7,781.3,-218.7,-3.3088
4.0491,1.7614,-77.711,-55.76,-218.7,-218.7,781.3,-3.3088
-27.112,-29.796,-23.235,-16.621,-3.3088,-3.3088,-3.3088,49.703
