373.93,69.56,858.33,148.77,75.102,1002.8,853.28,1311.5,308.77,32.041,526.53,187.24,50.178
0,8.1967,647.06,31.057,32.593,692.49,299.55,709.77,17.289,5.7481,363.94,53.986,20.096
1318.4,168.95,956.86,394.96,163.05,1504,1256.1,1654.7,803.2,55.479,813.67,274.37,99.815
0.00063321,-0.010737,0.0014859,0.0038573,0.0068106,-0.0024664,0.0039517,-0.0045735,-0.0021099,-0.016163,0.0068444,-0.0055806,0.0079537
-0.010737,0.46615,0.043835,-0.084754,-0.081039,0.041422,0.10007,0.010282,-0.031134,-0.01335,-0.18536,0.2171,-0.37113
0.0014859,0.043835,0.10705,-0.035037,0.057805,-0.090413,0.084505,-0.10041,-0.0099769,-0.026303,0.19571,0.14531,-0.056838
0.0038573,-0.084754,-0.035037,0.082624,-0.018325,0.019588,0.1064,-0.049149,-0.068732,-0.051598,-0.028746,-0.20881,0.032076
0.0068106,-0.081039,0.057805,-0.018325,0.96061,-0.059313,0.034219,-0.062093,-0.0027807,0.0087202,-0.1206,0.063914,0.016269
-0.0024664,0.041422,-0.090413,0.019588,-0.059313,0.4264,-0.060591,-0.23755,0.33605,-0.025776,-0.21982,-0.092991,-0.0091209
0.0039517,0.10007,0.084505,0.1064,0.034219,-0.060591,0.44433,-0.26382,-0.20323,-0.035362,0.097763,-0.21336,-0.21489
-0.0045735,0.010282,-0.10041,-0.049149,-0.062093,-0.23755,-0.26382,0.53454,-0.22792,0.0057639,-0.20965,0.065882,0.077416
-0.0021099,-0.031134,-0.0099769,-0.068732,-0.0027807,0.33605,-0.20323,-0.22792,0.43603,0.031541,0.010167,0.15887,0.086546
-0.016163,-0.01335,-0.026303,-0.051598,0.0087202,-0.025776,-0.035362,0.0057639,0.031541,0.98372,0.031545,-0.055202,-0.071709
0.0068444,-0.18536,0.19571,-0.028746,-0.1206,-0.21982,0.097763,-0.20965,0.010167,0.031545,0.61885,0.17902,0.11248
-0.0055806,0.2171,0.14531,-0.20881,0.063914,-0.092991,-0.21336,0.065882,0.15887,-0.055202,0.17902,0.59008,-0.083177
0.0079537,-0.37113,-0.056838,0.032076,0.016269,-0.0091209,-0.21489,0.077416,0.086546,-0.071709,0.11248,-0.083177,0.35223
69.058,69.058,69.058,69.058,69.058,69.058,69.058,69.058,69.058,69.058,69.058,69.058,69.058
