0,6.4935,19.608,54.462,0.038604,45.133,-134.28,-51.908,-201.43,15.315,4.8574e-07,3.8559e-07,1.5086e-06,2.2161e-06,124.02,36.808,945.75
1380.2,600,839.22,4354.4,3.3789,332.35,301.68,364.03,275.99,7561.9,0.00038104,0.00022619,0.00038891,0.00022085,2030.8,1134,1000
4.3375e-06,9.3041e-06,6.5365e-06,-3.1683e-08,3.0563e-05,-3.5476e-06,-9.8578e-06,1.7357e-06,5.2826e-06,1.3248e-07,4.4309e-09,3.8816e-09,4.4818e-09,3.5909e-09,-5.2077e-07,-2.1692e-06,-7.7126e-05
9.3041e-06,8.9928e-05,3.4613e-05,-1.6636e-06,-0.00011905,1.0511e-05,-4.0793e-05,2.4888e-07,-1.0674e-05,1.9707e-06,-5.5448e-08,-3.9769e-08,-5.8467e-08,-4.2135e-08,-2.4342e-06,-1.1044e-05,-0.00024775
6.5365e-06,3.4613e-05,5.5998e-05,-2.0247e-06,0.0003946,8.2446e-06,-1.5709e-06,-6.3943e-06,-1.5085e-05,2.3873e-06,-6.6965e-09,-6.0211e-09,-6.8789e-09,-6.1507e-09,-6.5297e-06,-2.5061e-05,-9.9095e-05
-3.1683e-08,-1.6636e-06,-2.0247e-06,3.3793e-06,-3.0752e-05,1.648e-06,-1.072e-05,9.5431e-06,7.8574e-06,-8.0748e-07,7.3156e-09,3.942e-09,8.1861e-09,3.93e-09,1.4946e-06,-2.4855e-06,3.8912e-05
3.0563e-05,-0.00011905,0.0003946,-3.0752e-05,0.94714,-0.0060939,-0.0073698,0.00017141,0.0062725,6.8675e-05,-1.9136e-06,-9.0835e-07,-1.9087e-06,-8.5526e-07,-9.4966e-05,-0.00010206,0.018455
-3.5476e-06,1.0511e-05,8.2446e-06,1.648e-06,-0.0060939,0.33365,1.1359e-05,-0.33318,0.33316,8.3219e-06,6.7217e-08,5.8617e-08,7.13e-08,6.0888e-08,-1.4248e-05,-8.4919e-05,0.0016552
-9.8578e-06,-4.0793e-05,-1.5709e-06,-1.072e-05,-0.0073698,1.1359e-05,0.0041652,-0.0019234,-0.0019311,4.2836e-06,-9.4897e-08,-7.7631e-08,-9.8872e-08,-7.7652e-08,-1.4509e-05,5.1634e-05,-0.00078477
1.7357e-06,2.4888e-07,-6.3943e-06,9.5431e-06,0.00017141,-0.33318,-0.0019234,0.33437,-0.33245,-3.2254e-06,1.5143e-07,1.214e-07,1.5992e-07,1.2326e-07,7.2273e-06,-3.9245e-05,0.0012217
5.2826e-06,-1.0674e-05,-1.5085e-05,7.8574e-06,0.0062725,0.33316,-0.0019311,-0.33245,0.33439,-1.1609e-05,8.4902e-08,6.3295e-08,8.9316e-08,6.2849e-08,2.1667e-05,4.6291e-05,-0.00043329
1.3248e-07,1.9707e-06,2.3873e-06,-8.0748e-07,6.8675e-05,8.3219e-06,4.2836e-06,-3.2254e-06,-1.1609e-05,5.5862e-06,-3.7011e-08,-2.76e-08,-3.7998e-08,-2.7613e-08,-4.3583e-06,-3.043e-05,4.404e-05
4.4309e-09,-5.5448e-08,-6.6965e-09,7.3156e-09,-1.9136e-06,6.7217e-08,-9.4897e-08,1.5143e-07,8.4902e-08,-3.7011e-08,1,-7.9253e-10,-1.4265e-09,-7.6718e-10,5.4712e-08,2.1447e-07,-7.5584e-08
3.8816e-09,-3.9769e-08,-6.0211e-09,3.942e-09,-9.0835e-07,5.8617e-08,-7.7631e-08,1.214e-07,6.3295e-08,-2.76e-08,-7.9253e-10,1,-8.1338e-10,-5.4828e-10,4.2776e-08,1.6485e-07,2.0057e-07
4.4818e-09,-5.8467e-08,-6.8789e-09,8.1861e-09,-1.9087e-06,7.13e-08,-9.8872e-08,1.5992e-07,8.9316e-08,-3.7998e-08,-1.4265e-09,-8.1338e-10,1,-7.8989e-10,5.5164e-08,2.1801e-07,-4.1124e-08
3.5909e-09,-4.2135e-08,-6.1507e-09,3.93e-09,-8.5526e-07,6.0888e-08,-7.7652e-08,1.2326e-07,6.2849e-08,-2.7613e-08,-7.6718e-10,-5.4828e-10,-7.8989e-10,1,4.2747e-08,1.6373e-07,2.4571e-07
-5.2077e-07,-2.4342e-06,-6.5297e-06,1.4946e-06,-9.4966e-05,-1.4248e-05,-1.4509e-05,7.2273e-06,2.1667e-05,-4.3583e-06,5.4712e-08,4.2776e-08,5.5164e-08,4.2747e-08,1.2813e-05,1.243e-05,-1.8234e-05
-2.1692e-06,-1.1044e-05,-2.5061e-05,-2.4855e-06,-0.00010206,-8.4919e-05,5.1634e-05,-3.9245e-05,4.6291e-05,-3.043e-05,2.1447e-07,1.6485e-07,2.1801e-07,1.6373e-07,1.243e-05,0.00023068,-0.00072572
-7.7126e-05,-0.00024775,-9.9095e-05,3.8912e-05,0.018455,0.0016552,-0.00078477,0.0012217,-0.00043329,4.404e-05,-7.5584e-08,2.0057e-07,-4.1124e-08,2.4571e-07,-1.8234e-05,-0.00072572,0.03406
105.51,105.51,105.51,105.51,105.51,105.51,105.51,105.51,105.51,105.51,105.51,105.51,105.51,105.51,105.51,105.51,105.51
511.56,239.76,256.41,715.07,0.51406,136.68,11.687,86.726,-49.952,1403.3,1.902e-05,1.7355e-05,1.918e-05,1.738e-05,1003.7,367.71,996.62
1,1,1,1,1,1,1,1,1,1,1,1,1,1,1,1,1
