207.42,0.65811,0.71148,0.63771,0.0087858,0.34934,0.984,1.1515,0.80219,0.028458,0.23552,0.17242,0.10194
19.355,0.14197,0.16471,0.23748,0.0061651,0.3024,0.81805,1.0116,0.64249,0.004264,0.15915,0.062401,0.00030432
349.2,0.98469,0.98823,3.3113,0.016259,0.43887,1.2901,1.4476,1.1176,0.06278,0.44816,0.25792,0.26269
0.00013147,0.00057976,-0.027384,0.00069551,-0.0049189,0.0067616,0.016213,-0.0016138,-0.0083792,0.018803,-0.0034407,-0.048509,-7.7345e-05
0.00057976,19.657,-2.1987,1.9866,0.14023,0.69034,-2.2528,4.4676,3.7778,-3.8714,-12.859,-7.2064,11.61
-0.027384,-2.1987,28.825,0.7627,3.625,-12.788,-2.078,-1.2788,11.51,-13.43,-6.5384,24.632,-0.11311
0.00069551,1.9866,0.7627,2.1605,0.39628,-3.3851,0.24929,-0.70663,2.6798,-0.50704,-1.5728,0.87408,0.57327
-0.0049189,0.14023,3.625,0.39628,998.12,-11.855,0.8744,-4.1158,7.7398,-0.20507,-4.3379,-8.1311,-1.7083
0.0067616,0.69034,-12.788,-3.3851,-11.855,667.44,-35.149,-132.92,199.64,-42.43,-48.646,-109.59,16.378
0.016213,-2.2528,-2.078,0.24929,0.8744,-35.149,622.34,-309.15,-274,-7.3548,-42.523,-36.675,11.993
-0.0016138,4.4676,-1.2788,-0.70663,-4.1158,-132.92,-309.15,615.06,-252.01,-21.71,-15.463,-41.11,-11.059
-0.0083792,3.7778,11.51,2.6798,7.7398,199.64,-274,-252.01,548.34,20.715,33.172,68.482,-27.441
0.018803,-3.8714,-13.43,-0.50704,-0.20507,-42.43,-7.3548,-21.71,20.715,937.14,-105.29,-49.336,-59.504
-0.0034407,-12.859,-6.5384,-1.5728,-4.3379,-48.646,-42.523,-15.463,33.172,-105.29,389.44,-125.31,-8.2994
-0.048509,-7.2064,24.632,0.87408,-8.1311,-109.59,-36.675,-41.11,68.482,-49.336,-125.31,578.31,-60.376
-7.7345e-05,11.61,-0.11311,0.57327,-1.7083,16.378,11.993,-11.059,-27.441,-59.504,-8.2994,-60.376,247.8
