201.73,0.62399,0.4719,1.0815,0.046103,0.79501,0.54118,0.80115,0.0061459,0.79084
18.182,0.31429,0.27451,0.44563,0.035028,0.71708,0.50708,0.70102,-0.029845,0.14651
300.63,0.89796,0.57647,2.1453,0.067303,0.89711,0.56842,0.86727,0.064339,1.928
0.0072925,2.2323,1.1715,-0.5548,-0.12526,-0.49864,0.23531,-0.14465,0.35399,-0.3238
2.2323,972.36,-22.48,-108.68,2.4253,13.708,-3.2469,12.327,-1.3806,-119.04
1.1715,-22.48,981.71,-88.408,1.9728,11.15,-2.6411,10.027,-1.1228,-96.834
-0.5548,-108.68,-88.408,572.53,9.5382,53.91,-12.769,48.483,-5.4267,-468.21
-0.12526,2.4253,1.9728,9.5382,999.79,-1.203,0.28494,-1.0818,0.12114,10.447
-0.49864,13.708,11.15,53.91,-1.203,993.2,1.6104,-6.1146,0.6846,59.048
0.23531,-3.2469,-2.6411,-12.769,0.28494,1.6104,999.62,1.4483,-0.16219,-13.985
-0.14465,12.327,10.027,48.483,-1.0818,-6.1146,1.4483,994.5,0.61557,53.104
0.35399,-1.3806,-1.1228,-5.4267,0.12114,0.6846,-0.16219,0.61557,999.93,-5.944
-0.3238,-119.04,-96.834,-468.21,10.447,59.048,-13.985,53.104,-5.944,487.17
