820.82,733.05,750.87,716.6,0.16159,56.671,812.9,843.49,786.81,111.82,223.04,141.5,991.81
19.064,96.774,345.1,270.83,0.0076838,18.396,564.96,579.33,553.73,18.225,99.324,46.931,916.8
1376,982.46,996.08,1455.5,1.8085,223.64,1198.7,1228.3,1167,352.2,406.2,277.15,999.92
6.8323e-06,2.1885e-06,1.6642e-06,1.4983e-06,-5.2488e-05,4.6023e-08,1.463e-05,-4.859e-06,-6.3347e-06,1.8816e-05,1.096e-05,-3.9517e-05,-6.3468e-06
2.1885e-06,3.4012e-05,-1.7272e-06,6.6691e-06,-0.00010584,-1.1581e-05,0.00019377,-0.00010045,-8.7472e-05,7.7523e-05,-5.1909e-05,-8.3038e-05,-6.6219e-05
1.6642e-06,-1.7272e-06,3.8902e-05,4.3252e-08,-3.0902e-05,3.0963e-05,-7.1042e-05,4.664e-05,1.4946e-05,-6.6457e-05,5.6491e-05,6.9374e-07,-4.1311e-05
1.4983e-06,6.6691e-06,4.3252e-08,1.7499e-05,1.2272e-06,7.5415e-05,-3.3787e-05,5.8764e-05,-1.6e-05,6.7818e-06,8.9542e-06,-8.9233e-05,0.00019322
-5.2488e-05,-0.00010584,-3.0902e-05,1.2272e-06,0.99387,-0.0029177,0.00096579,-0.001876,0.0010682,0.0015324,-0.00098291,-0.00089607,0.0080459
4.6023e-08,-1.1581e-05,3.0963e-05,7.5415e-05,-0.0029177,0.33594,0.0030291,-0.33353,0.33054,0.00053877,-0.0002911,-0.0015498,0.0066961
1.463e-05,0.00019377,-7.1042e-05,-3.3787e-05,0.00096579,0.0030291,0.036099,-0.016539,-0.019531,0.0043103,-0.0019938,-0.0040991,0.0032605
-4.859e-06,-0.00010045,4.664e-05,5.8764e-05,-0.001876,-0.33353,-0.016539,0.34152,-0.32496,-0.0018182,0.00081995,0.0012037,0.0017448
-6.3347e-06,-8.7472e-05,1.4946e-05,-1.6e-05,0.0010682,0.33054,-0.019531,-0.32496,0.34448,-0.0023505,0.0011095,0.0027408,-0.004923
1.8816e-05,7.7523e-05,-6.6457e-05,6.7818e-06,0.0015324,0.00053877,0.0043103,-0.0018182,-0.0023505,0.004208,-0.0020897,-0.0035941,-0.00015859
1.096e-05,-5.1909e-05,5.6491e-05,8.9542e-06,-0.00098291,-0.0002911,-0.0019938,0.00081995,0.0011095,-0.0020897,0.0014277,0.0013316,-0.00030551
-3.9517e-05,-8.3038e-05,6.9374e-07,-8.9233e-05,-0.00089607,-0.0015498,-0.0040991,0.0012037,0.0027408,-0.0035941,0.0013316,0.0045724,-0.0024955
-6.3468e-06,-6.6219e-05,-4.1311e-05,0.00019322,0.0080459,0.0066961,0.0032605,0.0017448,-0.004923,-0.00015859,-0.00030551,-0.0024955,0.023009
90.979,90.979,90.979,90.979,90.979,90.979,90.979,90.979,90.979,90.979,90.979,90.979,90.979
