1.0673,0.88633,-0.44478,-1.2245,0.28656,0.28656,0.28656,0.057518
0.56912,0.44604,-0.77541,-1.688,-0.014911,-0.014911,-0.014911,4.0519e-05
1.4426,1.4426,-0.002525,-0.7013,0.78321,0.78321,0.78321,0.25547
266.29,-234.82,73.839,14.87,5.4122,5.4122,5.4122,-83.857
-234.82,234.99,-41.071,15.397,-29.277,-29.277,-29.277,60.338
73.839,-41.071,334.3,49.623,-126.69,-126.69,-126.69,43.192
14.87,15.397,49.623,61.97,-42.352,-42.352,-42.352,-15.559
5.4122,-29.277,-126.69,-42.352,731.78,-268.22,-268.22,-21.382
5.4122,-29.277,-126.69,-42.352,-268.22,731.78,-268.22,-21.382
5.4122,-29.277,-126.69,-42.352,-268.22,-268.22,731.78,-21.382
-83.857,60.338,43.192,-15.559,-21.382,-21.382,-21.382,208.01
