673.75,620.81,754.37,701.13,0.54321,137.14,9.6874,85.439,-51.7,1291.2,971.83,352.11,996.34
4.4222,121.21,411.76,54.462,0.038604,45.133,-134.28,-51.908,-201.43,15.315,124.02,36.808,945.75
1401.6,959.8,1000,4354.4,3.3789,332.35,191.16,268.67,165.12,6852.4,2004.1,1027.7,999.99
7.6302e-06,1.018e-07,-1.6065e-06,-3.1077e-07,3.5991e-05,-1.1737e-05,-7.7801e-05,2.687e-05,3.8483e-05,1.7746e-06,-2.5662e-06,-3.396e-06,-0.00011485
1.018e-07,2.3895e-05,-1.9087e-06,6.8781e-07,0.00013381,-1.8019e-06,-7.0274e-05,4.5376e-05,4.7161e-05,-1.5485e-06,5.0412e-06,1.842e-06,-5.312e-06
-1.6065e-06,-1.9087e-06,4.8013e-05,-5.073e-07,0.00017438,-1.3941e-05,-8.2214e-05,2.8098e-05,4.2367e-05,-6.3158e-06,1.343e-05,3.2115e-05,4.5614e-05
-3.1077e-07,6.8781e-07,-5.073e-07,2.845e-06,-1.2004e-05,7.096e-07,-4.6145e-06,7.0771e-06,6.3347e-06,-4.8754e-07,8.4542e-07,-2.323e-06,2.2957e-05
3.5991e-05,0.00013381,0.00017438,-1.2004e-05,0.95347,-0.0065615,-0.010664,0.0014986,0.0080627,1.5405e-05,2.4474e-05,0.00038508,0.015707
-1.1737e-05,-1.8019e-06,-1.3941e-05,7.096e-07,-0.0065615,0.33365,0.0002718,-0.3333,0.33305,4.6709e-06,-1.4825e-05,-7.3061e-05,0.0016744
-7.7801e-05,-7.0274e-05,-8.2214e-05,-4.6145e-06,-0.010664,0.0002718,0.0059609,-0.0026492,-0.0029186,1.1387e-05,-5.8901e-05,5.3729e-05,0.000431
2.687e-05,4.5376e-05,2.8098e-05,7.0771e-06,0.0014986,-0.3333,-0.0026492,0.33468,-0.33202,-9.3312e-06,3.1011e-05,-4.0022e-05,0.00068453
3.8483e-05,4.7161e-05,4.2367e-05,6.3347e-06,0.0080627,0.33305,-0.0029186,-0.33202,0.33493,-1.4099e-05,4.6094e-05,3.3455e-05,-0.00098717
1.7746e-06,-1.5485e-06,-6.3158e-06,-4.8754e-07,1.5405e-05,4.6709e-06,1.1387e-05,-9.3312e-06,-1.4099e-05,7.1351e-06,-8.1899e-06,-3.1186e-05,-1.2304e-05
-2.5662e-06,5.0412e-06,1.343e-05,8.4542e-07,2.4474e-05,-1.4825e-05,-5.8901e-05,3.1011e-05,4.6094e-05,-8.1899e-06,2.0946e-05,1.9104e-05,3.7156e-05
-3.396e-06,1.842e-06,3.2115e-05,-2.323e-06,0.00038508,-7.3061e-05,5.3729e-05,-4.0022e-05,3.3455e-05,-3.1186e-05,1.9104e-05,0.00021693,-0.00055453
-0.00011485,-5.312e-06,4.5614e-05,2.2957e-05,0.015707,0.0016744,0.000431,0.00068453,-0.00098717,-1.2304e-05,3.7156e-05,-0.00055453,0.029337
105.5,105.5,105.5,105.5,105.5,105.5,105.5,105.5,105.5,105.5,105.5,105.5,105.5
