0,32.68,54.902,623.06,0.012403,31.314,453.52,482.25,430.15,9.823,5.1956e-06,1.0532e-05,5.2645e-06,1.1323e-05,136.58,16.786,786.81
1367.2,437.5,600,1511.8,1.3567,161.16,970.23,1011.3,935.48,176.89,0.00013472,0.00014623,0.00013983,0.00019171,391.01,161.93,999.89
5.9203e-06,2.1656e-05,5.487e-06,4.0104e-06,3.2347e-05,-7.4984e-06,-6.6586e-05,3.2775e-05,4.0092e-05,-4.823e-05,-1.1553e-08,-8.6152e-09,-1.625e-08,-9.4945e-09,2.2315e-05,-2.0923e-05,1.1959e-05
2.1656e-05,0.00056514,0.00020591,1.8547e-05,0.00048658,0.00028183,-0.0014015,0.00089806,0.00062113,-0.0026631,-3.4816e-08,-1.8621e-08,-1.5419e-08,7.8493e-09,0.0010565,0.0021877,-0.00065977
5.487e-06,0.00020591,0.00019207,-1.4815e-05,0.00088983,6.4642e-05,-0.0004677,0.00028223,0.00021957,-0.001075,2.9419e-08,6.2549e-08,4.5405e-08,9.3364e-08,0.00043824,0.00084433,-0.00022595
4.0104e-06,1.8547e-05,-1.4815e-05,3.5159e-05,1.0081e-05,-1.5294e-05,-0.00026243,0.00012868,0.0001443,-0.00018601,-9.1045e-08,-1.2179e-07,-9.8406e-08,-1.8479e-07,6.5456e-05,7.797e-06,-4.4737e-06
3.2347e-05,0.00048658,0.00088983,1.0081e-05,0.99698,-0.006311,0.0023874,-0.0042332,0.0020755,-0.0052066,1.3814e-07,2.3971e-07,5.2142e-08,1.1572e-07,0.0018222,0.0031684,1.334e-05
-7.4984e-06,0.00028183,6.4642e-05,-1.5294e-05,-0.006311,0.33492,-0.0043384,-0.33033,0.33475,-0.0037727,1.3348e-07,5.4763e-08,2.4323e-07,2.3615e-07,0.0010547,0.0026144,-0.00050798
-6.6586e-05,-0.0014015,-0.0004677,-0.00026243,0.0023874,-0.0043384,0.069094,-0.036827,-0.032515,0.015567,-8.4096e-07,-5.5727e-07,-1.7719e-06,-1.8875e-06,-0.0057883,-0.0084513,0.0034968
3.2775e-05,0.00089806,0.00028223,0.00012868,-0.0042332,-0.33033,-0.036827,0.35335,-0.3163,-0.0098989,5.2759e-07,3.4452e-07,1.058e-06,1.1098e-06,0.0034866,0.0056514,-0.002036
4.0092e-05,0.00062113,0.00021957,0.0001443,0.0020755,0.33475,-0.032515,-0.3163,0.34896,-0.006158,3.9339e-07,2.8858e-07,8.1351e-07,8.7191e-07,0.0024432,0.0030686,-0.0015399
-4.823e-05,-0.0026631,-0.001075,-0.00018601,-0.0052066,-0.0037727,0.015567,-0.0098989,-0.006158,0.031879,1.2768e-06,1.5547e-06,1.1842e-06,1.5542e-06,-0.010769,-0.025647,0.0058432
-1.1553e-08,-3.4816e-08,2.9419e-08,-9.1045e-08,1.3814e-07,1.3348e-07,-8.4096e-07,5.2759e-07,3.9339e-07,1.2768e-06,1,-1.235e-10,-1.7433e-10,-9.9346e-11,-2.2892e-07,-5.4767e-07,1.1061e-07
-8.6152e-09,-1.8621e-08,6.2549e-08,-1.2179e-07,2.3971e-07,5.4763e-08,-5.5727e-07,3.4452e-07,2.8858e-07,1.5547e-06,-1.235e-10,1,-1.2078e-10,-1.6724e-10,-2.8497e-07,-5.9898e-07,2.2464e-07
-1.625e-08,-1.5419e-08,4.5405e-08,-9.8406e-08,5.2142e-08,2.4323e-07,-1.7719e-06,1.058e-06,8.1351e-07,1.1842e-06,-1.7433e-10,-1.2078e-10,1,-1.3233e-10,-2.3223e-07,-6.0134e-07,1.7939e-07
-9.4945e-09,7.8493e-09,9.3364e-08,-1.8479e-07,1.1572e-07,2.3615e-07,-1.8875e-06,1.1098e-06,8.7191e-07,1.5542e-06,-9.9346e-11,-1.6724e-10,-1.3233e-10,1,-2.4796e-07,-4.878e-07,2.1367e-07
2.2315e-05,0.0010565,0.00043824,6.5456e-05,0.0018222,0.0010547,-0.0057883,0.0034866,0.0024432,-0.010769,-2.2892e-07,-2.8497e-07,-2.3223e-07,-2.4796e-07,0.0039697,0.0088811,-0.0022332
-2.0923e-05,0.0021877,0.00084433,7.797e-06,0.0031684,0.0026144,-0.0084513,0.0056514,0.0030686,-0.025647,-5.4767e-07,-5.9898e-07,-6.0134e-07,-4.878e-07,0.0088811,0.024,-0.0060414
1.1959e-05,-0.00065977,-0.00022595,-4.4737e-06,1.334e-05,-0.00050798,0.0034968,-0.002036,-0.0015399,0.0058432,1.1061e-07,2.2464e-07,1.7939e-07,2.1367e-07,-0.0022332,-0.0060414,0.0023214
85.566,85.566,85.566,85.566,85.566,85.566,85.566,85.566,85.566,85.566,85.566,85.566,85.566,85.566,85.566,85.566,85.566
825.45,199.54,160.78,904.34,0.23288,71.424,662.67,698.74,627.32,78.847,4.2472e-05,4.5861e-05,4.4323e-05,4.9969e-05,273.3,93.466,974.5
1,1,1,1,1,1,1,1,1,1,1,1,1,1,1,1,1
