0,8.0972,309.8,376.82,0.02312,27.126,548.96,616.95,479.73,41.596
1363.6,457.83,968.63,3816,2.1183,201.11,845.21,884.71,799.28,1853.6
4.2044e-06,1.5118e-06,-1.4313e-06,7.5427e-07,-5.2474e-05,-9.5793e-06,-2.0232e-05,-1.2093e-06,8.2626e-06,1.3554e-06
1.5118e-06,0.00079501,0.00013388,5.1712e-06,0.0015505,0.00012429,0.0009654,-0.00034714,-0.00047257,3.7435e-05
-1.4313e-06,0.00013388,9.7132e-05,2.0685e-06,-0.00064241,7.5693e-05,-4.6513e-05,0.00012495,4.8427e-05,4.9699e-06
7.5427e-07,5.1712e-06,2.0685e-06,2.9304e-06,-4.8287e-05,-6.6723e-06,-1.6395e-05,3.8975e-06,1.0482e-05,1.2568e-06
-5.2474e-05,0.0015505,-0.00064241,-4.8287e-05,0.97032,-0.0054001,0.0088998,-0.0074643,-0.0020376,0.00019021
-9.5793e-06,0.00012429,7.5693e-05,-6.6723e-06,-0.0054001,0.3341,0.0011305,-0.33335,0.33254,-3.3873e-05
-2.0232e-05,0.0009654,-4.6513e-05,-1.6395e-05,0.0088998,0.0011305,0.0094394,-0.0037889,-0.0049178,-5.1923e-07
-1.2093e-06,-0.00034714,0.00012495,3.8975e-06,-0.0074643,-0.33335,-0.0037889,0.3353,-0.33135,-1.4713e-05
8.2626e-06,-0.00047257,4.8427e-05,1.0482e-05,-0.0020376,0.33254,-0.0049178,-0.33135,0.33611,1.8754e-05
1.3554e-06,3.7435e-05,4.9699e-06,1.2568e-06,0.00019021,-3.3873e-05,-5.1923e-07,-1.4713e-05,1.8754e-05,8.8543e-06
74.744,74.744,74.744,74.744,74.744,74.744,74.744,74.744,74.744,74.744
428.65,57.637,755.64,836.9,0.29076,88.853,654.74,705.07,616.22,646.26
0.76196,0.76196,0.76196,0.76196,0.76196,0.76196,0.76196,0.76196,0.76196,0.76196
517.64,78.529,813.98,887,0.63149,134.52,755.12,823.55,689.03,896.52
0.15909,0.15909,0.15909,0.15909,0.15909,0.15909,0.15909,0.15909,0.15909,0.15909
98.493,338.01,368.63,709.36,1.2174,155.31,749.91,815.63,660.33,737.86
0.078947,0.078947,0.078947,0.078947,0.078947,0.078947,0.078947,0.078947,0.078947,0.078947
