1.0203,1.0135,-0.013269,-0.74121,0.93636,0.93636,0.93636,0.29462
0.83651,0.8353,-0.18091,-1.1154,0.74087,0.74087,0.74087,6.3328e-06
1.4812,1.4746,0.14036,-0.21263,1.1349,1.1349,1.1349,1.1783
788.71,-197.93,85.687,7.6536,-20.434,-20.434,-20.434,-340.2
-197.93,812.34,50.746,-27.116,-21.688,-21.688,-21.688,-326.59
85.687,50.746,568.85,-436.22,-74.92,-74.92,-74.92,41.02
7.6536,-27.116,-436.22,434.96,74.49,74.49,74.49,-124.38
-20.434,-21.688,-74.92,74.49,684.29,-315.71,-315.71,2.1331
-20.434,-21.688,-74.92,74.49,-315.71,684.29,-315.71,2.1331
-20.434,-21.688,-74.92,74.49,-315.71,-315.71,684.29,2.1331
-340.2,-326.59,41.02,-124.38,2.1331,2.1331,2.1331,418.18
