142.4,0.39907,0.61176,1.1976,0.014948,0.41165,0.58067,0.77178,0.36012,0.19423
19.688,0.16883,0.45098,0.96626,0.0077195,0.36348,0.44122,0.66353,0.28847,0.13277
265.23,0.56915,0.76863,1.7856,0.018608,0.479,0.65097,0.87012,0.47817,0.25984
0.013041,-3.3912,-8.4907,-1.7723,-0.030366,1.2715,1.5183,-2.3225,-3.594,-4.4365
-3.3912,927.36,2302.2,508.27,-0.62699,-523.86,-191.46,426.04,949.89,1070.9
-8.4907,2302.2,8337.1,1223.6,111.92,453.99,2022.7,1330.7,876.75,307.93
-1.7723,508.27,1223.6,426.88,-6.1804,-1104.8,283.43,-388.28,716.47,489.44
-0.030366,-0.62699,111.92,-6.1804,9972.7,-80.265,-345.68,-51.436,28.826,-335.03
1.2715,-523.86,453.99,-1104.8,-80.265,9542.3,-760.59,272.5,730.18,-1115.2
1.5183,-191.46,2022.7,283.43,-345.68,-760.59,4758.2,-2269,-1508.5,-3266.3
-2.3225,426.04,1330.7,-388.28,-51.436,272.5,-2269,6682.8,-3589.7,1251.5
-3.594,949.89,876.75,716.47,28.826,730.18,-1508.5,-3589.7,5680.1,2366.7
-4.4365,1070.9,307.93,489.44,-335.03,-1115.2,-3266.3,1251.5,2366.7,4567.9
