253.63,247.58,-25.3,177.4,161.91,45.288,160.38,182.78,20.967,63.183,993.93,84.44,983.79,69.005,130.32,132.56,77.853,982.61,-677.09,633.93,633.93,633.93,0.02493,93.782,-12314,-20.721,7.8432,384.38,194.41,329.58,328.18,112.38,138.24,169.81,26.581,337.27,39.941,92.574,993.56,655.32,466.09,72.869,467.59,653.48,53.697,-37.884,718.54,718.54,718.54,1.2373,30.094,-62662,19.471,-192.16
210.56,192.52,-85.287,152.69,63.498,19.805,59.948,169.07,4.3277,45.2,990.06,48.615,960.72,46.206,19.773,21.976,47.66,960.05,-938.96,462.57,462.57,462.57,0.0056302,86.318,-1.6345e+05,-304.98,-176.47,248.57,96.069,229.26,236.18,54.241,55.391,44.463,14.151,240.48,7.1662,34.26,989.15,35.726,49.855,21.84,48.033,34.289,12.328,-68.849,542.53,542.53,542.53,0.0055492,-17.183,-2.2932e+05,-527.54,-533.33
298.88,298.78,7.715,194.36,226.19,77.62,235.12,194.84,52.718,81.644,997.79,114.49,998.74,108.75,255.32,265.24,96.754,998.62,-542.54,887.7,887.7,887.7,0.054419,108.13,1.186e+05,321.03,231.37,577.31,285.37,501.85,501.5,196.55,272.63,265.77,44.493,512.06,60.568,146.76,998.05,997.49,988.58,146.42,999.34,998.17,111.99,0.54264,1005.8,1005.8,1005.8,3.6834,96.325,27099,464.65,7.8431
1,-1.749e-06,-1.6725e-06,-1.0067e-09,-2.8474e-06,9.8008e-07,-2.9993e-06,2.5164e-07,8.6107e-07,1.7324e-07,-3.9215e-08,4.9499e-07,2.7702e-08,-1.4396e-07,8.0869e-07,6.391e-07,7.2939e-07,-1.8008e-08,5.5112e-06,-6.4084e-06,-6.4084e-06,-6.4084e-06,7.6043e-10,3.8959e-07,-0.000889,-4.7743e-06,-3.7005e-06,-4.9951e-06,-3.1186e-06,-3.9941e-06,-3.8199e-06,-1.0274e-06,-3.218e-06,-3.7707e-06,4.5469e-07,-3.9413e-06,6.0551e-07,-1.8518e-06,1.4521e-07,1.3951e-05,-1.4606e-05,-1.2533e-06,-1.4774e-05,1.4003e-05,4.641e-08,-5.5899e-07,-6.8544e-06,-6.8544e-06,-6.8544e-06,-5.2425e-08,1.6677e-06,0.00079322,-1.6725e-05,-9.6375e-06
-1.749e-06,1,-2.0621e-06,1.9563e-09,-3.5091e-06,1.2072e-06,-3.695e-06,3.115e-07,1.062e-06,2.1084e-07,-4.7767e-08,6.0536e-07,3.708e-08,-1.8233e-07,9.7918e-07,7.6946e-07,8.9629e-07,-1.9248e-08,6.766e-06,-7.877e-06,-7.877e-06,-7.877e-06,9.3845e-10,4.8049e-07,-0.0010747,-5.8395e-06,-4.5836e-06,-6.1407e-06,-3.8394e-06,-4.9068e-06,-4.6911e-06,-1.2754e-06,-3.9542e-06,-4.6449e-06,5.6125e-07,-4.841e-06,7.4261e-07,-2.2798e-06,1.7874e-07,1.7135e-05,-1.7963e-05,-1.536e-06,-1.817e-05,1.7199e-05,4.9583e-08,-6.8402e-07,-8.4222e-06,-8.4222e-06,-8.4222e-06,-6.4369e-08,2.0588e-06,0.00099787,-2.0599e-05,-1.188e-05
-1.6725e-06,-2.0621e-06,1,1.323e-08,-3.3734e-06,1.1583e-06,-3.5474e-06,3.0437e-07,1.0238e-06,1.9326e-07,-4.3927e-08,5.6544e-07,4.6085e-08,-1.9274e-07,8.7948e-07,6.7528e-07,8.5244e-07,-8.0461e-09,6.4123e-06,-7.4994e-06,-7.4994e-06,-7.4994e-06,9.0685e-10,4.632e-07,-0.00095883,-5.457e-06,-4.4887e-06,-5.8496e-06,-3.6772e-06,-4.6621e-06,-4.4514e-06,-1.2591e-06,-3.7599e-06,-4.4581e-06,5.4276e-07,-4.5963e-06,7.011e-07,-2.1833e-06,1.7107e-07,1.6268e-05,-1.714e-05,-1.4463e-06,-1.7335e-05,1.6331e-05,2.0643e-08,-6.4028e-07,-8.0079e-06,-8.0079e-06,-8.0079e-06,-6.1034e-08,1.9917e-06,0.0010315,-1.9758e-05,-1.1433e-05
-1.0067e-09,1.9563e-09,1.323e-08,1,1.6775e-08,-3.381e-09,1.2659e-08,-6.7e-09,-8.1551e-09,9.0043e-09,-1.8878e-09,1.4646e-08,-1.1259e-08,1.9405e-08,6.0984e-08,6.4736e-08,5.4828e-09,-1.101e-08,6.5461e-08,-3.9979e-08,-3.9979e-08,-3.9979e-08,-9.4496e-12,-3.6581e-09,-7.3733e-05,-1.3856e-07,1.0925e-07,-2.7691e-08,3.7279e-09,-3.4967e-08,-3.9541e-08,4.1125e-08,-2.5035e-08,1.4488e-08,-6.0846e-09,-3.7924e-08,1.0044e-08,2.0856e-09,-4.8427e-11,1.3487e-07,-5.129e-08,-2.4859e-08,-5.419e-08,1.3344e-07,2.8452e-08,-1.5092e-08,-5.4026e-08,-5.4026e-08,-5.4026e-08,-5.9066e-10,-2.314e-08,-8.1375e-05,5.0353e-08,6.9282e-08
-2.8474e-06,-3.5091e-06,-3.3734e-06,1.6775e-08,0.99999,1.97e-06,-6.0323e-06,5.1489e-07,1.7388e-06,3.3325e-07,-7.567e-08,9.6944e-07,7.3079e-08,-3.1882e-07,1.5261e-06,1.1803e-06,1.4536e-06,-1.8942e-08,1.0946e-05,-1.2784e-05,-1.2784e-05,-1.2784e-05,1.5391e-09,7.8669e-07,-0.0016672,-9.3547e-06,-7.5884e-06,-9.9702e-06,-6.2575e-06,-7.9523e-06,-7.5959e-06,-2.1236e-06,-6.412e-06,-7.5815e-06,9.2097e-07,-7.8417e-06,1.1982e-06,-3.7154e-06,2.9116e-07,2.7755e-05,-2.9199e-05,-2.4737e-06,-2.9532e-05,2.7862e-05,4.8694e-08,-1.0971e-06,-1.3656e-05,-1.3656e-05,-1.3656e-05,-1.0417e-07,3.3792e-06,0.0017169,-3.3607e-05,-1.9428e-05
9.8008e-07,1.2072e-06,1.1583e-06,-3.381e-09,1.97e-06,1,2.0734e-06,-1.7586e-07,-5.9677e-07,-1.1647e-07,2.6415e-08,-3.3652e-07,-2.2916e-08,1.0587e-07,-5.3727e-07,-4.1901e-07,-5.0132e-07,8.7022e-09,-3.7799e-06,4.4074e-06,4.4074e-06,4.4074e-06,-5.2778e-10,-2.7e-07,0.00058837,3.2467e-06,2.5898e-06,3.4366e-06,2.1527e-06,2.7436e-06,2.6218e-06,7.2266e-07,2.2115e-06,2.6062e-06,-3.1573e-07,2.7061e-06,-4.1432e-07,1.2782e-06,-1.0019e-07,-9.5783e-06,1.0059e-05,8.5619e-07,1.0174e-05,-9.6147e-06,-2.24e-08,3.8053e-07,4.7103e-06,4.7103e-06,4.7103e-06,3.5966e-08,-1.1583e-06,-0.00057471,1.1555e-05,6.6719e-06
-2.9993e-06,-3.695e-06,-3.5474e-06,1.2659e-08,-6.0323e-06,2.0734e-06,0.99999,5.3951e-07,1.828e-06,3.5473e-07,-8.0481e-08,1.0271e-06,7.2293e-08,-3.2773e-07,1.6326e-06,1.27e-06,1.5332e-06,-2.4522e-08,1.1556e-05,-1.3481e-05,-1.3481e-05,-1.3481e-05,1.6171e-09,8.2704e-07,-0.0017866,-9.9101e-06,-7.9469e-06,-1.0512e-05,-6.5889e-06,-8.39e-06,-8.0165e-06,-2.2196e-06,-6.7636e-06,-7.979e-06,9.6746e-07,-8.2748e-06,1.2661e-06,-3.9123e-06,3.0664e-07,2.9289e-05,-3.0775e-05,-2.6156e-06,-3.1127e-05,2.94e-05,6.3102e-08,-1.1617e-06,-1.4406e-05,-1.4406e-05,-1.4406e-05,-1.0996e-07,3.5494e-06,0.0017745,-3.5374e-05,-2.0433e-05
2.5164e-07,3.115e-07,3.0437e-07,-6.7e-09,5.1489e-07,-1.7586e-07,5.3951e-07,1,-1.5746e-07,-2.5609e-08,5.8826e-09,-7.949e-08,-1.1339e-08,3.6617e-08,-1.0873e-07,-7.6493e-08,-1.2632e-07,-3.0847e-09,-9.4073e-07,1.1145e-06,1.1145e-06,1.1145e-06,-1.4034e-10,-7.1227e-08,0.00011571,7.6824e-07,7.1905e-07,8.7068e-07,5.5558e-07,6.8889e-07,6.5536e-07,2.0579e-07,5.5682e-07,6.7745e-07,-8.4164e-08,6.7782e-07,-1.0173e-07,3.2983e-07,-2.5797e-08,-2.3988e-06,2.5628e-06,2.0824e-07,2.5911e-06,-2.4089e-06,7.9938e-09,9.0594e-08,1.1856e-06,1.1856e-06,1.1856e-06,8.9668e-09,-3.0916e-07,-0.00018719,2.997e-06,1.7499e-06
8.6107e-07,1.062e-06,1.0238e-06,-8.1551e-09,1.7388e-06,-5.9677e-07,1.828e-06,-1.5746e-07,1,-9.8507e-08,2.2408e-08,-2.8951e-07,-2.4983e-08,1.014e-07,-4.4605e-07,-3.4049e-07,-4.3831e-07,2.9167e-09,-3.2944e-06,3.857e-06,3.857e-06,3.857e-06,-4.6799e-10,-2.3891e-07,0.00048549,2.7944e-06,2.3234e-06,3.0089e-06,1.8938e-06,2.3966e-06,2.2876e-06,6.529e-07,1.9332e-06,2.2971e-06,-2.8015e-07,2.3624e-06,-3.5988e-07,1.1244e-06,-8.8088e-08,-8.3615e-06,8.8196e-06,7.4192e-07,8.9197e-06,-8.3941e-06,-7.4604e-09,3.28e-07,4.1172e-06,4.1172e-06,4.1172e-06,3.1361e-08,-1.0281e-06,-0.00054016,1.0179e-05,5.8945e-06
1.7324e-07,2.1084e-07,1.9326e-07,9.0043e-09,3.3325e-07,-1.1647e-07,3.5473e-07,-2.5609e-08,-9.8507e-08,1,6.1503e-09,-7.0868e-08,4.931e-09,3.18e-09,-1.4308e-07,-1.2525e-07,-9.257e-08,1.0296e-08,-7.1716e-07,8.0729e-07,8.0729e-07,8.0729e-07,-8.5339e-11,-4.4593e-08,0.00016221,6.8155e-07,3.6869e-07,6.2669e-07,3.7578e-07,5.1056e-07,4.9278e-07,9.4411e-08,4.0904e-07,4.4701e-07,-5.0708e-08,5.0632e-07,-8.0894e-08,2.2323e-07,-1.7589e-08,-1.7926e-06,1.8106e-06,1.7043e-07,1.8332e-06,-1.7979e-06,-2.659e-08,7.8966e-08,8.7177e-07,8.7177e-07,8.7177e-07,6.7983e-09,-1.8538e-07,-3.634e-05,1.993e-06,1.1187e-06
-3.9215e-08,-4.7767e-08,-4.3927e-08,-1.8878e-09,-7.567e-08,2.6415e-08,-8.0481e-08,5.8826e-09,2.2408e-08,6.1503e-09,1,1.5863e-08,-9.7543e-10,-9.6329e-10,3.1633e-08,2.7551e-08,2.0892e-08,-2.1933e-09,1.6157e-07,-1.823e-07,-1.823e-07,-1.823e-07,1.9442e-11,1.0143e-08,-3.5807e-05,-1.5259e-07,-8.4854e-08,-1.4156e-07,-8.5137e-08,-1.1517e-07,-1.1109e-07,-2.1893e-08,-9.2307e-08,-1.014e-07,1.1558e-08,-1.1417e-07,1.8191e-08,-5.0573e-08,3.9834e-09,4.0422e-07,-4.0934e-07,-3.828e-08,-4.1442e-07,4.0543e-07,5.6643e-09,-1.7691e-08,-1.9672e-07,-1.9672e-07,-1.9672e-07,-1.532e-09,4.2266e-08,9.2484e-06,-4.5192e-07,-2.5419e-07
4.9499e-07,6.0536e-07,5.6544e-07,1.4646e-08,9.6944e-07,-3.3652e-07,1.0271e-06,-7.949e-08,-2.8951e-07,-7.0868e-08,1.5863e-08,1,3.7235e-09,2.7013e-08,-3.5328e-07,-2.988e-07,-2.5993e-07,1.931e-08,-1.9925e-06,2.274e-06,2.274e-06,2.274e-06,-2.5301e-10,-1.3103e-07,0.0003963,1.8231e-06,1.1562e-06,1.7684e-06,1.0791e-06,1.4292e-06,1.3741e-06,3.0822e-07,1.1478e-06,1.293e-06,-1.5077e-07,1.4144e-06,-2.2229e-07,6.4094e-07,-5.0395e-08,-5.007e-06,5.1356e-06,4.6493e-07,5.1976e-06,-5.0234e-06,-4.9857e-08,2.1212e-07,2.4456e-06,2.4456e-06,2.4456e-06,1.8915e-08,-5.5201e-07,-0.00017913,5.7516e-06,3.2664e-06
2.7702e-08,3.708e-08,4.6085e-08,-1.1259e-08,7.3079e-08,-2.2916e-08,7.2293e-08,-1.1339e-08,-2.4983e-08,4.931e-09,-9.7543e-10,3.7235e-09,1,2.1053e-08,4.0746e-08,4.7674e-08,-9.572e-09,-9.936e-09,-4.9845e-08,9.1764e-08,9.1764e-08,9.1764e-08,-2.4166e-11,-1.1274e-08,-5.1052e-05,-3.3386e-08,1.7677e-07,7.4773e-08,6.6342e-08,4.7792e-08,4.0002e-08,5.9176e-08,4.1441e-08,8.9551e-08,-1.4856e-08,4.3961e-08,-2.8084e-09,3.9274e-08,-2.9719e-09,-1.5501e-07,2.464e-07,2.0071e-09,2.4708e-07,-1.574e-07,2.5679e-08,-2.8512e-09,8.7613e-08,8.7613e-08,8.7613e-08,5.041e-10,-5.5258e-08,-9.2106e-05,3.842e-07,2.5905e-07
-1.4396e-07,-1.8233e-07,-1.9274e-07,1.9405e-08,-3.1882e-07,1.0587e-07,-3.2773e-07,3.6617e-08,1.014e-07,3.18e-09,-9.6329e-10,2.7013e-08,2.1053e-08,1,-1.5816e-08,-3.9258e-08,6.5848e-08,1.5967e-08,4.5867e-07,-5.918e-07,-5.918e-07,-5.918e-07,9.3185e-11,4.5828e-08,2.8213e-05,-2.6492e-07,-5.5581e-07,-4.669e-07,-3.255e-07,-3.5259e-07,-3.2734e-07,-1.7178e-07,-2.8915e-07,-4.0971e-07,5.6422e-08,-3.4239e-07,4.5779e-08,-1.9307e-07,1.4953e-08,1.2109e-06,-1.4132e-06,-8.8172e-08,-1.4258e-06,1.2185e-06,-4.1274e-08,-3.2847e-08,-6.1476e-07,-6.1476e-07,-6.1476e-07,-4.4148e-09,2.0827e-07,0.0002129,-1.7948e-06,-1.0993e-06
8.0869e-07,9.7918e-07,8.7948e-07,6.0984e-08,1.5261e-06,-5.3727e-07,1.6326e-06,-1.0873e-07,-4.4605e-07,-1.4308e-07,3.1633e-08,-3.5328e-07,4.0746e-08,-1.5816e-08,1,-6.8573e-07,-4.3992e-07,6.5345e-08,-3.4444e-06,3.8241e-06,3.8241e-06,3.8241e-06,-3.8266e-10,-2.0198e-07,0.00087211,3.3939e-06,1.5452e-06,2.9633e-06,1.7448e-06,2.4338e-06,2.3582e-06,3.7492e-07,1.9451e-06,2.0597e-06,-2.2663e-07,2.4187e-06,-3.9272e-07,1.0367e-06,-8.1868e-08,-8.5644e-06,8.5161e-06,8.3325e-07,8.6259e-06,-8.5866e-06,-1.6879e-07,3.9171e-07,4.1467e-06,4.1467e-06,4.1467e-06,3.2604e-08,-8.271e-07,-4.0843e-05,9.2055e-06,5.1026e-06
6.391e-07,7.6946e-07,6.7528e-07,6.4736e-08,1.1803e-06,-4.1901e-07,1.27e-06,-7.6493e-08,-3.4049e-07,-1.2525e-07,2.7551e-08,-2.988e-07,4.7674e-08,-3.9258e-08,-6.8573e-07,1,-3.5448e-07,6.6728e-08,-2.8066e-06,3.0708e-06,3.0708e-06,3.0708e-06,-2.8871e-10,-1.5423e-07,0.00078951,2.8676e-06,1.0677e-06,2.375e-06,1.3708e-06,1.9675e-06,1.9142e-06,2.3889e-07,1.5685e-06,1.6042e-06,-1.7032e-07,1.9597e-06,-3.2356e-07,8.1463e-07,-6.4493e-08,-6.9398e-06,6.7864e-06,6.9139e-07,6.877e-06,-6.9554e-06,-1.7238e-07,3.2973e-07,3.3446e-06,3.3446e-06,3.3446e-06,2.6526e-08,-6.2029e-07,8.0119e-05,7.1898e-06,3.9282e-06
7.2939e-07,8.9629e-07,8.5244e-07,5.4828e-09,1.4536e-06,-5.0132e-07,1.5332e-06,-1.2632e-07,-4.3831e-07,-9.257e-08,2.0892e-08,-2.5993e-07,-9.572e-09,6.5848e-08,-4.3992e-07,-3.5448e-07,1,1.3772e-08,-2.8539e-06,3.3036e-06,3.3036e-06,3.3036e-06,-3.8616e-10,-1.9833e-07,0.00048637,2.5059e-06,1.8531e-06,2.5736e-06,1.5981e-06,2.0631e-06,1.9756e-06,5.1005e-07,1.6609e-06,1.9282e-06,-2.3072e-07,2.0372e-06,-3.1472e-07,9.4899e-07,-7.4462e-08,-7.2112e-06,7.5129e-06,6.5309e-07,7.6005e-06,-7.2373e-06,-3.5523e-08,2.9294e-07,3.5381e-06,3.5381e-06,3.5381e-06,2.7134e-08,-8.4588e-07,-0.00037335,8.5583e-06,4.9149e-06
-1.8008e-08,-1.9248e-08,-8.0461e-09,-1.101e-08,-1.8942e-08,8.7022e-09,-2.4522e-08,-3.0847e-09,2.9167e-09,1.0296e-08,-2.1933e-09,1.931e-08,-9.936e-09,1.5967e-08,6.5345e-08,6.6728e-08,1.3772e-08,1,1.2598e-07,-1.1353e-07,-1.1353e-07,-1.1353e-07,5.2594e-13,1.3486e-09,-7.7939e-05,-1.8379e-07,5.5139e-08,-8.5324e-08,-3.4102e-08,-7.9923e-08,-8.1999e-08,2.5154e-08,-6.1531e-08,-3.2131e-08,-8.1568e-11,-8.1984e-08,1.6442e-08,-2.0366e-08,1.702e-09,2.9077e-07,-2.2242e-07,-3.7743e-08,-2.2709e-07,2.9009e-07,2.6508e-08,-2.0487e-08,-1.317e-07,-1.317e-07,-1.317e-07,-1.1691e-09,-1.0504e-09,-6.468e-05,-1.552e-07,-5.2706e-08
5.5112e-06,6.766e-06,6.4123e-06,6.5461e-08,1.0946e-05,-3.7799e-06,1.1556e-05,-9.4073e-07,-3.2944e-06,-7.1716e-07,1.6157e-07,-1.9925e-06,-4.9845e-08,4.5867e-07,-3.4444e-06,-2.8066e-06,-2.8539e-06,1.2598e-07,0.99998,2.5032e-05,2.5032e-05,2.5032e-05,-2.8979e-09,-1.4907e-06,0.0038207,1.9204e-05,1.3779e-05,1.9494e-05,1.2063e-05,1.5653e-05,1.5001e-05,3.7705e-06,1.2595e-05,1.4535e-05,-1.7305e-06,1.5463e-05,-2.3972e-06,7.1638e-06,-5.6233e-07,-5.4737e-05,5.6849e-05,4.9825e-06,5.7517e-05,-5.4931e-05,-3.2506e-07,2.2428e-06,2.6832e-05,2.6832e-05,2.6832e-05,2.0613e-07,-6.343e-06,-0.0026577,6.4542e-05,3.6985e-05
-6.4084e-06,-7.877e-06,-7.4994e-06,-3.9979e-08,-1.2784e-05,4.4074e-06,-1.3481e-05,1.1145e-06,3.857e-06,8.0729e-07,-1.823e-07,2.274e-06,9.1764e-08,-5.918e-07,3.8241e-06,3.0708e-06,3.3036e-06,-1.1353e-07,2.5032e-05,0.99997,-2.9001e-05,-2.9001e-05,3.3996e-09,1.7452e-06,-0.0042236,-2.1925e-05,-1.6358e-05,-2.2595e-05,-1.4045e-05,-1.8105e-05,-1.7333e-05,-4.5097e-06,-1.4578e-05,-1.6953e-05,2.0315e-06,-1.7875e-05,2.7586e-06,-8.3402e-06,6.5433e-07,6.3273e-05,-6.5981e-05,-5.7218e-06,-6.6749e-05,6.3503e-05,2.928e-07,-2.5638e-06,-3.1053e-05,-3.1053e-05,-3.1053e-05,-2.3802e-07,7.4485e-06,0.003336,-7.5236e-05,-4.3234e-05
-6.4084e-06,-7.877e-06,-7.4994e-06,-3.9979e-08,-1.2784e-05,4.4074e-06,-1.3481e-05,1.1145e-06,3.857e-06,8.0729e-07,-1.823e-07,2.274e-06,9.1764e-08,-5.918e-07,3.8241e-06,3.0708e-06,3.3036e-06,-1.1353e-07,2.5032e-05,-2.9001e-05,0.99997,-2.9001e-05,3.3996e-09,1.7452e-06,-0.0042236,-2.1925e-05,-1.6358e-05,-2.2595e-05,-1.4045e-05,-1.8105e-05,-1.7333e-05,-4.5097e-06,-1.4578e-05,-1.6953e-05,2.0315e-06,-1.7875e-05,2.7586e-06,-8.3402e-06,6.5433e-07,6.3273e-05,-6.5981e-05,-5.7218e-06,-6.6749e-05,6.3503e-05,2.928e-07,-2.5638e-06,-3.1053e-05,-3.1053e-05,-3.1053e-05,-2.3802e-07,7.4485e-06,0.003336,-7.5236e-05,-4.3234e-05
-6.4084e-06,-7.877e-06,-7.4994e-06,-3.9979e-08,-1.2784e-05,4.4074e-06,-1.3481e-05,1.1145e-06,3.857e-06,8.0729e-07,-1.823e-07,2.274e-06,9.1764e-08,-5.918e-07,3.8241e-06,3.0708e-06,3.3036e-06,-1.1353e-07,2.5032e-05,-2.9001e-05,-2.9001e-05,0.99997,3.3996e-09,1.7452e-06,-0.0042236,-2.1925e-05,-1.6358e-05,-2.2595e-05,-1.4045e-05,-1.8105e-05,-1.7333e-05,-4.5097e-06,-1.4578e-05,-1.6953e-05,2.0315e-06,-1.7875e-05,2.7586e-06,-8.3402e-06,6.5433e-07,6.3273e-05,-6.5981e-05,-5.7218e-06,-6.6749e-05,6.3503e-05,2.928e-07,-2.5638e-06,-3.1053e-05,-3.1053e-05,-3.1053e-05,-2.3802e-07,7.4485e-06,0.003336,-7.5236e-05,-4.3234e-05
7.6043e-10,9.3845e-10,9.0685e-10,-9.4496e-12,1.5391e-09,-5.2778e-10,1.6171e-09,-1.4034e-10,-4.6799e-10,-8.5339e-11,1.9442e-11,-2.5301e-10,-2.4166e-11,9.3185e-11,-3.8266e-10,-2.8871e-10,-3.8616e-10,5.2594e-13,-2.8979e-09,3.3996e-09,3.3996e-09,3.3996e-09,1,-2.1172e-10,4.1512e-07,2.4426e-09,2.0727e-09,2.6527e-09,1.6736e-09,2.1105e-09,2.0134e-09,5.844e-10,1.703e-09,2.0318e-09,-2.486e-10,2.0797e-09,-3.1602e-10,9.9365e-10,-7.7821e-11,-7.3609e-09,7.7812e-09,6.5074e-10,7.869e-09,-7.39e-09,-1.2913e-12,2.8693e-10,3.6269e-09,3.6269e-09,3.6269e-09,2.7592e-11,-9.1247e-10,-4.923e-07,9.0007e-09,5.2198e-09
3.8959e-07,4.8049e-07,4.632e-07,-3.6581e-09,7.8669e-07,-2.7e-07,8.2704e-07,-7.1227e-08,-2.3891e-07,-4.4593e-08,1.0143e-08,-1.3103e-07,-1.1274e-08,4.5828e-08,-2.0198e-07,-1.5423e-07,-1.9833e-07,1.3486e-09,-1.4907e-06,1.7452e-06,1.7452e-06,1.7452e-06,-2.1172e-10,1,0.00021985,1.2647e-06,1.0509e-06,1.3614e-06,8.5685e-07,1.0844e-06,1.0351e-06,2.953e-07,8.7475e-07,1.0393e-06,-1.2674e-07,1.069e-06,-1.6285e-07,5.0875e-07,-3.9855e-08,-3.7835e-06,3.9906e-06,3.3575e-07,4.0359e-06,-3.7983e-06,-3.4503e-09,1.4844e-07,1.863e-06,1.863e-06,1.863e-06,1.4191e-08,-4.651e-07,-0.00024418,4.6053e-06,2.6668e-06
-0.000889,-0.0010747,-0.00095883,-7.3733e-05,-0.0016672,0.00058837,-0.0017866,0.00011571,0.00048549,0.00016221,-3.5807e-05,0.0003963,-5.1052e-05,2.8213e-05,0.00087211,0.00078951,0.00048637,-7.7939e-05,0.0038207,-0.0042236,-0.0042236,-0.0042236,4.1512e-07,0.00021985,0.00070094,-0.003806,-0.0016366,-0.0032711,-0.0019148,-0.0026933,-0.0026128,-0.00038893,-0.002151,-0.0022547,0.00024558,-0.0026784,0.00043706,-0.0011378,8.9915e-05,0.0094843,-0.0093847,-0.00092931,-0.0095069,0.009508,0.00020133,-0.00043877,-0.0045858,-0.0045858,-0.0045858,-3.6149e-05,0.00089575,-0.0005743,-0.010085,-0.0055672
-4.7743e-06,-5.8395e-06,-5.457e-06,-1.3856e-07,-9.3547e-06,3.2467e-06,-9.9101e-06,7.6824e-07,2.7944e-06,6.8155e-07,-1.5259e-07,1.8231e-06,-3.3386e-08,-2.6492e-07,3.3939e-06,2.8676e-06,2.5059e-06,-1.8379e-07,1.9204e-05,-2.1925e-05,-2.1925e-05,-2.1925e-05,2.4426e-09,1.2647e-06,-0.003806,0.99998,-1.1177e-05,-1.7051e-05,-1.041e-05,-1.3778e-05,-1.3245e-05,-2.9822e-06,-1.1066e-05,-1.2475e-05,1.4556e-06,-1.3634e-05,2.1419e-06,-6.1828e-06,4.8611e-07,4.8266e-05,-4.9525e-05,-4.479e-06,-5.0122e-05,4.8424e-05,4.7451e-07,-2.0426e-06,-2.3578e-05,-2.3578e-05,-2.3578e-05,-1.8232e-07,5.3297e-06,0.0017461,-5.5489e-05,-3.1523e-05
-3.7005e-06,-4.5836e-06,-4.4887e-06,1.0925e-07,-7.5884e-06,2.5898e-06,-7.9469e-06,7.1905e-07,2.3234e-06,3.6869e-07,-8.4854e-08,1.1562e-06,1.7677e-07,-5.5581e-07,1.5452e-06,1.0677e-06,1.8531e-06,5.5139e-08,1.3779e-05,-1.6358e-05,-1.6358e-05,-1.6358e-05,2.0727e-09,1.0509e-06,-0.0016366,-1.1177e-05,0.99999,-1.2782e-05,-8.1754e-06,-1.0102e-05,-9.6046e-06,-3.0635e-06,-8.1681e-06,-9.9776e-06,1.2434e-06,-9.9365e-06,1.4874e-06,-4.8533e-06,3.795e-07,3.5165e-05,-3.7651e-05,-3.041e-06,-3.8064e-05,3.5314e-05,-1.4282e-07,-1.3192e-06,-1.7392e-05,-1.7392e-05,-1.7392e-05,-1.3137e-07,4.568e-06,0.0028256,-4.4127e-05,-2.5801e-05
-4.9951e-06,-6.1407e-06,-5.8496e-06,-2.7691e-08,-9.9702e-06,3.4366e-06,-1.0512e-05,8.7068e-07,3.0089e-06,6.2669e-07,-1.4156e-07,1.7684e-06,7.4773e-08,-4.669e-07,2.9633e-06,2.375e-06,2.5736e-06,-8.5324e-08,1.9494e-05,-2.2595e-05,-2.2595e-05,-2.2595e-05,2.6527e-09,1.3614e-06,-0.0032711,-1.7051e-05,-1.2782e-05,0.99998,-1.0949e-05,-1.4103e-05,-1.35e-05,-3.5272e-06,-1.1356e-05,-1.3219e-05,1.5853e-06,-1.3923e-05,2.1475e-06,-6.5018e-06,5.1007e-07,4.9283e-05,-5.1418e-05,-4.453e-06,-5.2016e-05,4.9463e-05,2.2004e-07,-1.9942e-06,-2.419e-05,-2.419e-05,-2.419e-05,-1.8537e-07,5.8128e-06,0.0026238,-5.8661e-05,-3.3721e-05
-3.1186e-06,-3.8394e-06,-3.6772e-06,3.7279e-09,-6.2575e-06,2.1527e-06,-6.5889e-06,5.5558e-07,1.8938e-06,3.7578e-07,-8.5137e-08,1.0791e-06,6.6342e-08,-3.255e-07,1.7448e-06,1.3708e-06,1.5981e-06,-3.4102e-08,1.2063e-05,-1.4045e-05,-1.4045e-05,-1.4045e-05,1.6736e-09,8.5685e-07,-0.0019148,-1.041e-05,-8.1754e-06,-1.0949e-05,0.99999,-8.7488e-06,-8.3641e-06,-2.2751e-06,-7.0504e-06,-8.2829e-06,1.0009e-06,-8.6313e-06,1.324e-06,-4.0652e-06,3.1871e-07,3.0551e-05,-3.203e-05,-2.7384e-06,-3.2399e-05,3.0666e-05,8.7848e-08,-1.2194e-06,-1.5017e-05,-1.5017e-05,-1.5017e-05,-1.1477e-07,3.6715e-06,0.001781,-3.6732e-05,-2.1186e-05
-3.9941e-06,-4.9068e-06,-4.6621e-06,-3.4967e-08,-7.9523e-06,2.7436e-06,-8.39e-06,6.8889e-07,2.3966e-06,5.1056e-07,-1.1517e-07,1.4292e-06,4.7792e-08,-3.5259e-07,2.4338e-06,1.9675e-06,2.0631e-06,-7.9923e-08,1.5653e-05,-1.8105e-05,-1.8105e-05,-1.8105e-05,2.1105e-09,1.0844e-06,-0.0026933,-1.3778e-05,-1.0102e-05,-1.4103e-05,-8.7488e-06,0.99999,-1.0834e-05,-2.7759e-06,-9.1047e-06,-1.0552e-05,1.2608e-06,-1.117e-05,1.7274e-06,-5.1953e-06,4.0769e-07,3.954e-05,-4.1158e-05,-3.5862e-06,-4.1639e-05,3.9682e-05,2.0618e-07,-1.6102e-06,-1.9395e-05,-1.9395e-05,-1.9395e-05,-1.4881e-07,4.6221e-06,0.0020109,-4.684e-05,-2.6883e-05
-3.8199e-06,-4.6911e-06,-4.4514e-06,-3.9541e-08,-7.5959e-06,2.6218e-06,-8.0165e-06,6.5536e-07,2.2876e-06,4.9278e-07,-1.1109e-07,1.3741e-06,4.0002e-08,-3.2734e-07,2.3582e-06,1.9142e-06,1.9756e-06,-8.1999e-08,1.5001e-05,-1.7333e-05,-1.7333e-05,-1.7333e-05,2.0134e-09,1.0351e-06,-0.0026128,-1.3245e-05,-9.6046e-06,-1.35e-05,-8.3641e-06,-1.0834e-05,0.99999,-2.6336e-06,-8.7191e-06,-1.0083e-05,1.2026e-06,-1.0701e-05,1.6569e-06,-4.9669e-06,3.8983e-07,3.7878e-05,-3.9383e-05,-3.4419e-06,-3.9844e-05,3.8014e-05,2.1156e-07,-1.5474e-06,-1.8574e-05,-1.8574e-05,-1.8574e-05,-1.426e-07,4.4082e-06,0.0018817,-4.4765e-05,-2.5671e-05
-1.0274e-06,-1.2754e-06,-1.2591e-06,4.1125e-08,-2.1236e-06,7.2266e-07,-2.2196e-06,2.0579e-07,6.529e-07,9.4411e-08,-2.1893e-08,3.0822e-07,5.9176e-08,-1.7178e-07,3.7492e-07,2.3889e-07,5.1005e-07,2.5154e-08,3.7705e-06,-4.5097e-06,-4.5097e-06,-4.5097e-06,5.844e-10,2.953e-07,-0.00038893,-2.9822e-06,-3.0635e-06,-3.5272e-06,-2.2751e-06,-2.7759e-06,-2.6336e-06,1,-2.2474e-06,-2.7855e-06,3.5094e-07,-2.7273e-06,4.0436e-07,-1.3505e-06,1.055e-07,9.6512e-06,-1.0417e-05,-8.2283e-07,-1.0529e-05,9.6939e-06,-6.5093e-08,-3.5309e-07,-4.7845e-06,-4.7845e-06,-4.7845e-06,-3.5978e-08,1.29e-06,0.00085784,-1.2307e-05,-7.2313e-06
-3.218e-06,-3.9542e-06,-3.7599e-06,-2.5035e-08,-6.412e-06,2.2115e-06,-6.7636e-06,5.5682e-07,1.9332e-06,4.0904e-07,-9.2307e-08,1.1478e-06,4.1441e-08,-2.8915e-07,1.9451e-06,1.5685e-06,1.6609e-06,-6.1531e-08,1.2595e-05,-1.4578e-05,-1.4578e-05,-1.4578e-05,1.703e-09,8.7475e-07,-0.002151,-1.1066e-05,-8.1681e-06,-1.1356e-05,-7.0504e-06,-9.1047e-06,-8.7191e-06,-2.2474e-06,0.99999,-8.5059e-06,1.0175e-06,-8.9907e-06,1.3892e-06,-4.1867e-06,3.2851e-07,3.1825e-05,-3.315e-05,-2.8831e-06,-3.3536e-05,3.194e-05,1.5872e-07,-1.2935e-06,-1.5614e-05,-1.5614e-05,-1.5614e-05,-1.1975e-07,3.7303e-06,0.0016415,-3.7755e-05,-2.1679e-05
-3.7707e-06,-4.6449e-06,-4.4581e-06,1.4488e-08,-7.5815e-06,2.6062e-06,-7.979e-06,6.7745e-07,2.2971e-06,4.4701e-07,-1.014e-07,1.293e-06,8.9551e-08,-4.0971e-07,2.0597e-06,1.6042e-06,1.9282e-06,-3.2131e-08,1.4535e-05,-1.6953e-05,-1.6953e-05,-1.6953e-05,2.0318e-09,1.0393e-06,-0.0022547,-1.2475e-05,-9.9776e-06,-1.3219e-05,-8.2829e-06,-1.0552e-05,-1.0083e-05,-2.7855e-06,-8.5059e-06,0.99999,1.2155e-06,-1.0407e-05,1.5929e-06,-4.9181e-06,3.8549e-07,3.6836e-05,-3.8694e-05,-3.2912e-06,-3.9138e-05,3.6976e-05,8.2696e-08,-1.4622e-06,-1.8117e-05,-1.8117e-05,-1.8117e-05,-1.3831e-07,4.4594e-06,0.0022212,-4.4465e-05,-2.5679e-05
4.5469e-07,5.6125e-07,5.4276e-07,-6.0846e-09,9.2097e-07,-3.1573e-07,9.6746e-07,-8.4164e-08,-2.8015e-07,-5.0708e-08,1.1558e-08,-1.5077e-07,-1.4856e-08,5.6422e-08,-2.2663e-07,-1.7032e-07,-2.3072e-07,-8.1568e-11,-1.7305e-06,2.0315e-06,2.0315e-06,2.0315e-06,-2.486e-10,-1.2674e-07,0.00024558,1.4556e-06,1.2434e-06,1.5853e-06,1.0009e-06,1.2608e-06,1.2026e-06,3.5094e-07,1.0175e-06,1.2155e-06,1,1.2423e-06,-1.8862e-07,5.9427e-07,-4.6538e-08,-4.3969e-06,4.6512e-06,3.8824e-07,4.7036e-06,-4.4143e-06,2.5146e-10,1.7103e-07,2.1669e-06,2.1669e-06,2.1669e-06,1.6479e-08,-5.4648e-07,-0.00029732,5.3841e-06,3.1239e-06
-3.9413e-06,-4.841e-06,-4.5963e-06,-3.7924e-08,-7.8417e-06,2.7061e-06,-8.2748e-06,6.7782e-07,2.3624e-06,5.0632e-07,-1.1417e-07,1.4144e-06,4.3961e-08,-3.4239e-07,2.4187e-06,1.9597e-06,2.0372e-06,-8.1984e-08,1.5463e-05,-1.7875e-05,-1.7875e-05,-1.7875e-05,2.0797e-09,1.069e-06,-0.0026784,-1.3634e-05,-9.9365e-06,-1.3923e-05,-8.6313e-06,-1.117e-05,-1.0701e-05,-2.7273e-06,-8.9907e-06,-1.0407e-05,1.2423e-06,0.99999,1.7072e-06,-5.1256e-06,4.0225e-07,3.9052e-05,-4.0625e-05,-3.5455e-06,-4.11e-05,3.9192e-05,2.1151e-07,-1.593e-06,-1.9152e-05,-1.9152e-05,-1.9152e-05,-1.47e-07,4.554e-06,0.001961,-4.6202e-05,-2.6505e-05
6.0551e-07,7.4261e-07,7.011e-07,1.0044e-08,1.1982e-06,-4.1432e-07,1.2661e-06,-1.0173e-07,-3.5988e-07,-8.0894e-08,1.8191e-08,-2.2229e-07,-2.8084e-09,4.5779e-08,-3.9272e-07,-3.2356e-07,-3.1472e-07,1.6442e-08,-2.3972e-06,2.7586e-06,2.7586e-06,2.7586e-06,-3.1602e-10,-1.6285e-07,0.00043706,2.1419e-06,1.4874e-06,2.1475e-06,1.324e-06,1.7274e-06,1.6569e-06,4.0436e-07,1.3892e-06,1.5929e-06,-1.8862e-07,1.7072e-06,1,7.8627e-07,-6.1747e-08,-6.0434e-06,6.2556e-06,5.5309e-07,6.3296e-06,-6.0644e-06,-4.2436e-08,2.4988e-07,2.9596e-06,2.9596e-06,2.9596e-06,2.2778e-08,-6.9114e-07,-0.00027262,7.0764e-06,4.0455e-06
-1.8518e-06,-2.2798e-06,-2.1833e-06,2.0856e-09,-3.7154e-06,1.2782e-06,-3.9123e-06,3.2983e-07,1.1244e-06,2.2323e-07,-5.0573e-08,6.4094e-07,3.9274e-08,-1.9307e-07,1.0367e-06,8.1463e-07,9.4899e-07,-2.0366e-08,7.1638e-06,-8.3402e-06,-8.3402e-06,-8.3402e-06,9.9365e-10,5.0875e-07,-0.0011378,-6.1828e-06,-4.8533e-06,-6.5018e-06,-4.0652e-06,-5.1953e-06,-4.9669e-06,-1.3505e-06,-4.1867e-06,-4.9181e-06,5.9427e-07,-5.1256e-06,7.8627e-07,1,1.8925e-07,1.8142e-05,-1.902e-05,-1.6263e-06,-1.9239e-05,1.821e-05,5.2464e-08,-7.2422e-07,-8.9174e-06,-8.9174e-06,-8.9174e-06,-6.8153e-08,2.1798e-06,0.0010566,-2.1811e-05,-1.2579e-05
1.4521e-07,1.7874e-07,1.7107e-07,-4.8427e-11,2.9116e-07,-1.0019e-07,3.0664e-07,-2.5797e-08,-8.8088e-08,-1.7589e-08,3.9834e-09,-5.0395e-08,-2.9719e-09,1.4953e-08,-8.1868e-08,-6.4493e-08,-7.4462e-08,1.702e-09,-5.6233e-07,6.5433e-07,6.5433e-07,6.5433e-07,-7.7821e-11,-3.9855e-08,8.9915e-05,4.8611e-07,3.795e-07,5.1007e-07,3.1871e-07,4.0769e-07,3.8983e-07,1.055e-07,3.2851e-07,3.8549e-07,-4.6538e-08,4.0225e-07,-6.1747e-08,1.8925e-07,1,-1.4238e-06,1.4918e-06,1.2775e-07,1.509e-06,-1.4291e-06,-4.3853e-09,5.693e-08,6.9972e-07,6.9972e-07,6.9972e-07,5.3495e-09,-1.707e-07,-8.2074e-05,1.7097e-06,9.8565e-07
1.3951e-05,1.7135e-05,1.6268e-05,1.3487e-07,2.7755e-05,-9.5783e-06,2.9289e-05,-2.3988e-06,-8.3615e-06,-1.7926e-06,4.0422e-07,-5.007e-06,-1.5501e-07,1.2109e-06,-8.5644e-06,-6.9398e-06,-7.2112e-06,2.9077e-07,-5.4737e-05,6.3273e-05,6.3273e-05,6.3273e-05,-7.3609e-09,-3.7835e-06,0.0094843,4.8266e-05,3.5165e-05,4.9283e-05,3.0551e-05,3.954e-05,3.7878e-05,9.6512e-06,3.1825e-05,3.6836e-05,-4.3969e-06,3.9052e-05,-6.0434e-06,1.8142e-05,-1.4238e-06,0.99986,0.0001438,1.2551e-05,0.00014548,-0.00013873,-7.5015e-07,5.6395e-06,6.7794e-05,6.7794e-05,6.7794e-05,5.2035e-07,-1.6118e-05,-0.0069369,0.00016353,9.3814e-05
-1.4606e-05,-1.7963e-05,-1.714e-05,-5.129e-08,-2.9199e-05,1.0059e-05,-3.0775e-05,2.5628e-06,8.8196e-06,1.8106e-06,-4.0934e-07,5.1356e-06,2.464e-07,-1.4132e-06,8.5161e-06,6.7864e-06,7.5129e-06,-2.2242e-07,5.6849e-05,-6.5981e-05,-6.5981e-05,-6.5981e-05,7.7812e-09,3.9906e-06,-0.0093847,-4.9525e-05,-3.7651e-05,-5.1418e-05,-3.203e-05,-4.1158e-05,-3.9383e-05,-1.0417e-05,-3.315e-05,-3.8694e-05,4.6512e-06,-4.0625e-05,6.2556e-06,-1.902e-05,1.4918e-06,0.0001438,0.99985,-1.2962e-05,-0.00015199,0.00014433,5.7346e-07,-5.7948e-06,-7.0611e-05,-7.0611e-05,-7.0611e-05,-5.4066e-07,1.7057e-05,0.0078738,-0.00017168,-9.8788e-05
-1.2533e-06,-1.536e-06,-1.4463e-06,-2.4859e-08,-2.4737e-06,8.5619e-07,-2.6156e-06,2.0824e-07,7.4192e-07,1.7043e-07,-3.828e-08,4.6493e-07,2.0071e-09,-8.8172e-08,8.3325e-07,6.9139e-07,6.5309e-07,-3.7743e-08,4.9825e-06,-5.7218e-06,-5.7218e-06,-5.7218e-06,6.5074e-10,3.3575e-07,-0.00092931,-4.479e-06,-3.041e-06,-4.453e-06,-2.7384e-06,-3.5862e-06,-3.4419e-06,-8.2283e-07,-2.8831e-06,-3.2912e-06,3.8824e-07,-3.5455e-06,5.5309e-07,-1.6263e-06,1.2775e-07,1.2551e-05,-1.2962e-05,1,-1.3116e-05,1.2594e-05,9.7424e-08,-5.2217e-07,-6.1424e-06,-6.1424e-06,-6.1424e-06,-4.7332e-08,1.4223e-06,0.00053662,-1.4626e-05,-8.3477e-06
-1.4774e-05,-1.817e-05,-1.7335e-05,-5.419e-08,-2.9532e-05,1.0174e-05,-3.1127e-05,2.5911e-06,8.9197e-06,1.8332e-06,-4.1442e-07,5.1976e-06,2.4708e-07,-1.4258e-06,8.6259e-06,6.877e-06,7.6005e-06,-2.2709e-07,5.7517e-05,-6.6749e-05,-6.6749e-05,-6.6749e-05,7.869e-09,4.0359e-06,-0.0095069,-5.0122e-05,-3.8064e-05,-5.2016e-05,-3.2399e-05,-4.1639e-05,-3.9844e-05,-1.0529e-05,-3.3536e-05,-3.9138e-05,4.7036e-06,-4.11e-05,6.3296e-06,-1.9239e-05,1.509e-06,0.00014548,-0.00015199,-1.3116e-05,0.99985,0.00014601,5.8552e-07,-5.8644e-06,-7.1435e-05,-7.1435e-05,-7.1435e-05,-5.47e-07,1.7249e-05,0.007949,-0.00017365,-9.9913e-05
1.4003e-05,1.7199e-05,1.6331e-05,1.3344e-07,2.7862e-05,-9.6147e-06,2.94e-05,-2.4089e-06,-8.3941e-06,-1.7979e-06,4.0543e-07,-5.0234e-06,-1.574e-07,1.2185e-06,-8.5866e-06,-6.9554e-06,-7.2373e-06,2.9009e-07,-5.4931e-05,6.3503e-05,6.3503e-05,6.3503e-05,-7.39e-09,-3.7983e-06,0.009508,4.8424e-05,3.5314e-05,4.9463e-05,3.0666e-05,3.9682e-05,3.8014e-05,9.6939e-06,3.194e-05,3.6976e-05,-4.4143e-06,3.9192e-05,-6.0644e-06,1.821e-05,-1.4291e-06,-0.00013873,0.00014433,1.2594e-05,0.00014601,0.99986,-7.484e-07,5.6582e-06,6.8038e-05,6.8038e-05,6.8038e-05,5.222e-07,-1.6182e-05,-0.006976,0.00016415,9.4176e-05
4.641e-08,4.9583e-08,2.0643e-08,2.8452e-08,4.8694e-08,-2.24e-08,6.3102e-08,7.9938e-09,-7.4604e-09,-2.659e-08,5.6643e-09,-4.9857e-08,2.5679e-08,-4.1274e-08,-1.6879e-07,-1.7238e-07,-3.5523e-08,2.6508e-08,-3.2506e-07,2.928e-07,2.928e-07,2.928e-07,-1.2913e-12,-3.4503e-09,0.00020133,4.7451e-07,-1.4282e-07,2.2004e-07,8.7848e-08,2.0618e-07,2.1156e-07,-6.5093e-08,1.5872e-07,8.2696e-08,2.5146e-10,2.1151e-07,-4.2436e-08,5.2464e-08,-4.3853e-09,-7.5015e-07,5.7346e-07,9.7424e-08,5.8552e-07,-7.484e-07,1,5.2892e-08,3.3973e-07,3.3973e-07,3.3973e-07,3.0166e-09,2.8636e-09,0.00016721,3.9958e-07,1.3534e-07
-5.5899e-07,-6.8402e-07,-6.4028e-07,-1.5092e-08,-1.0971e-06,3.8053e-07,-1.1617e-06,9.0594e-08,3.28e-07,7.8966e-08,-1.7691e-08,2.1212e-07,-2.8512e-09,-3.2847e-08,3.9171e-07,3.2973e-07,2.9294e-07,-2.0487e-08,2.2428e-06,-2.5638e-06,-2.5638e-06,-2.5638e-06,2.8693e-10,1.4844e-07,-0.00043877,-2.0426e-06,-1.3192e-06,-1.9942e-06,-1.2194e-06,-1.6102e-06,-1.5474e-06,-3.5309e-07,-1.2935e-06,-1.4622e-06,1.7103e-07,-1.593e-06,2.4988e-07,-7.2422e-07,5.693e-08,5.6395e-06,-5.7948e-06,-5.2217e-07,-5.8644e-06,5.6582e-06,5.2892e-08,1,-2.756e-06,-2.756e-06,-2.756e-06,-2.1295e-08,6.2631e-07,0.00021213,-6.5028e-06,-3.698e-06
-6.8544e-06,-8.4222e-06,-8.0079e-06,-5.4026e-08,-1.3656e-05,4.7103e-06,-1.4406e-05,1.1856e-06,4.1172e-06,8.7177e-07,-1.9672e-07,2.4456e-06,8.7613e-08,-6.1476e-07,4.1467e-06,3.3446e-06,3.5381e-06,-1.317e-07,2.6832e-05,-3.1053e-05,-3.1053e-05,-3.1053e-05,3.6269e-09,1.863e-06,-0.0045858,-2.3578e-05,-1.7392e-05,-2.419e-05,-1.5017e-05,-1.9395e-05,-1.8574e-05,-4.7845e-06,-1.5614e-05,-1.8117e-05,2.1669e-06,-1.9152e-05,2.9596e-06,-8.9174e-06,6.9972e-07,6.7794e-05,-7.0611e-05,-6.1424e-06,-7.1435e-05,6.8038e-05,3.3973e-07,-2.756e-06,0.99997,-3.326e-05,-3.326e-05,-2.551e-07,7.9442e-06,0.0034916,-8.0414e-05,-4.6172e-05
-6.8544e-06,-8.4222e-06,-8.0079e-06,-5.4026e-08,-1.3656e-05,4.7103e-06,-1.4406e-05,1.1856e-06,4.1172e-06,8.7177e-07,-1.9672e-07,2.4456e-06,8.7613e-08,-6.1476e-07,4.1467e-06,3.3446e-06,3.5381e-06,-1.317e-07,2.6832e-05,-3.1053e-05,-3.1053e-05,-3.1053e-05,3.6269e-09,1.863e-06,-0.0045858,-2.3578e-05,-1.7392e-05,-2.419e-05,-1.5017e-05,-1.9395e-05,-1.8574e-05,-4.7845e-06,-1.5614e-05,-1.8117e-05,2.1669e-06,-1.9152e-05,2.9596e-06,-8.9174e-06,6.9972e-07,6.7794e-05,-7.0611e-05,-6.1424e-06,-7.1435e-05,6.8038e-05,3.3973e-07,-2.756e-06,-3.326e-05,0.99997,-3.326e-05,-2.551e-07,7.9442e-06,0.0034916,-8.0414e-05,-4.6172e-05
-6.8544e-06,-8.4222e-06,-8.0079e-06,-5.4026e-08,-1.3656e-05,4.7103e-06,-1.4406e-05,1.1856e-06,4.1172e-06,8.7177e-07,-1.9672e-07,2.4456e-06,8.7613e-08,-6.1476e-07,4.1467e-06,3.3446e-06,3.5381e-06,-1.317e-07,2.6832e-05,-3.1053e-05,-3.1053e-05,-3.1053e-05,3.6269e-09,1.863e-06,-0.0045858,-2.3578e-05,-1.7392e-05,-2.419e-05,-1.5017e-05,-1.9395e-05,-1.8574e-05,-4.7845e-06,-1.5614e-05,-1.8117e-05,2.1669e-06,-1.9152e-05,2.9596e-06,-8.9174e-06,6.9972e-07,6.7794e-05,-7.0611e-05,-6.1424e-06,-7.1435e-05,6.8038e-05,3.3973e-07,-2.756e-06,-3.326e-05,-3.326e-05,0.99997,-2.551e-07,7.9442e-06,0.0034916,-8.0414e-05,-4.6172e-05
-5.2425e-08,-6.4369e-08,-6.1034e-08,-5.9066e-10,-1.0417e-07,3.5966e-08,-1.0996e-07,8.9668e-09,3.1361e-08,6.7983e-09,-1.532e-09,1.8915e-08,5.041e-10,-4.4148e-09,3.2604e-08,2.6526e-08,2.7134e-08,-1.1691e-09,2.0613e-07,-2.3802e-07,-2.3802e-07,-2.3802e-07,2.7592e-11,1.4191e-08,-3.6149e-05,-1.8232e-07,-1.3137e-07,-1.8537e-07,-1.1477e-07,-1.4881e-07,-1.426e-07,-3.5978e-08,-1.1975e-07,-1.3831e-07,1.6479e-08,-1.47e-07,2.2778e-08,-6.8153e-08,5.3495e-09,5.2035e-07,-5.4066e-07,-4.7332e-08,-5.47e-07,5.222e-07,3.0166e-09,-2.1295e-08,-2.551e-07,-2.551e-07,-2.551e-07,1,6.0402e-08,2.5499e-05,-6.1411e-07,-3.5202e-07
1.6677e-06,2.0588e-06,1.9917e-06,-2.314e-08,3.3792e-06,-1.1583e-06,3.5494e-06,-3.0916e-07,-1.0281e-06,-1.8538e-07,4.2266e-08,-5.5201e-07,-5.5258e-08,2.0827e-07,-8.271e-07,-6.2029e-07,-8.4588e-07,-1.0504e-09,-6.343e-06,7.4485e-06,7.4485e-06,7.4485e-06,-9.1247e-10,-4.651e-07,0.00089575,5.3297e-06,4.568e-06,5.8128e-06,3.6715e-06,4.6221e-06,4.4082e-06,1.29e-06,3.7303e-06,4.4594e-06,-5.4648e-07,4.554e-06,-6.9114e-07,2.1798e-06,-1.707e-07,-1.6118e-05,1.7057e-05,1.4223e-06,1.7249e-05,-1.6182e-05,2.8636e-09,6.2631e-07,7.9442e-06,7.9442e-06,7.9442e-06,6.0402e-08,1,-0.0010961,1.9752e-05,1.1463e-05
0.00079322,0.00099787,0.0010315,-8.1375e-05,0.0017169,-0.00057471,0.0017745,-0.00018719,-0.00054016,-3.634e-05,9.2484e-06,-0.00017913,-9.2106e-05,0.0002129,-4.0843e-05,8.0119e-05,-0.00037335,-6.468e-05,-0.0026577,0.003336,0.003336,0.003336,-4.923e-07,-0.00024418,-0.0005743,0.0017461,0.0028256,0.0026238,0.001781,0.0020109,0.0018817,0.00085784,0.0016415,0.0022212,-0.00029732,0.001961,-0.00027262,0.0010566,-8.2074e-05,-0.0069369,0.0078738,0.00053662,0.007949,-0.006976,0.00016721,0.00021213,0.0034916,0.0034916,0.0034916,2.5499e-05,-0.0010961,0.00048301,0.0097577,0.0058962
-1.6725e-05,-2.0599e-05,-1.9758e-05,5.0353e-08,-3.3607e-05,1.1555e-05,-3.5374e-05,2.997e-06,1.0179e-05,1.993e-06,-4.5192e-07,5.7516e-06,3.842e-07,-1.7948e-06,9.2055e-06,7.1898e-06,8.5583e-06,-1.552e-07,6.4542e-05,-7.5236e-05,-7.5236e-05,-7.5236e-05,9.0007e-09,4.6053e-06,-0.010085,-5.5489e-05,-4.4127e-05,-5.8661e-05,-3.6732e-05,-4.684e-05,-4.4765e-05,-1.2307e-05,-3.7755e-05,-4.4465e-05,5.3841e-06,-4.6202e-05,7.0764e-06,-2.1811e-05,1.7097e-06,0.00016353,-0.00017168,-1.4626e-05,-0.00017365,0.00016415,3.9958e-07,-6.5028e-06,-8.0414e-05,-8.0414e-05,-8.0414e-05,-6.1411e-07,1.9752e-05,0.0097577,0.9998,-0.00011381
-9.6375e-06,-1.188e-05,-1.1433e-05,6.9282e-08,-1.9428e-05,6.6719e-06,-2.0433e-05,1.7499e-06,5.8945e-06,1.1187e-06,-2.5419e-07,3.2664e-06,2.5905e-07,-1.0993e-06,5.1026e-06,3.9282e-06,4.9149e-06,-5.2706e-08,3.6985e-05,-4.3234e-05,-4.3234e-05,-4.3234e-05,5.2198e-09,2.6668e-06,-0.0055672,-3.1523e-05,-2.5801e-05,-3.3721e-05,-2.1186e-05,-2.6883e-05,-2.5671e-05,-7.2313e-06,-2.1679e-05,-2.5679e-05,3.1239e-06,-2.6505e-05,4.0455e-06,-1.2579e-05,9.8565e-07,9.3814e-05,-9.8788e-05,-8.3477e-06,-9.9913e-05,9.4176e-05,1.3534e-07,-3.698e-06,-4.6172e-05,-4.6172e-05,-4.6172e-05,-3.5202e-07,1.1463e-05,0.0058962,-0.00011381,0.99993
45.381,45.381,45.381,45.381,45.381,45.381,45.381,45.381,45.381,45.381,45.381,45.381,45.381,45.381,45.381,45.381,45.381,45.381,45.381,45.381,45.381,45.381,45.381,45.381,45.381,45.381,45.381,45.381,45.381,45.381,45.381,45.381,45.381,45.381,45.381,45.381,45.381,45.381,45.381,45.381,45.381,45.381,45.381,45.381,45.381,45.381,45.381,45.381,45.381,45.381,45.381,45.381,45.381,45.381
