648.53,561.27,-254.82,483.66,246.34,163.73,254.03,197.97,447.48,38.101,658.41,560.06,600.9,168.61,480.92,510.64,459.42,288.37,-650.4,50.799,50.799,50.799,63.997,-15.099,53636,141.52,6.8626
287.53,92.067,-360.08,82.302,12.557,4.4188,152.66,48.827,29.565,0.23219,62.903,91.773,31.314,7.3695,3.3457,1.3365,15.812,28.585,-873.65,-36.188,-36.188,-36.188,0.0048604,-1019.2,-1.2346e+05,-223.58,-803.92
1705.8,1667.3,-134.1,1630.5,606.87,359.2,356.61,611.56,1667.2,131.28,987.09,993.45,999.6,509.47,993.54,999.47,997.99,928.75,-408.33,91.966,91.966,91.966,239.65,460.43,2.7552e+05,799.26,313.73
0.7834,-0.23691,0.018375,-0.19338,-0.069625,-0.0045206,-0.015227,-0.051353,-0.20476,-0.017508,-0.017852,0.054993,0.010835,0.053394,-0.0015763,0.028293,0.0097455,0.0024343,0.026628,0.013079,0.013079,0.013079,-0.026089,0.079401,-9.5017e-05,0.10207,-0.0035131
-0.23691,0.7302,0.0071355,-0.22368,-0.054003,-0.0068649,-0.0063327,-0.068835,-0.21666,-0.018328,-0.01143,0.021456,0.029737,0.023988,0.022129,0.03693,0.021803,0.011099,-0.0012046,0.022597,0.022597,0.022597,-0.046615,0.058316,-0.00047543,0.14771,-0.048486
0.018375,0.0071355,0.97889,-0.0048555,0.030237,0.0090923,0.015526,-0.023028,0.039563,0.0032767,0.0042703,-0.044753,-0.0082195,-0.043529,0.044094,0.022371,0.015324,-0.024724,-0.043547,0.0069402,0.0069402,0.0069402,-0.022348,-0.030142,-0.00025828,0.027823,-0.073554
-0.19338,-0.22368,-0.0048555,0.73065,0.039465,0.03346,-0.010084,-0.13165,-0.079146,0.0028339,0.029997,-0.02487,-0.046717,0.017466,0.11142,0.12715,0.020615,-0.027635,-0.037483,0.016366,0.016366,0.016366,-0.05038,0.086654,0.00025507,0.16428,0.099727
-0.069625,-0.054003,0.030237,0.039465,0.83286,-0.0073017,-0.011944,0.079829,-0.17279,-0.025818,-0.048683,0.1195,-0.036891,0.08583,-0.092107,-0.049984,-0.043253,-0.043866,0.086027,-0.012633,-0.012633,-0.012633,0.035929,0.081187,-0.00040351,-0.12148,-0.1456
-0.0045206,-0.0068649,0.0090923,0.03346,-0.0073017,0.95085,0.0037414,0.031416,-0.061179,-0.0039983,-0.029716,0.017033,0.093125,-0.00092802,-0.066296,-0.075932,0.0031577,0.065657,0.016183,0.010661,0.010661,0.010661,-0.0076229,-0.11647,6.6758e-05,0.041678,0.018844
-0.015227,-0.0063327,0.015526,-0.010084,-0.011944,0.0037414,0.98162,-0.0026316,0.0043736,-0.0022766,0.0014839,0.034473,0.011326,0.022259,-0.02836,-0.010561,0.016429,0.021202,0.032099,-0.0094605,-0.0094605,-0.0094605,0.021717,0.082489,0.00012541,-0.015062,0.070594
-0.051353,-0.068835,-0.023028,-0.13165,0.079829,0.031416,-0.0026316,0.81967,0.14292,0.0102,-0.090915,0.060036,-0.014687,-0.035876,0.057439,0.054715,0.15838,-0.13086,-0.041901,0.00071189,0.00071189,0.00071189,-0.050478,0.038055,-0.00052265,0.15782,0.046234
-0.20476,-0.21666,0.039563,-0.079146,-0.17279,-0.061179,0.0043736,0.14292,0.55129,-0.029136,0.042973,0.0058798,0.014829,0.11507,-0.059767,-0.029703,-0.19474,0.10683,0.063004,0.027573,0.027573,0.027573,-0.0046189,-0.10883,0.0002139,-0.022265,-0.089599
-0.017508,-0.018328,0.0032767,0.0028339,-0.025818,-0.0039983,-0.0022766,0.0102,-0.029136,0.99329,-0.0052754,0.011083,0.019022,-0.0020029,-0.019805,-0.018451,0.0096424,0.011451,0.0099495,-0.00042143,-0.00042143,-0.00042143,0.0042228,0.030005,-0.00012514,-0.0063998,-0.042807
-0.017852,-0.01143,0.0042703,0.029997,-0.048683,-0.029716,0.0014839,-0.090915,0.042973,-0.0052754,0.76133,0.23849,0.01712,0.042683,-0.11038,-0.089646,0.15004,-0.19494,0.050416,-0.0071716,-0.0071716,-0.0071716,-0.030264,-0.12741,9.0588e-05,0.07016,-0.049477
0.054993,0.021456,-0.044753,-0.02487,0.1195,0.017033,0.034473,0.060036,0.0058798,0.011083,0.23849,0.66304,0.030985,-0.14205,0.16877,0.092373,-0.11712,0.1967,-0.13887,0.030482,0.030482,0.030482,-0.024244,-0.015187,0.00027941,0.025032,-0.082613
0.010835,0.029737,-0.0082195,-0.046717,-0.036891,0.093125,0.011326,-0.014687,0.014829,0.019022,0.01712,0.030985,0.63947,0.13055,0.15579,0.2091,-0.16599,-0.2749,-0.0062918,-0.018674,-0.018674,-0.018674,0.0037383,-0.0015778,0.00048448,-0.16046,0.0086659
0.053394,0.023988,-0.043529,0.017466,0.08583,-0.00092802,0.022259,-0.035876,0.11507,-0.0020029,0.042683,-0.14205,0.13055,0.83135,0.044183,-0.02685,0.10727,0.088302,-0.095596,0.016043,0.016043,0.016043,-0.032343,0.03352,0.0003098,0.093638,-0.1741
-0.0015763,0.022129,0.044094,0.11142,-0.092107,-0.066296,-0.02836,0.057439,-0.059767,-0.019805,-0.11038,0.16877,0.15579,0.044183,0.79097,-0.18358,0.078758,0.071154,0.11328,-0.013905,-0.013905,-0.013905,0.044171,0.0087351,0.0003565,-0.02761,0.038407
0.028293,0.03693,0.022371,0.12715,-0.049984,-0.075932,-0.010561,0.054715,-0.029703,-0.018451,-0.089646,0.092373,0.2091,-0.02685,-0.18358,0.8054,0.099277,0.11139,0.063225,-0.0012154,-0.0012154,-0.0012154,0.021475,-0.043416,0.00039527,0.018387,-0.040547
0.0097455,0.021803,0.015324,0.020615,-0.043253,0.0031577,0.016429,0.15838,-0.19474,0.0096424,0.15004,-0.11712,-0.16599,0.10727,0.078758,0.099277,0.69864,0.042988,0.0046618,0.0092681,0.0092681,0.0092681,0.021848,-0.14592,0.00033581,-0.15514,0.068835
0.0024343,0.011099,-0.024724,-0.027635,-0.043866,0.065657,0.021202,-0.13086,0.10683,0.011451,-0.19494,0.1967,-0.2749,0.088302,0.071154,0.11139,0.042988,0.58052,-0.0035334,-0.017465,-0.017465,-0.017465,-0.043253,-0.088269,0.00045279,-0.03425,-0.12458
0.026628,-0.0012046,-0.043547,-0.037483,0.086027,0.016183,0.032099,-0.041901,0.063004,0.0099495,0.050416,-0.13887,-0.0062918,-0.095596,0.11328,0.063225,0.0046618,-0.0035334,0.89726,0.020317,0.020317,0.020317,-0.049519,-0.071735,-0.00052691,0.077565,-0.10458
0.013079,0.022597,0.0069402,0.016366,-0.012633,0.010661,-0.0094605,0.00071189,0.027573,-0.00042143,-0.0071716,0.030482,-0.018674,0.016043,-0.013905,-0.0012154,0.0092681,-0.017465,0.020317,0.98973,-0.010266,-0.010266,0.017713,0.056219,-0.00012118,-0.0364,0.021061
0.013079,0.022597,0.0069402,0.016366,-0.012633,0.010661,-0.0094605,0.00071189,0.027573,-0.00042143,-0.0071716,0.030482,-0.018674,0.016043,-0.013905,-0.0012154,0.0092681,-0.017465,0.020317,-0.010266,0.98973,-0.010266,0.017713,0.056219,-0.00012118,-0.0364,0.021061
0.013079,0.022597,0.0069402,0.016366,-0.012633,0.010661,-0.0094605,0.00071189,0.027573,-0.00042143,-0.0071716,0.030482,-0.018674,0.016043,-0.013905,-0.0012154,0.0092681,-0.017465,0.020317,-0.010266,-0.010266,0.98973,0.017713,0.056219,-0.00012118,-0.0364,0.021061
-0.026089,-0.046615,-0.022348,-0.05038,0.035929,-0.0076229,0.021717,-0.050478,-0.0046189,0.0042228,-0.030264,-0.024244,0.0037383,-0.032343,0.044171,0.021475,0.021848,-0.043253,-0.049519,0.017713,0.017713,0.017713,0.95071,-0.11709,-0.00010466,0.094707,-0.05627
0.079401,0.058316,-0.030142,0.086654,0.081187,-0.11647,0.082489,0.038055,-0.10883,0.030005,-0.12741,-0.015187,-0.0015778,0.03352,0.0087351,-0.043416,-0.14592,-0.088269,-0.071735,0.056219,0.056219,0.056219,-0.11709,0.20082,-0.00037383,0.15095,0.037947
-9.5017e-05,-0.00047543,-0.00025828,0.00025507,-0.00040351,6.6758e-05,0.00012541,-0.00052265,0.0002139,-0.00012514,9.0588e-05,0.00027941,0.00048448,0.0003098,0.0003565,0.00039527,0.00033581,0.00045279,-0.00052691,-0.00012118,-0.00012118,-0.00012118,-0.00010466,-0.00037383,3.2447e-06,-0.00092818,9.0451e-05
0.10207,0.14771,0.027823,0.16428,-0.12148,0.041678,-0.015062,0.15782,-0.022265,-0.0063998,0.07016,0.025032,-0.16046,0.093638,-0.02761,0.018387,-0.15514,-0.03425,0.077565,-0.0364,-0.0364,-0.0364,0.094707,0.15095,-0.00092818,0.69164,-0.054301
-0.0035131,-0.048486,-0.073554,0.099727,-0.1456,0.018844,0.070594,0.046234,-0.089599,-0.042807,-0.049477,-0.082613,0.0086659,-0.1741,0.038407,-0.040547,0.068835,-0.12458,-0.10458,0.021061,0.021061,0.021061,-0.05627,0.037947,9.0451e-05,-0.054301,0.16701
96.473,96.473,96.473,96.473,96.473,96.473,96.473,96.473,96.473,96.473,96.473,96.473,96.473,96.473,96.473,96.473,96.473,96.473,96.473,96.473,96.473,96.473,96.473,96.473,96.473,96.473,96.473
