242.99,0.48776,0.66835,0.55259,0.01355,0.43941,0.90403,1.0923,0.65293,0.072831
133.1,0.31618,0.53333,0.43141,0.011831,0.41485,0.85502,1.0399,0.62456,0.058524
346.55,0.84793,0.85098,0.65114,0.014807,0.46939,0.96456,1.1317,0.69006,0.087951
0.0010429,0.52762,-0.33655,-0.10707,0.10435,1.0285,1.5136,0.3068,-0.72171,1.1218
0.52762,524.83,-110.36,4.1425,-15.271,931.81,1385.8,957.02,25.123,10.758
-0.33655,-110.36,382.1,213.9,-12.141,-104.71,-384.95,771.99,876.7,-30.044
-0.10707,4.1425,213.9,479.96,17.822,210.56,-268.68,1097,886.5,-29.888
0.10435,-15.271,-12.141,17.822,9988.2,-117.68,25.528,19.623,137.33,99.989
1.0285,931.81,-104.71,210.56,-117.68,6731.7,3082.3,-1031.6,2237.1,179.24
1.5136,1385.8,-384.95,-268.68,25.528,3082.3,5218.5,1573,-1509.6,1051.4
0.3068,957.02,771.99,1097,19.623,-1031.6,1573,9050.2,81.773,-627.18
-0.72171,25.123,876.7,886.5,137.33,2237.1,-1509.6,81.773,7844.3,-806.59
1.1218,10.758,-30.044,-29.888,99.989,179.24,1051.4,-627.18,-806.59,8801.5
