648.11,73.671,752.45,796.46,0.36944,89.686,723.92,771.93,682.25,573.82,587.36,265.57,995.92
0,8.0972,309.8,376.82,0.0036676,14.369,548.96,616.95,479.73,32.414,162.84,60.85,948.61
1364.9,457.83,968.63,3816,4.4931,240.52,1040.8,1067.2,1030.8,1853.6,1244.5,573.75,999.94
3.1613e-06,6.3534e-06,-3.8722e-07,5.8223e-07,-3.8878e-06,-2.7244e-06,6.2755e-06,-4.8863e-06,-2.3774e-06,1.8477e-06,-1.7699e-06,2.0795e-06,-7.4437e-07
6.3534e-06,0.00054233,0.00014976,4.341e-06,3.511e-05,4.3654e-05,-9.2006e-05,5.2775e-05,1.0755e-05,8.5258e-06,1.5473e-05,-3.8186e-05,0.0020084
-3.8722e-07,0.00014976,9.592e-05,4.4505e-07,-0.0002321,3.133e-05,-0.00010151,6.3761e-05,3.199e-05,-3.5669e-06,7.0022e-06,4.227e-06,0.00043066
5.8223e-07,4.341e-06,4.4505e-07,3.8164e-06,-1.072e-05,-1.0823e-07,-8.3991e-06,5.1435e-06,5.1073e-06,1.5058e-06,-3.055e-06,1.8045e-06,4.4011e-06
-3.8878e-06,3.511e-05,-0.0002321,-1.072e-05,0.89678,-0.0061109,0.0041369,-0.0051952,0.00090987,0.00040651,-0.00032531,0.00027519,0.01124
-2.7244e-06,4.3654e-05,3.133e-05,-1.0823e-07,-0.0061109,0.33389,0.00029219,-0.3332,0.33292,-4.116e-05,-8.4814e-06,-2.9543e-05,0.0031628
6.2755e-06,-9.2006e-05,-0.00010151,-8.3991e-06,0.0041369,0.00029219,0.0064433,-0.003095,-0.0033851,-0.00012811,0.00013839,0.00011694,0.0026974
-4.8863e-06,5.2775e-05,6.3761e-05,5.1435e-06,-0.0051952,-0.3332,-0.003095,0.33499,-0.33182,4.5688e-05,-7.9062e-05,-6.2379e-05,0.0001651
-2.3774e-06,1.0755e-05,3.199e-05,5.1073e-06,0.00090987,0.33292,-0.0033851,-0.33182,0.33527,8.5931e-05,-6.9309e-05,-3.1919e-05,-0.0030013
1.8477e-06,8.5258e-06,-3.5669e-06,1.5058e-06,0.00040651,-4.116e-05,-0.00012811,4.5688e-05,8.5931e-05,8.6477e-05,-8.0946e-05,-0.00015339,-0.0004058
-1.7699e-06,1.5473e-05,7.0022e-06,-3.055e-06,-0.00032531,-8.4814e-06,0.00013839,-7.9062e-05,-6.9309e-05,-8.0946e-05,0.00010821,0.00010331,0.00030879
2.0795e-06,-3.8186e-05,4.227e-06,1.8045e-06,0.00027519,-2.9543e-05,0.00011694,-6.2379e-05,-3.1919e-05,-0.00015339,0.00010331,0.00048403,-0.00043147
-7.4437e-07,0.0020084,0.00043066,4.4011e-06,0.01124,0.0031628,0.0026974,0.0001651,-0.0030013,-0.0004058,0.00030879,-0.00043147,0.047237
98.154,98.154,98.154,98.154,98.154,98.154,98.154,98.154,98.154,98.154,98.154,98.154,98.154
