1.3944,1.3259,0.31616,-0.53496,1.0457,1.0457,1.0457,1.2106
0.55796,0.39814,-0.28231,-0.93384,0.072711,0.072711,0.072711,1.7933e-05
3.4162,3.4159,0.57795,-0.040766,1.5279,1.5279,1.5279,8.417
927.6,-850.67,36.143,-95.894,-21.64,-21.64,-21.64,-18.815
-850.67,793.79,-18.513,79.944,18.533,18.533,18.533,12.723
36.143,-18.513,168.37,-74.407,-21.376,-21.376,-21.376,-4.2699
-95.894,79.944,-74.407,52.086,11.561,11.561,11.561,4.5702
-21.64,18.533,-21.376,11.561,6670.6,-3329.4,-3329.4,0.7718
-21.64,18.533,-21.376,11.561,-3329.4,6670.6,-3329.4,0.7718
-21.64,18.533,-21.376,11.561,-3329.4,-3329.4,6670.6,0.7718
-18.815,12.723,-4.2699,4.5702,0.7718,0.7718,0.7718,2.1012
