155.12,0.53372,0.72696,0.63596,0.00024776,0.067161,1.0674,1.1028,1.0356,0.082767,0.21342,0.12602,0.95373
89.057,0.19075,0.38039,0.37053,0.0001053,0.044165,0.96402,1.0114,0.9287,0.019963,0.085939,0.047564,0.82161
278.33,0.92857,0.98823,0.8245,0.00046259,0.087848,1.1892,1.2325,1.1446,0.13837,0.27823,0.21214,0.99949
0.023591,3.3355,2.5912,4.1261,0.0076,1.1812,6.6405,7.0371,5.8549,0.63471,-2.5757,4.7944,4.6184
3.3355,508.55,341.84,609.11,3.6176,400.18,948.19,1118.5,718.17,189.82,-438.04,637.85,667.97
2.5912,341.84,362.89,488.72,1.0654,125.1,670.76,790.98,665.78,-79.673,-36.213,315.98,786.7
4.1261,609.11,488.72,944.02,7.0043,476,1047.8,1417.8,941.55,732.78,-222.05,185.71,1274
0.0076,3.6176,1.0654,7.0043,9999.9,-11.011,0.68213,-4.9839,6.0324,-3.0975,3.7758,-7.4854,16.355
1.1812,400.18,125.1,476,-11.011,8819.4,184.76,-428.61,752.41,-631.56,-248.51,-1241.5,1569.5
6.6405,948.19,670.76,1047.8,0.68213,184.76,8560.3,-1350.7,-1535.6,465.89,-808.49,1613,1215.8
7.0371,1118.5,790.98,1417.8,-4.9839,-428.61,-1350.7,8416.4,-1154.9,96.109,-1003.5,920.97,1970.1
5.8549,718.17,665.78,941.55,6.0324,752.41,-1535.6,-1154.9,8092.3,727.78,-755.46,2162.9,400.14
0.63471,189.82,-79.673,732.78,-3.0975,-631.56,465.89,96.109,727.78,8465.6,-2241.3,-2366.6,-403.76
-2.5757,-438.04,-36.213,-222.05,3.7758,-248.51,-808.49,-1003.5,-755.46,-2241.3,2790.6,-1885.9,1313.1
4.7944,637.85,315.98,185.71,-7.4854,-1241.5,1613,920.97,2162.9,-2366.6,-1885.9,5448,-1373.1
4.6184,667.97,786.7,1274,16.355,1569.5,1215.8,1970.1,400.14,-403.76,1313.1,-1373.1,3420.4
