0.6081,0.60408,-0.036927,-0.44196,0.33712,0.33712,0.33712,0.23901
0.24287,0.24287,-0.22601,-0.66707,0.23602,0.23602,0.23602,8.3929e-05
1.4769,1.4768,0.039746,-0.35637,0.38564,0.38564,0.38564,1.5602
4697.9,-4658.8,411.62,271.16,-39.419,-39.419,-39.419,-23.704
-4658.8,4705,-378.75,-252.37,47.7,47.7,47.7,-41.588
411.62,-378.75,1907,-1160.6,-217.84,-217.84,-217.84,-38.393
271.16,-252.37,-1160.6,1202.6,-38.155,-38.155,-38.155,-10.988
-39.419,47.7,-217.84,-38.155,6847.6,-3152.4,-3152.4,-3.2379
-39.419,47.7,-217.84,-38.155,-3152.4,6847.6,-3152.4,-3.2379
-39.419,47.7,-217.84,-38.155,-3152.4,-3152.4,6847.6,-3.2379
-23.704,-41.588,-38.393,-10.988,-3.2379,-3.2379,-3.2379,55.81
