142.4,0.39907,0.61176,0.014948,0.41165,0.58067,0.77178,0.36012,0.19423
19.688,0.16883,0.45098,0.0077195,0.36348,0.44122,0.66353,0.28847,0.13277
265.23,0.56915,0.76863,0.018608,0.479,0.65097,0.87012,0.47817,0.25984
0.00085376,-0.18277,-0.44938,-0.0020798,-0.22861,0.27756,-0.36587,-0.13726,-0.23661
-0.18277,69.888,108.08,0.13581,53.361,-50.215,78.638,25.276,51.92
-0.44938,108.08,560.19,10.806,287.29,123.75,234.05,-53.238,-110.67
-0.0020798,0.13581,10.806,998.21,-6.3278,-24.361,-8.082,-1.7544,-18.634
-0.22861,53.361,287.29,-6.3278,746.52,2.9481,-73.832,179.65,39.064
0.27756,-50.215,123.75,-24.361,2.9481,574.68,-221.03,-223.98,-205.9
-0.36587,78.638,234.05,-8.082,-73.832,-221.03,659.17,-267,119.59
-0.13726,25.276,-53.238,-1.7544,179.65,-223.98,-267,553.35,80.522
-0.23661,51.92,-110.67,-18.634,39.064,-205.9,119.59,80.522,630.46
