0,22.222,737.25,58.609,32.428,737.83,355.38,806.27,14.941,45.923,9.7861e-14,1.1713e-13,8.4588e-14,9.9501e-14
1125,212.77,901.96,234.05,155.29,1514.2,1266.8,1654.7,675,149.37,1.5759e-11,1.5505e-11,1.84e-11,1.9026e-11
0.0010134,0.0031551,-0.020362,-0.015541,0.0011994,-0.0018379,0.010306,-0.0069968,-0.0051549,-0.011985,-2.4862e-16,-1.2221e-16,-1.6369e-16,-8.4801e-17
0.0031551,0.3943,-0.050134,-0.1858,0.15723,-0.061933,0.12267,-0.10583,-0.043919,0.38012,-1.6925e-14,-1.578e-14,-1.8441e-14,-1.7568e-14
-0.020362,-0.050134,0.4581,0.35656,0.14475,0.027132,-0.17823,0.12022,0.093126,0.19955,2.6261e-14,2.7048e-14,3.2642e-14,3.5127e-14
-0.015541,-0.1858,0.35656,0.34696,0.13546,0.037258,-0.15368,0.11316,0.07582,-0.03969,-4.4512e-14,-4.4776e-14,-5.3454e-14,-5.599e-14
0.0011994,0.15723,0.14475,0.13546,0.83066,-0.066898,0.18643,-0.1329,-0.065986,-0.12221,8.4816e-15,8.0924e-15,9.4294e-15,9.2331e-15
-0.0018379,-0.061933,0.027132,0.037258,-0.066898,0.34733,-0.0397,-0.30324,0.34942,-0.024196,6.0541e-15,6.1531e-15,7.385e-15,7.9759e-15
0.010306,0.12267,-0.17823,-0.15368,0.18643,-0.0397,0.15307,-0.10839,-0.068726,-0.075526,-3.8702e-15,-4.1784e-15,-4.8605e-15,-5.2683e-15
-0.0069968,-0.10583,0.12022,0.11316,-0.1329,-0.30324,-0.10839,0.41138,-0.28537,0.025359,7.1162e-15,7.0944e-15,8.4009e-15,8.839e-15
-0.0051549,-0.043919,0.093126,0.07582,-0.065986,0.34942,-0.068726,-0.28537,0.36522,0.049551,1.0567e-15,9.3586e-16,1.0094e-15,8.5631e-16
-0.011985,0.38012,0.19955,-0.03969,-0.12221,-0.024196,-0.075526,0.025359,0.049551,0.69775,8.4909e-17,-8.6858e-16,-1.3706e-15,-2.7691e-15
-2.4862e-16,-1.6925e-14,2.6261e-14,-4.4512e-14,8.4816e-15,6.0541e-15,-3.8702e-15,7.1162e-15,1.0567e-15,8.4909e-17,1,-3.1495e-27,-3.7596e-27,-3.9297e-27
-1.2221e-16,-1.578e-14,2.7048e-14,-4.4776e-14,8.0924e-15,6.1531e-15,-4.1784e-15,7.0944e-15,9.3586e-16,-8.6858e-16,-3.1495e-27,1,-3.7779e-27,-3.9533e-27
-1.6369e-16,-1.8441e-14,3.2642e-14,-5.3454e-14,9.4294e-15,7.385e-15,-4.8605e-15,8.4009e-15,1.0094e-15,-1.3706e-15,-3.7596e-27,-3.7779e-27,1,-4.7226e-27
-8.4801e-17,-1.7568e-14,3.5127e-14,-5.599e-14,9.2331e-15,7.9759e-15,-5.2683e-15,8.839e-15,8.5631e-16,-2.7691e-15,-3.9297e-27,-3.9533e-27,-4.7226e-27,1
56.493,56.493,56.493,56.493,56.493,56.493,56.493,56.493,56.493,56.493,56.493,56.493,56.493,56.493
201.88,71.616,831.37,101.16,79.343,1072.8,896.64,1397.2,324.4,87.935,2.868e-12,2.806e-12,3.2511e-12,3.3032e-12
1,1,1,1,1,1,1,1,1,1,1,1,1,1
