0.87833,0.78761,-0.059205,-0.65042,0.36153,0.36153,0.36153,0.00093832
0.33717,0.15379,-0.34045,-0.85706,0.040716,0.040716,0.040716,1.7267e-05
1.5033,1.4824,0.36774,-0.14292,0.8268,0.8268,0.8268,0.0035231
485.92,-407.35,17.028,-20.202,-20.426,-20.426,-20.426,-0.83257
-407.35,365.14,-53.116,29.252,14.637,14.637,14.637,0.11211
17.028,-53.116,792.73,-212.47,-177.37,-177.37,-177.37,0.53774
-20.202,29.252,-212.47,74.33,44.866,44.866,44.866,3.9332
-20.426,14.637,-177.37,44.866,713.66,-286.34,-286.34,-1.2474
-20.426,14.637,-177.37,44.866,-286.34,713.66,-286.34,-1.2474
-20.426,14.637,-177.37,44.866,-286.34,-286.34,713.66,-1.2474
-0.83257,0.11211,0.53774,3.9332,-1.2474,-1.2474,-1.2474,999.98
