943.68,379.41,278.79,1154.8,0.19247,78.512,456.04,487.35,408.84,98.262,231.75,127.43,991.2
156.25,69.231,23.529,455.17,0.024517,31.127,368.47,399.52,310.86,12.394,103.16,30.099,955.32
1361.6,882.35,701.96,2601,0.61973,162.75,723.7,752.86,694.1,199.21,307.26,235.48,999.83
3.7042e-05,-2.6992e-05,-1.7239e-05,5.321e-06,0.00010507,5.9036e-05,6.8738e-05,7.1335e-06,-5.2436e-05,-1.2126e-05,-4.5176e-05,-2.8756e-05,0.00037119
-2.6992e-05,4.8259e-05,1.6164e-05,-2.8468e-06,0.00017017,-3.7506e-05,9.2834e-05,-6.6157e-05,-2.8485e-05,-4.1302e-05,8.5574e-05,3.7745e-05,-0.00016479
-1.7239e-05,1.6164e-05,7.2446e-05,-2.3553e-06,-0.00015894,-6.4203e-06,0.00031441,-0.0001627,-0.00015609,-0.00043137,0.00021022,0.00019557,-0.00015479
5.321e-06,-2.8468e-06,-2.3553e-06,7.7267e-06,1.4824e-05,1.5467e-05,-0.00013422,6.896e-05,5.3648e-05,-7.6519e-05,2.6694e-05,3.0326e-05,0.00010485
0.00010507,0.00017017,-0.00015894,1.4824e-05,0.99582,-0.002329,-0.0015099,-0.00028265,0.0020403,0.0026111,-0.00044586,-0.0019461,0.0044932
5.9036e-05,-3.7506e-05,-6.4203e-06,1.5467e-05,-0.002329,0.33467,0.001274,-0.33319,0.33213,-0.00089771,3.0894e-07,-0.00014498,0.0033176
6.8738e-05,9.2834e-05,0.00031441,-0.00013422,-0.0015099,0.001274,0.028561,-0.012899,-0.014183,-0.0053889,0.001676,0.0015255,0.0073231
7.1335e-06,-6.6157e-05,-0.0001627,6.896e-05,-0.00028265,-0.33319,-0.012899,0.33961,-0.32719,0.0023111,-0.00089777,-0.00099166,-0.0012507
-5.2436e-05,-2.8485e-05,-0.00015609,5.3648e-05,0.0020403,0.33213,-0.014183,-0.32719,0.34069,0.0032138,-0.0009008,-0.0008486,-0.004565
-1.2126e-05,-4.1302e-05,-0.00043137,-7.6519e-05,0.0026111,-0.00089771,-0.0053889,0.0023111,0.0032138,0.01438,-0.0046692,-0.0092091,-0.0015905
-4.5176e-05,8.5574e-05,0.00021022,2.6694e-05,-0.00044586,3.0894e-07,0.001676,-0.00089777,-0.0009008,-0.0046692,0.0023067,0.0028299,-0.001165
-2.8756e-05,3.7745e-05,0.00019557,3.0326e-05,-0.0019461,-0.00014498,0.0015255,-0.00099166,-0.0008486,-0.0092091,0.0028299,0.0070835,-0.0020904
0.00037119,-0.00016479,-0.00015479,0.00010485,0.0044932,0.0033176,0.0073231,-0.0012507,-0.004565,-0.0015905,-0.001165,-0.0020904,0.025203
86.475,86.475,86.475,86.475,86.475,86.475,86.475,86.475,86.475,86.475,86.475,86.475,86.475
