1330.4,1222.2,396.43,-551.32,1042.6,1042.6,1042.6,1103.3,-417.86
629.56,335.47,76.48,-885.83,520.38,520.38,520.38,0.027106,-2108.1
3564.9,3563.7,674.33,-18.917,1343.3,1343.3,1343.3,8660.7,451.48
0.001976,-0.0016862,-0.00066136,-0.00010448,4.1175e-05,4.1175e-05,4.1175e-05,-8.5851e-05,1.9175e-05
-0.0016862,0.0014537,0.00056137,9.7835e-05,-3.4651e-05,-3.4651e-05,-3.4651e-05,6.8624e-05,-1.722e-05
-0.00066136,0.00056137,0.00033968,1.6213e-05,-3.5841e-05,-3.5841e-05,-3.5841e-05,3.076e-05,-1.4727e-05
-0.00010448,9.7835e-05,1.6213e-05,2.8167e-05,1.3046e-07,1.3046e-07,1.3046e-07,2.4104e-06,-1.9157e-07
4.1175e-05,-3.4651e-05,-3.5841e-05,1.3046e-07,0.66667,-0.33333,-0.33333,-2.4837e-06,7.0508e-07
4.1175e-05,-3.4651e-05,-3.5841e-05,1.3046e-07,-0.33333,0.66667,-0.33333,-2.4837e-06,7.0508e-07
4.1175e-05,-3.4651e-05,-3.5841e-05,1.3046e-07,-0.33333,-0.33333,0.66667,-2.4837e-06,7.0508e-07
-8.5851e-05,6.8624e-05,3.076e-05,2.4104e-06,-2.4837e-06,-2.4837e-06,-2.4837e-06,5.7464e-06,9.4198e-07
1.9175e-05,-1.722e-05,-1.4727e-05,-1.9157e-07,7.0508e-07,7.0508e-07,7.0508e-07,9.4198e-07,7.9774e-06
77.225,77.225,77.225,77.225,77.225,77.225,77.225,77.225,77.225
