895.43,344.83,94.118,902.35,0.061197,39.239,368.47,399.52,310.86,30.693,1.216e-09,1.4838e-09,1.2934e-09,1.5656e-09
1361.6,875,372.55,1533.7,0.22521,88.664,507.21,538.78,472.64,115.64,1.5021e-08,7.7521e-09,1.2982e-08,6.8771e-09
0.67103,-0.40985,0.19536,0.082228,-0.00012807,-0.036743,0.030967,0.019936,0.056679,-0.043873,9.843e-12,4.2892e-12,8.3349e-12,3.6648e-12
-0.40985,0.44636,0.2428,-0.088036,-0.00016683,-0.056708,0.003484,-0.016233,0.040476,-0.085494,1.7302e-11,7.6726e-12,1.4643e-11,6.5407e-12
0.19536,0.2428,0.88398,-0.051442,7.5953e-05,0.02167,-0.01887,-0.012402,-0.034072,0.025631,-5.7762e-12,-2.5152e-12,-4.8913e-12,-2.1492e-12
0.082228,-0.088036,-0.051442,0.1363,-1.9757e-07,-0.039204,-0.16309,-0.18678,-0.14757,-0.12552,1.9843e-11,9.2366e-12,1.6769e-11,7.826e-12
-0.00012807,-0.00016683,7.5953e-05,-1.9757e-07,1,-1.6153e-05,6.1208e-06,8.1636e-07,1.6969e-05,-2.2294e-05,4.6839e-15,2.0636e-15,3.9649e-15,1.7606e-15
-0.036743,-0.056708,0.02167,-0.039204,-1.6153e-05,0.99312,-0.0054567,-0.0082064,-0.0013255,-0.012733,2.3793e-12,1.0707e-12,2.0129e-12,9.1103e-13
0.030967,0.003484,-0.01887,-0.16309,6.1208e-06,-0.0054567,0.96846,-0.035372,-0.029915,-0.021018,3.1828e-12,1.4956e-12,2.689e-12,1.2657e-12
0.019936,-0.016233,-0.012402,-0.18678,8.1636e-07,-0.0082064,-0.035372,0.95959,-0.032199,-0.02677,4.2123e-12,1.9628e-12,3.5598e-12,1.6628e-12
0.056679,0.040476,-0.034072,-0.14757,1.6969e-05,-0.0013255,-0.029915,-0.032199,0.96913,-0.014037,1.833e-12,8.9208e-13,1.5469e-12,7.5177e-13
-0.043873,-0.085494,0.025631,-0.12552,-2.2294e-05,-0.012733,-0.021018,-0.02677,-0.014037,0.97205,4.9231e-12,2.2408e-12,4.1634e-12,1.9039e-12
9.843e-12,1.7302e-11,-5.7762e-12,1.9843e-11,4.6839e-15,2.3793e-12,3.1828e-12,4.2123e-12,1.833e-12,4.9231e-12,1,-4.0102e-22,-7.4807e-22,-3.409e-22
4.2892e-12,7.6726e-12,-2.5152e-12,9.2366e-12,2.0636e-15,1.0707e-12,1.4956e-12,1.9628e-12,8.9208e-13,2.2408e-12,-4.0102e-22,1,-3.3917e-22,-1.5467e-22
8.3349e-12,1.4643e-11,-4.8913e-12,1.6769e-11,3.9649e-15,2.0129e-12,2.689e-12,3.5598e-12,1.5469e-12,4.1634e-12,-7.4807e-22,-3.3917e-22,1,-2.8832e-22
3.6648e-12,6.5407e-12,-2.1492e-12,7.826e-12,1.7606e-15,9.1103e-13,1.2657e-12,1.6628e-12,7.5177e-13,1.9039e-12,-3.409e-22,-1.5467e-22,-2.8832e-22,1
23.559,23.559,23.559,23.559,23.559,23.559,23.559,23.559,23.559,23.559,23.559,23.559,23.559,23.559
1067.5,543.45,269.28,1130.5,0.1166,64.682,424.64,450.68,386,80.27,5.9276e-09,3.6455e-09,5.2893e-09,3.3844e-09
1,1,1,1,1,1,1,1,1,1,1,1,1,1
