170.01,0.62694,0.75794,0.81248,0.00042117,0.095692,0.71239,0.7636,0.66791,0.62722,0.61041,0.28238,0.99568
0.65934,0.062241,0.31765,0.37682,5.8686e-06,0.016277,0.54896,0.61695,0.47973,0.040051,0.17637,0.06085,0.94861
341.82,0.98802,0.99216,3.816,0.0044931,0.24052,1.0217,1.03,1.0138,1.8536,1.2445,0.57375,0.99994
0.00011457,0.0031384,-0.0046847,-0.0004926,-0.0092611,0.019885,0.056238,-0.020675,-0.040572,0.0051496,-0.011267,-0.023731,0.02659
0.0031384,17.161,4.3408,0.072252,-3.4907,9.0347,49.067,-22.267,-31.307,-3.4074,1.7316,12.055,-16.199
-0.0046847,4.3408,37.764,0.7272,0.54353,-6.6087,14.277,-19.142,-12.536,-1.4813,7.3155,-13.678,-13.585
-0.0004926,0.072252,0.7272,3.0149,-0.081231,3.0131,1.5752,1.9462,-1.0681,0.35106,-2.7376,4.3014,-2.5084
-0.0092611,-3.4907,0.54353,-0.081231,9986,-76.883,16.612,-49.209,27.676,7.3889,-7.4458,0.52964,26.801
0.019885,9.0347,-6.6087,3.0131,-76.883,3641,241.35,-3288.2,3070.8,-17.321,-30.519,37.172,506.01
0.056238,49.067,14.277,1.5752,16.612,241.35,3247.1,-1511.2,-1752.5,-79.282,50.466,157.85,114.58
-0.020675,-22.267,-19.142,1.9462,-49.209,-3288.2,-1511.2,4152.6,-2559.1,30.146,-41.927,-44.833,199.7
-0.040572,-31.307,-12.536,-1.0681,27.676,3070.8,-1752.5,-2559.1,4370,47.454,-11.392,-81.983,-306.36
0.0051496,-3.4074,-1.4813,0.35106,7.3889,-17.321,-79.282,30.146,47.454,68.642,-66.131,-137.11,-78.575
-0.011267,1.7316,7.3155,-2.7376,-7.4458,-30.519,50.466,-41.927,-11.392,-66.131,99.091,83.042,54.931
-0.023731,12.055,-13.678,4.3014,0.52964,37.172,157.85,-44.833,-81.983,-137.11,83.042,454.03,-63.938
0.02659,-16.199,-13.585,-2.5084,26.801,506.01,114.58,199.7,-306.36,-78.575,54.931,-63.938,7601.4
