215.35,0.72034,0.7656,0.64492,0.00018788,0.058658,0.83818,0.86909,0.81043,0.1134,0.22745,0.14023,0.99238
36.17,0.096774,0.40784,0.27083,7.6838e-06,0.018396,0.56496,0.57933,0.55373,0.018225,0.11748,0.046931,0.91681
352.27,0.98246,0.99608,1.1763,0.0018085,0.22364,1.1987,1.2283,1.167,0.3522,0.4062,0.27715,0.99985
0.00010271,0.014788,0.0082128,-0.0037255,-0.00051671,-0.0097435,-0.0015673,-0.0028882,0.006848,-0.013793,0.056687,-0.055224,0.01937
0.014788,33.741,-1.9987,14.45,-0.27807,-19.523,1.3807,-8.3665,11.157,-12.844,5.1938,-9.4263,6.2236
0.0082128,-1.9987,52.683,-6.1216,0.44653,47.58,0.029841,19.665,-27.916,-29.957,39.448,-31.124,-24.141
-0.0037255,14.45,-6.1216,29.459,-0.03048,-1.507,-2.165,4.7418,6.2507,-22.83,17.682,-4.8244,4.4624
-0.00051671,-0.27807,0.44653,-0.03048,999.97,-3.0949,0.29404,-1.6238,1.4712,0.669,-0.12942,-0.25917,1.6026
-0.0097435,-19.523,47.58,-1.507,-3.0949,609.99,23.895,-210.21,179.81,-18.426,24.367,-114.15,137.1
-0.0015673,1.3807,0.029841,-2.165,0.29404,23.895,654.83,-310.93,-334.82,23.449,-8.8617,-7.7562,-12.232
-0.0028882,-8.3665,19.665,4.7418,-1.6238,-210.21,-310.93,555.2,-234.59,-11.999,14.68,-59.932,75.178
0.006848,11.157,-27.916,6.2507,1.4712,179.81,-334.82,-234.59,585.6,6.4268,-9.686,54.214,-61.917
-0.013793,-12.844,-29.957,-22.83,0.669,-18.426,23.449,-11.999,6.4268,499.42,-289.47,-252.07,-33.769
0.056687,5.1938,39.448,17.682,-0.12942,24.367,-8.8617,14.68,-9.686,-289.47,353.95,-33.218,-14.382
-0.055224,-9.4263,-31.124,-4.8244,-0.25917,-114.15,-7.7562,-59.932,54.214,-252.07,-33.218,618.88,1.8742
0.01937,6.2236,-24.141,4.4624,1.6026,137.1,-12.232,75.178,-61.917,-33.769,-14.382,1.8742,912.82
