184.49,0.6356,0.7708,0.084652,1.0892,0.20866,0.95249,0.4534,0.056466
4.2581,0.018779,0.24706,0.0078362,0.43561,0.019915,0.27554,0.075778,0.00065546
358.61,0.98312,0.99608,0.23716,1.7473,0.80101,1.844,0.89087,0.31251
0.00012734,-0.00084504,0.017099,-0.12788,0.01619,0.010314,0.00067759,0.017718,-0.0084656
-0.00084504,19.039,-2.596,-5.3154,3.4177,10.869,-1.2234,-3.6236,-4.3246
0.017099,-2.596,35.26,-19.904,4.2671,-2.3093,1.7786,-0.23828,8.3226
-0.12788,-5.3154,-19.904,1687.1,-255.1,6.5558,10.552,-19.74,138.91
0.01619,3.4177,4.2671,-255.1,63.691,21.39,-5.1494,-44.045,-46.18
0.010314,10.869,-2.3093,6.5558,21.39,280.99,-69.946,-87.527,-277.87
0.00067759,-1.2234,1.7786,10.552,-5.1494,-69.946,28.887,7.9874,69.727
0.017718,-3.6236,-0.23828,-19.74,-44.045,-87.527,7.9874,141.32,96.935
-0.0084656,-4.3246,8.3226,138.91,-46.18,-277.87,69.727,96.935,600.03
