1.3392,1.24,0.38555,-0.57072,1.0454,1.0454,1.0454,1.1033
0.62956,0.33547,0.07648,-0.93095,0.52038,0.52038,0.52038,2.7106e-05
3.5649,3.5637,0.67433,-0.018917,1.3433,1.3433,1.3433,8.6607
1452.8,-1256,-417.16,-105.31,19.008,19.008,19.008,-60.682
-1256,1103.6,343.63,102.31,-13.075,-13.075,-13.075,46.78
-417.16,343.63,272.46,-2.0198,-36.242,-36.242,-36.242,25.968
-105.31,102.31,-2.0198,30.787,4.1347,4.1347,4.1347,0.86759
19.008,-13.075,-36.242,4.1347,6674.8,-3325.2,-3325.2,-2.5433
19.008,-13.075,-36.242,4.1347,-3325.2,6674.8,-3325.2,-2.5433
19.008,-13.075,-36.242,4.1347,-3325.2,-3325.2,6674.8,-2.5433
-60.682,46.78,25.968,0.86759,-2.5433,-2.5433,-2.5433,4.6109
