181.55,0.70759,0.83578,0.60358,0.022068,0.53654,0.88392,1.1475,0.611,0.015521,0.29447,0.20875,0.023286
17.409,0.46392,0.71373,0.079435,0.006349,0.30644,0.49789,0.97086,0.036108,0.0068816,0.19901,0.15925,0.0035741
317.27,0.93991,0.94902,1.1338,0.065111,0.93475,1.1922,1.3321,1.0256,0.028812,0.51108,0.23803,0.03912
0.00093054,0.18271,0.27989,0.16073,0.059404,-0.10342,-0.20851,-0.1022,0.001216,0.078638,0.22541,-0.22951,0.055473
0.18271,128.95,-18.483,6.1438,28.207,-24.712,-32.072,-26.883,-2.1826,42.863,102.44,-87.765,76.274
0.27989,-18.483,281.59,57.957,-8.3329,-26.525,-133.69,-19.793,6.7314,-2.5664,-10.676,-46.009,-103.41
0.16073,6.1438,57.957,57.299,13.671,-22.178,-9.866,-16.749,5.429,-5.932,95.171,-33.497,-8.5822
0.059404,28.207,-8.3329,13.671,995.5,-34.545,0.73278,-9.0138,25.529,-1.3936,-22.974,-6.0314,3.3599
-0.10342,-24.712,-26.525,-22.178,-34.545,423.15,59.088,-290.39,286.45,11.239,-199.22,-11.293,1.9701
-0.20851,-32.072,-133.69,-9.866,0.73278,59.088,681.71,-234.27,-293.38,-6.7375,0.78766,-13.231,32.125
-0.1022,-26.883,-19.793,-16.749,-9.0138,-290.39,-234.27,509.12,-200.49,6.3816,-69.8,72.888,-12.783
0.001216,-2.1826,6.7314,5.429,25.529,286.45,-293.38,-200.49,513.07,-4.8586,129.4,84.166,-14.739
0.078638,42.863,-2.5664,-5.932,-1.3936,11.239,-6.7375,6.3816,-4.8586,997.16,-4.4306,-0.82089,0.13127
0.22541,102.44,-10.676,95.171,-22.974,-199.22,0.78766,-69.8,129.4,-4.4306,877.1,-30.458,26.871
-0.22951,-87.765,-46.009,-33.497,-6.0314,-11.293,-13.231,72.888,84.166,-0.82089,-30.458,921.19,48.602
0.055473,76.274,-103.41,-8.5822,3.3599,1.9701,32.125,-12.783,-14.739,0.13127,26.871,48.602,934.34
