686.78,689.44,828.85,1692.7,9.9856,366.63,670.71,837.01,470.38,35.524,226.4,135.61,287.51
132.47,324.87,482.35,902.84,2.2883,211.77,473.76,661.42,164.38,6.8773,156.73,55.596,107.78
1292.5,929.51,952.94,4458.9,33.14,644.38,866.28,962.53,674.16,65.241,382.9,212.57,395.15
3.1502e-05,-1.7709e-05,-4.5536e-05,3.6415e-06,0.00039533,-0.00011782,4.779e-05,-9.4333e-05,2.3916e-05,-0.00054861,0.0002904,0.00011845,2.0622e-05
-1.7709e-05,0.00011325,7.7195e-05,-3.1779e-06,-0.0028613,3.9877e-05,-0.00024462,0.00018302,0.00014244,-0.0011235,0.00042637,0.0002847,0.00018826
-4.5536e-05,7.7195e-05,0.0002301,-1.766e-06,-0.0016722,-3.722e-05,-0.00076048,0.00044563,0.00048458,-0.0016525,0.0005729,0.00051675,0.00021055
3.6415e-06,-3.1779e-06,-1.766e-06,3.6988e-06,0.00078881,-7.1289e-05,-3.2731e-05,-2.1001e-05,5.053e-05,-0.00039459,0.00011565,0.00010128,1.6815e-05
0.00039533,-0.0028613,-0.0016722,0.00078881,0.64585,-0.020365,0.015256,-0.018096,0.0021481,0.0040739,-0.031651,0.0096702,-0.0031068
-0.00011782,3.9877e-05,-3.722e-05,-7.1289e-05,-0.020365,0.33552,0.0011312,-0.33281,0.33166,0.011735,-0.0040691,-0.0031782,-0.00058812
4.779e-05,-0.00024462,-0.00076048,-3.2731e-05,0.015256,0.0011312,0.007468,-0.0036543,-0.0048072,0.015897,-0.0070226,-0.003912,-0.0014418
-9.4333e-05,0.00018302,0.00044563,-2.1001e-05,-0.018096,-0.33281,-0.0036543,0.33575,-0.33143,-0.0029501,0.0017402,0.00064771,0.0005643
2.3916e-05,0.00014244,0.00048458,5.053e-05,0.0021481,0.33166,-0.0048072,-0.33143,0.33692,-0.014754,0.0058552,0.0038379,0.0011574
-0.00054861,-0.0011235,-0.0016525,-0.00039459,0.0040739,0.011735,0.015897,-0.0029501,-0.014754,0.1257,-0.043476,-0.032682,-0.0070336
0.0002904,0.00042637,0.0005729,0.00011565,-0.031651,-0.0040691,-0.0070226,0.0017402,0.0058552,-0.043476,0.019318,0.010208,0.0028293
0.00011845,0.0002847,0.00051675,0.00010128,0.0096702,-0.0031782,-0.003912,0.00064771,0.0038379,-0.032682,0.010208,0.0097524,0.0015631
2.0622e-05,0.00018826,0.00021055,1.6815e-05,-0.0031068,-0.00058812,-0.0014418,0.0005643,0.0011574,-0.0070336,0.0028293,0.0015631,0.00085327
92.261,92.261,92.261,92.261,92.261,92.261,92.261,92.261,92.261,92.261,92.261,92.261,92.261
