0.5159,0.51436,0.033969,-0.36407,0.43274,0.43274,0.43274,0.040532
0.39053,0.38711,0.011322,-0.39602,0.41751,0.41751,0.41751,0.0043422
0.72377,0.72271,0.051559,-0.34443,0.44158,0.44158,0.44158,0.1126
535.73,-466.68,5.9169,-4.9303,-3.6792,-3.6792,-3.6792,-154.9
-466.68,529.98,18.017,10.871,3.7269,3.7269,3.7269,-151.45
5.9169,18.017,842.83,-205.93,-96.597,-96.597,-96.597,-53.412
-4.9303,10.871,-205.93,729.84,-126.76,-126.76,-126.76,-74.27
-3.6792,3.7269,-96.597,-126.76,940.52,-59.484,-59.484,-35.3
-3.6792,3.7269,-96.597,-126.76,-59.484,940.52,-59.484,-35.3
-3.6792,3.7269,-96.597,-126.76,-59.484,-59.484,940.52,-35.3
-154.9,-151.45,-53.412,-74.27,-35.3,-35.3,-35.3,928.79
