0,24.39,54.902,507.3,1.8632,161.44,170.68,393.47,17.833,3.6172,106.39,66.524,1.0373
1380.2,370.37,356.86,1089.8,15.213,460.14,998.52,1224,830.31,18.199,250.89,106.68,113
9.1371e-06,2.5149e-05,5.4033e-05,-3.4283e-06,-7.2721e-06,7.6981e-05,5.2194e-05,4.5074e-05,-3.2763e-05,-0.00041186,-2.2649e-05,0.00025957,1.5601e-05
2.5149e-05,0.00053486,0.00041183,-0.00028977,0.00108,0.00016555,0.0001594,0.00011723,-4.5393e-05,-5.3173e-06,7.4465e-05,0.00029039,0.00013657
5.4033e-05,0.00041183,0.0018351,9.082e-05,0.002761,0.00045085,0.00037429,0.0007355,0.00030931,-0.0011756,0.00018395,0.0029694,0.00066439
-3.4283e-06,-0.00028977,9.082e-05,0.00041234,-0.00022046,9.4854e-06,-2.8774e-05,4.3816e-05,3.7549e-05,-0.00036241,-7.1022e-05,0.00085284,-7.5046e-06
-7.2721e-06,0.00108,0.002761,-0.00022046,0.96902,0.0029235,-0.005121,0.0053033,0.0024081,-0.0053268,-0.098667,-0.010682,0.0047672
7.6981e-05,0.00016555,0.00045085,9.4854e-06,0.0029235,0.33642,0.0020596,-0.33243,0.33113,-0.0095188,-0.0059771,0.0016295,2.6547e-06
5.2194e-05,0.0001594,0.00037429,-2.8774e-05,-0.005121,0.0020596,0.0050303,-0.0010936,-0.0031434,-0.0015745,-0.0027534,0.001015,-0.00049954
4.5074e-05,0.00011723,0.0007355,4.3816e-05,0.0053033,-0.33243,-0.0010936,0.33481,-0.33277,-0.0079945,-0.00144,0.0026346,0.00082667
-3.2763e-05,-4.5393e-05,0.00030931,3.7549e-05,0.0024081,0.33113,-0.0031434,-0.33277,0.33611,0.0014782,0.004592,0.0010872,0.00084299
-0.00041186,-5.3173e-06,-0.0011756,-0.00036241,-0.0053268,-0.0095188,-0.0015745,-0.0079945,0.0014782,0.28217,0.0042592,-0.058438,-0.011435
-2.2649e-05,7.4465e-05,0.00018395,-7.1022e-05,-0.098667,-0.0059771,-0.0027534,-0.00144,0.004592,0.0042592,0.027463,0.0073025,0.00052257
0.00025957,0.00029039,0.0029694,0.00085284,-0.010682,0.0016295,0.001015,0.0026346,0.0010872,-0.058438,0.0073025,0.034048,0.0035951
1.5601e-05,0.00013657,0.00066439,-7.5046e-06,0.0047672,2.6547e-06,-0.00049954,0.00082667,0.00084299,-0.011435,0.00052257,0.0035951,0.0025351
72.24,72.24,72.24,72.24,72.24,72.24,72.24,72.24,72.24,72.24,72.24,72.24,72.24
359.93,61.967,308.68,605.17,12.216,414.91,910.31,1105.3,690.37,11.157,221.89,96.454,93.676
0.26923,0.26923,0.26923,0.26923,0.26923,0.26923,0.26923,0.26923,0.26923,0.26923,0.26923,0.26923,0.26923
986.8,200.96,150.86,683.7,12.364,400.23,886.9,1075.2,675.01,8.0625,223.4,94.73,47.111
0.65385,0.65385,0.65385,0.65385,0.65385,0.65385,0.65385,0.65385,0.65385,0.65385,0.65385,0.65385,0.65385
738,297.1,131.37,1073.2,6.3351,268.53,247.59,397.51,128.97,4.0234,159.12,76.432,41.209
0.076923,0.076923,0.076923,0.076923,0.076923,0.076923,0.076923,0.076923,0.076923,0.076923,0.076923,0.076923,0.076923
