159.28,0.73178,0.79608,0.097571,0.093979,1.0844,1.0017,1.4835,0.3991,0.022687,0.56065,0.1869,0.022904
60.476,0.62963,0.67451,0.054371,0.012743,0.48872,0.71969,1.3469,0.01338,0.0085024,0.2259,0.16175,0.015734
278.82,0.93363,0.88628,0.16135,0.1767,1.531,1.192,1.5443,0.85818,0.031907,0.84563,0.20938,0.036249
0.01532,1.5471,-7.0761,0.53443,0.2814,-3.0335,-7.2494,-5.4093,-2.3757,-0.34794,-1.1003,1.1803,0.093836
1.5471,2104.3,-459.59,-1343,-760.88,324.83,-2848.2,1312.7,987.9,39.757,-1114.9,-1139,-459.77
-7.0761,-459.59,9937.9,-105.96,-101.8,-375.3,-1.2218,16.838,392.13,-5.2175,-288.91,-65.03,-28.211
0.53443,-1343,-105.96,9749.7,-174.61,-254.52,-355.13,176.47,430.98,0.84396,-365.66,-192.74,-79.34
0.2814,-760.88,-101.8,-174.61,9833.2,-609.73,-6.8531,29.634,639.36,-8.416,-471.72,-107.7,-46.662
-3.0335,324.83,-375.3,-254.52,-609.73,5592.5,1951.6,-718.01,3689.4,-85.587,-2451.2,61.016,2.771
-7.2494,-2848.2,-1.2218,-355.13,-6.8531,1951.6,8206.7,750.75,-1200.9,49.39,640.32,-416.79,-159.11
-5.4093,1312.7,16.838,176.47,29.634,-718.01,750.75,9681.4,399.42,-19.296,-191.99,191.51,74.002
-2.3757,987.9,392.13,430.98,639.36,3689.4,-1200.9,399.42,6710,66.291,2259.2,130.5,71.23
-0.34794,39.757,-5.2175,0.84396,-8.416,-85.587,49.39,-19.296,66.291,9998.2,-42.095,6.0058,2.0066
-1.1003,-1114.9,-288.91,-365.66,-471.72,-2451.2,640.32,-191.99,2259.2,-42.095,8423.5,-152.78,-74.094
1.1803,-1139,-65.03,-192.74,-107.7,61.016,-416.79,191.51,130.5,6.0058,-152.78,9835.6,-66.274
0.093836,-459.77,-28.211,-79.34,-46.662,2.771,-159.11,74.002,71.23,2.0066,-74.094,-66.274,9973.2
