155.95,0.60151,0.75829,0.00051415,0.13889,1.4685,1.0046,0.37813,0.99663
1.1321,0.12121,0.41176,4.0272e-05,0.045133,0.015315,0.12402,0.036808,0.94575
358.81,0.94271,1,0.0033789,0.33235,7.5619,2.0309,1.134,0.99999
9.4995e-05,-0.0046123,-0.0087139,-9.3001,0.063608,0.0018345,-0.0019878,-0.012764,-0.40014
-0.0046123,22.616,-2.2841,3305,-14.652,0.13988,-0.6301,3.3935,105.19
-0.0087139,-2.2841,46.307,1694.1,-22.871,-4.0149,10.007,24.244,87.157
-9.3001,3305,1694.1,1.4712e+07,-1.3463e+05,159.38,-533.21,6765.2,3.1866e+05
0.063608,-14.652,-22.871,-1.3463e+05,1857.5,11.506,-19.218,-174.94,-291.81
0.0018345,0.13988,-4.0149,159.38,11.506,5.3849,-3.8517,-31.632,50.364
-0.0019878,-0.6301,10.007,-533.21,-19.218,-3.8517,13.189,9.552,-46.659
-0.012764,3.3935,24.244,6765.2,-174.94,-31.632,9.552,237.43,-490.24
-0.40014,105.19,87.157,3.1866e+05,-291.81,50.364,-46.659,-490.24,37584
