207.61,0.66791,0.75468,0.23054,0.0068916,0.34024,0.22703,0.40535,0.065106,0.044319,0.34941,0.13546,0.045667
0.40816,0.13793,0.4549,0.087054,0.0036234,0.27789,0.11272,0.24869,-0.042354,0.0052335,0.14953,0.067133,0.00043189
348.75,0.9949,0.9451,0.31903,0.011269,0.40686,0.49723,0.67988,0.28792,0.082913,0.68669,0.18874,0.086553
0.0025345,0.26938,1.6511,-3.5169,-0.036613,-0.76243,-1.3943,0.48297,1.2454,-0.33497,-0.20373,-0.94238,1.1236
0.26938,49.655,160.19,-378.96,3.3388,-72.509,-17.574,-14.056,58.443,-46.138,-16.49,-122.88,172.88
1.6511,160.19,1318.7,-2603.4,-48.757,-131.42,-645.15,352.78,484.18,-39.064,-105.48,-1155.5,793.67
-3.5169,-378.96,-2603.4,5555.1,-10.334,329.07,1130.2,-655.12,-984.16,718.83,180.37,2553.1,-1663.3
-0.036613,3.3388,-48.757,-10.334,9955,-336.22,198.81,-235.84,100.38,26.46,23.25,-123.05,293.88
-0.76243,-72.509,-131.42,329.07,-336.22,5366.4,1100.2,-2935.8,1697.9,-485.64,310.58,-2527.7,-695.02
-1.3943,-17.574,-645.15,1130.2,198.81,1100.2,4882.1,-2071.8,-3172,-282.1,505.58,-1034,-304.44
0.48297,-14.056,352.78,-655.12,-235.84,-2935.8,-2071.8,4704.7,-2359.5,-15.467,-180.84,-964.4,-111
1.2454,58.443,484.18,-984.16,100.38,1697.9,-3172,-2359.5,5942.6,470.19,-491.42,1563.3,584.14
-0.33497,-46.138,-39.064,718.83,26.46,-485.64,-282.1,-15.467,470.19,9496.4,-1229.1,-916.71,-752.96
-0.20373,-16.49,-105.48,180.37,23.25,310.58,505.58,-180.84,-491.42,-1229.1,297.75,-20.307,-114.41
-0.94238,-122.88,-1155.5,2553.1,-123.05,-2527.7,-1034,-964.4,1563.3,-916.71,-20.307,6333.6,395.24
1.1236,172.88,793.67,-1663.3,293.88,-695.02,-304.44,-111,584.14,-752.96,-114.41,395.24,2458
