127.75,0.74587,0.70484,8.997e-05,0.045883,0.98513,1.0077,0.96186,0.048582,0.18632,0.087677,0.98782
5.8182,0.30342,0.20392,1.7687e-05,0.024778,0.4073,0.42185,0.36082,0.009719,0.067779,0.046274,0.86773
288.17,1,1,0.00030133,0.10094,1.1576,1.1784,1.1411,0.089785,0.24837,0.1337,0.99969
0.00016145,0.018149,-0.0021917,-0.00021378,-0.067052,-0.005698,-0.033718,0.033335,0.010564,0.0971,0.01846,0.059108
0.018149,31.8,-6.8627,-0.1073,-17.815,4.528,-7.1411,10.671,-2.3896,-5.415,15.517,49.746
-0.0021917,-6.8627,19.538,0.037878,-7.4105,-5.0458,-4.0355,3.3773,8.7464,8.9295,-5.1377,-23.487
-0.00021378,-0.1073,0.037878,1000,-0.47171,0.0078525,-0.26617,0.20555,-0.050178,-0.045271,-0.013719,0.59068
-0.067052,-17.815,-7.4105,-0.47171,854.47,9.9912,-64.854,80.681,-33.783,-71.272,-19.742,81.485
-0.005698,4.528,-5.0458,0.0078525,9.9912,673.65,-322.63,-332.62,10.701,1.5323,15.211,-2.158
-0.033718,-7.1411,-4.0355,-0.26617,-64.854,-322.63,637.9,-297.24,-7.0991,-34.465,4.1672,50.499
0.033335,10.671,3.3773,0.20555,80.681,-332.62,-297.24,622.08,26.681,36.812,23.905,-30.993
0.010564,-2.3896,8.7464,-0.050178,-33.783,10.701,-7.0991,26.681,904.17,-151.24,-109.6,-37.268
0.0971,-5.415,8.9295,-0.045271,-71.272,1.5323,-34.465,36.812,-151.24,503.79,-96.618,-172.82
0.01846,15.517,-5.1377,-0.013719,-19.742,15.211,4.1672,23.905,-109.6,-96.618,833.52,-11.096
0.059108,49.746,-23.487,0.59068,81.485,-2.158,50.499,-30.993,-37.268,-172.82,-11.096,696.49
