606.84,683.75,686.15,727.64,23.165,587.98,454.98,728.7,140.72,23.09,350.37,178.3,40.107
18.434,63.291,160.78,252.63,2.7235,206.05,258.58,570.74,-71.775,1.0843,137.61,47.148,0.27398
1391.6,989.13,949.02,1832.1,60.19,897.11,845.71,979.52,672.98,114.13,502.4,337.55,94.898
7.9408e-06,5.0595e-06,-2.1802e-07,-3.1833e-06,7.0531e-05,2.423e-06,-7.3289e-06,4.9018e-06,2.2351e-06,2.759e-06,-2.5009e-05,6.1658e-06,3.5611e-05
5.0595e-06,2.3355e-05,-1.8161e-06,-8.521e-06,0.00037028,-1.322e-05,-2.2028e-05,5.4415e-06,1.7975e-05,-1.3446e-05,-3.8488e-05,3.3789e-05,2.2317e-05
-2.1802e-07,-1.8161e-06,3.3846e-05,-6.8948e-06,0.00032072,-4.6114e-05,-5.7038e-06,-2.643e-05,2.0391e-05,-0.00022473,7.2431e-05,8.1184e-05,6.1352e-05
-3.1833e-06,-8.521e-06,-6.8948e-06,2.5391e-05,-0.0004666,8.1725e-05,-6.033e-06,4.769e-05,-3.3347e-05,0.00018311,-0.00012649,-0.00010229,-0.00012966
7.0531e-05,0.00037028,0.00032072,-0.0004666,0.036702,-0.002628,0.00022907,-0.0017693,0.00085573,-0.0059613,0.00064864,0.0026068,0.0029434
2.423e-06,-1.322e-05,-4.6114e-05,8.1725e-05,-0.002628,0.33378,-2.6552e-05,-0.33306,0.33316,0.00091955,-0.00074246,-0.00042458,-0.00048124
-7.3289e-06,-2.2028e-05,-5.7038e-06,-6.033e-06,0.00022907,-2.6552e-05,0.00074293,-0.00038126,-0.00035467,7.8502e-05,5.7614e-05,-8.4038e-05,0.00018572
4.9018e-06,5.4415e-06,-2.643e-05,4.769e-05,-0.0017693,-0.33306,-0.00038126,0.3337,-0.33324,0.00056183,-0.00041697,-0.00020496,-0.00040035
2.2351e-06,1.7975e-05,2.0391e-05,-3.3347e-05,0.00085573,0.33316,-0.00035467,-0.33324,0.3336,-0.00036138,0.00032415,0.00021849,7.9233e-05
2.759e-06,-1.3446e-05,-0.00022473,0.00018311,-0.0059613,0.00091955,7.8502e-05,0.00056183,-0.00036138,0.0063816,-0.0016255,-0.0017444,-0.0023968
-2.5009e-05,-3.8488e-05,7.2431e-05,-0.00012649,0.00064864,-0.00074246,5.7614e-05,-0.00041697,0.00032415,-0.0016255,0.0021377,0.00058516,0.00092892
6.1658e-06,3.3789e-05,8.1184e-05,-0.00010229,0.0026068,-0.00042458,-8.4038e-05,-0.00020496,0.00021849,-0.0017444,0.00058516,0.00091849,0.00049573
3.5611e-05,2.2317e-05,6.1352e-05,-0.00012966,0.0029434,-0.00048124,0.00018572,-0.00040035,7.9233e-05,-0.0023968,0.00092892,0.00049573,0.0028938
102.77,102.77,102.77,102.77,102.77,102.77,102.77,102.77,102.77,102.77,102.77,102.77,102.77
