0.44589,0.399,0.19575,0.28145,0.27941,0.12307,0.16134,0.33142,0.17265,0.45137,0.75754,0.24381,0.74672,0.45817,0.19734,0.22206,0.21251,0.79197,-0.07346,0.48109,0.48109,0.48109,0.00021635,-0.23049,-23.346,-0.039177,-0.21905
0.34849,0.3036,0.15853,0.23269,0.024584,0.0011182,0.13113,0.14499,0.0016212,0.31628,0.16558,0.0076238,0.23703,0.2462,0.0046116,0.0066361,0.001439,0.15024,-0.15202,0.33435,0.33435,0.33435,1.6626e-05,-0.39449,-263.98,-0.45776,-0.48235
0.68484,0.62619,0.2773,0.41116,0.45098,0.35228,0.19003,0.47278,0.54347,0.58439,0.94366,0.84219,0.94854,0.91572,0.85312,0.82494,0.72836,0.99996,-0.033828,0.70729,0.70729,0.70729,0.00049697,-0.16172,208.39,0.38407,0.011765
9486.4,-470.42,-183.79,-137.27,-690.68,-65.804,-161.44,-418.43,-352.79,-561,-7.3551,46.886,107.05,-133.32,-360.18,85.124,-336.15,160,254.84,-769.79,-769.79,-769.79,-0.35324,29.428,2.5031,697.98,-906.36
-470.42,9521.9,-75.915,-132.21,-557.6,-58.293,-153.25,-405.07,-195.46,-500.46,137.89,55.409,221.07,-285.15,-213.32,-67.624,-97.194,152.44,282.94,-574.64,-574.64,-574.64,0.19515,-53.614,3.1984,1094.4,-999.07
-183.79,-75.915,9752.1,-42.766,-391.7,-34.887,-40.495,-101.6,-399.82,-216.46,-298.3,-24.72,-208.28,305.66,-390.55,310.4,-573.79,66.702,-16.173,-521.8,-521.8,-521.8,-1.1688,181.27,-0.74877,-576.31,54.589
-137.27,-132.21,-42.766,9886.4,-186.83,33.429,2.881,-97.295,-69.441,35.007,-237.33,198.35,-48.101,468.38,-387.17,-91.61,-180.03,322.44,56.95,-76.446,-76.446,-76.446,0.13804,97.255,1.4564,538.57,-316.8
-690.68,-557.6,-391.7,-186.83,8719.5,150.52,-206.37,-739.55,-420.69,-766.64,-754.59,635.7,-570.01,296.42,-309.02,1057.2,-478.01,-373.36,305.22,-1234.8,-1234.8,-1234.8,-1.2768,99.815,2.1379,522.79,-921.65
-65.804,-58.293,-34.887,33.429,150.52,9623.7,-13.618,163.67,-555.1,-231.57,663.09,-970.72,519.05,-580.91,-287.66,-501.81,-615.11,337.75,-99.416,-172.96,-172.96,-172.96,-0.64642,66.653,0.3954,128.73,508.15
-161.44,-153.25,-40.495,2.881,-206.37,-13.618,9908.9,-153.44,-14.022,-268.34,153.13,11.355,114.2,-351.68,106.71,33.215,103.29,-91.518,130.48,-294.08,-294.08,-294.08,0.0086271,-77.463,0.18003,-73.492,-480.13
-418.43,-405.07,-101.6,-97.295,-739.55,163.67,-153.44,9444.4,33.614,-506.3,-322.6,555.34,-295.73,-174.63,216.18,683.23,190.04,-498.48,286.25,-601.94,-601.94,-601.94,-0.037629,-119.24,2.5641,897.39,-837.34
-352.79,-195.46,-399.82,-69.441,-420.69,-555.1,-14.022,33.614,8530.6,-560.96,202.23,-1346,152.1,-63.338,-1048.8,43.275,-1922.6,434.58,-247.76,-893.63,-893.63,-893.63,-2.84,423.69,-1.5573,214.42,1341.9
-561,-500.46,-216.46,35.007,-766.64,-231.57,-268.34,-506.3,-560.96,8905.5,534.14,-514.82,223.71,-1407.4,335.19,521.85,-296.91,-634.09,252.97,-1150.3,-1150.3,-1150.3,-1.2088,-169.77,1.8131,270.3,-440.65
-7.3551,137.89,-298.3,-237.33,-754.59,663.09,153.13,-322.6,202.23,534.14,7725.8,1792.3,-1709.2,2548.5,-543.03,1590.6,-311.93,-336.38,-97.717,-57.406,-57.406,-57.406,-0.96311,402.71,-0.45725,15.03,281.11
46.886,55.409,-24.72,198.35,635.7,-970.72,11.355,555.34,-1346,-514.82,1792.3,7347.5,1228.9,-1792.2,-328.88,-1058.3,-1443.2,451.31,-384.91,-223.44,-223.44,-223.44,-1.8777,101.02,-3.4094,-11.314,1977
107.05,221.07,-208.28,-48.101,-570.01,519.05,114.2,-295.73,152.1,223.71,-1709.2,1228.9,8402.9,1327.7,275.76,1933.7,-108.41,-1155.1,-170.75,-68.927,-68.927,-68.927,-1.3963,169.8,-1.6911,-74.8,1049
-133.32,-285.15,305.66,468.38,296.42,-580.91,-351.68,-174.63,-63.338,-1407.4,2548.5,-1792.2,1327.7,5607.4,2178.5,-96.973,998.82,-1633,248.55,-519.39,-519.39,-519.39,0.15431,-880.84,0.36911,66.767,77.479
-360.18,-213.32,-390.55,-387.17,-309.02,-287.66,106.71,216.18,-1048.8,335.19,-543.03,-328.88,275.76,2178.5,7482.2,-1219.4,-1899.6,2304.9,-119.02,-394.67,-394.67,-394.67,-0.9889,785.32,1.0301,200.99,-337.12
85.124,-67.624,310.4,-91.61,1057.2,-501.81,33.215,683.23,43.275,521.85,1590.6,-1058.3,1933.7,-96.973,-1219.4,6875.1,20.535,2520.4,105.7,710.17,710.17,710.17,2.639,71.128,1.7501,-2.1451,-1553.4
-336.15,-97.194,-573.79,-180.03,-478.01,-615.11,103.29,190.04,-1922.6,-296.91,-311.93,-1443.2,-108.41,998.82,-1899.6,20.535,7195.4,987.17,-456.2,-913.22,-913.22,-913.22,-3.8103,787.2,-2.6573,158.33,2013.7
160,152.44,66.702,322.44,-373.36,337.75,-91.518,-498.48,434.58,-634.09,-336.38,451.31,-1155.1,-1633,2304.9,2520.4,987.17,7054.8,-31.532,-221.04,-221.04,-221.04,-1.2017,-540.45,-2.1205,63.941,1432.9
254.84,282.94,-16.173,56.95,305.22,-99.416,130.48,286.25,-247.76,252.97,-97.717,-384.91,-170.75,248.55,-119.02,105.7,-456.2,-31.532,9711.2,268.19,268.19,268.19,-0.80834,150.93,-1.8227,-287.13,1231.8
-769.79,-574.64,-521.8,-76.446,-1234.8,-172.96,-294.08,-601.94,-893.63,-1150.3,-57.406,-223.44,-68.927,-519.39,-394.67,710.17,-913.22,-221.04,268.19,8321.9,-1678.1,-1678.1,-2.2248,117.86,-0.10475,-594.5,-780.84
-769.79,-574.64,-521.8,-76.446,-1234.8,-172.96,-294.08,-601.94,-893.63,-1150.3,-57.406,-223.44,-68.927,-519.39,-394.67,710.17,-913.22,-221.04,268.19,-1678.1,8321.9,-1678.1,-2.2248,117.86,-0.10475,-594.5,-780.84
-769.79,-574.64,-521.8,-76.446,-1234.8,-172.96,-294.08,-601.94,-893.63,-1150.3,-57.406,-223.44,-68.927,-519.39,-394.67,710.17,-913.22,-221.04,268.19,-1678.1,-1678.1,8321.9,-2.2248,117.86,-0.10475,-594.5,-780.84
-0.35324,0.19515,-1.1688,0.13804,-1.2768,-0.64642,0.0086271,-0.037629,-2.84,-1.2088,-0.96311,-1.8777,-1.3963,0.15431,-0.9889,2.639,-3.8103,-1.2017,-0.80834,-2.2248,-2.2248,-2.2248,10000,0.89234,-0.0070087,-2.5914,4.3987
29.428,-53.614,181.27,97.255,99.815,66.653,-77.463,-119.24,423.69,-169.77,402.71,101.02,169.8,-880.84,785.32,71.128,787.2,-540.45,150.93,117.86,117.86,117.86,0.89234,9680.1,0.1367,230.38,-417.94
2.5031,3.1984,-0.74877,1.4564,2.1379,0.3954,0.18003,2.5641,-1.5573,1.8131,-0.45725,-3.4094,-1.6911,0.36911,1.0301,1.7501,-2.6573,-2.1205,-1.8227,-0.10475,-0.10475,-0.10475,-0.0070087,0.1367,0.010615,1.3021,-5.6954
697.98,1094.4,-576.31,538.57,522.79,128.73,-73.492,897.39,214.42,270.3,15.03,-11.314,-74.8,66.767,200.99,-2.1451,158.33,63.941,-287.13,-594.5,-594.5,-594.5,-2.5914,230.38,1.3021,530.01,-293.88
-906.36,-999.07,54.589,-316.8,-921.65,508.15,-480.13,-837.34,1341.9,-440.65,281.11,1977,1049,77.479,-337.12,-1553.4,2013.7,1432.9,1231.8,-780.84,-780.84,-780.84,4.3987,-417.94,-5.6954,-293.88,3768.4
