671.07,671.01,9.3656,-722.34,520.66,520.66,520.66,0.098744,31.628
953.54,919.85,251.25,-173.73,1051.5,1051.5,1051.5,148.29,312.89
0.86646,-0.11385,-0.1603,0.045863,-0.083895,-0.083895,-0.083895,-0.048004,-0.22698
-0.11385,0.90276,-0.13467,0.045428,-0.076817,-0.076817,-0.076817,-0.041887,-0.18751
-0.1603,-0.13467,0.78322,-0.021788,-0.036472,-0.036472,-0.036472,-0.045981,-0.3455
0.045863,0.045428,-0.021788,0.74175,0.23153,0.23153,0.23153,0.053236,-0.15249
-0.083895,-0.076817,-0.036472,0.23153,0.77782,-0.22218,-0.22218,-0.06088,0.050048
-0.083895,-0.076817,-0.036472,0.23153,-0.22218,0.77782,-0.22218,-0.06088,0.050048
-0.083895,-0.076817,-0.036472,0.23153,-0.22218,-0.22218,0.77782,-0.06088,0.050048
-0.048004,-0.041887,-0.045981,0.053236,-0.06088,-0.06088,-0.06088,0.97717,-0.046672
-0.22698,-0.18751,-0.3455,-0.15249,0.050048,0.050048,0.050048,-0.046672,0.39519
23.244,23.244,23.244,23.244,23.244,23.244,23.244,23.244,23.244
788.86,772.63,136.23,-404.88,729.89,729.89,729.89,49.547,188.25
1,1,1,1,1,1,1,1,1
