192.46,0.46493,0.69216,1.1271,0.018185,0.45465,0.60077,0.86107,0.40642,0.20319
95.821,0.28111,0.57255,0.39112,0.010563,0.35094,0.48621,0.67843,0.32749,0.050427
352.21,0.68667,0.8549,1.8527,0.02748,0.55975,0.80131,1.0354,0.53896,0.322
0.0002165,0.056931,-0.038539,-0.029602,-0.20297,0.14001,-0.1752,0.12842,-0.01167,0.010659
0.056931,173.94,89.923,-42.684,-47.537,160.95,17.74,62.552,-98.324,99.845
-0.038539,89.923,174.89,-15.598,41.707,-12.827,111.41,-25.323,-12.46,89.214
-0.029602,-42.684,-15.598,27.787,-27.104,-100.07,-26.05,-29.962,70.11,-53.156
-0.20297,-47.537,41.707,-27.104,9718.6,-284.56,45.775,-184.29,100.15,-98.149
0.14001,160.95,-12.827,-100.07,-284.56,3924.3,54.854,-3188.4,2887.3,101.33
-0.1752,17.74,111.41,-26.05,45.775,54.854,790.59,-308.72,-363.55,315.71
0.12842,62.552,-25.323,-29.962,-184.29,-3188.4,-308.72,3558.7,-3253,-30.54
-0.01167,-98.324,-12.46,70.11,100.15,2887.3,-363.55,-3253,3859.7,-131.89
0.010659,99.845,89.214,-53.156,-98.149,101.33,315.71,-30.54,-131.89,407.12
