742.07,637.16,741.37,140.79,77.679,1060.5,968.65,1367.7,307.22,191.48,927.95,434.07,50.736
16.633,57.522,203.92,29.38,7.8362,435.61,370.73,580.3,-87.856,19.915,275.54,75.778,0.65546
1391.6,1000,1000,2702.9,237.16,1650,1301.1,1673.5,953.36,579.72,1844,786.16,312.51
8.0597e-06,1.6114e-06,6.9142e-06,6.4383e-07,-2.7912e-05,1.8767e-06,6.966e-06,-3.4137e-06,-4.3699e-06,-6.6192e-06,1.7553e-06,3.2834e-06,1.0009e-05
1.6114e-06,2.3056e-05,4.4142e-06,-1.2825e-06,-4.711e-05,4.6469e-06,-8.6348e-06,6.6374e-06,2.2465e-06,-2.309e-05,7.995e-06,5.7811e-06,4.1319e-06
6.9142e-06,4.4142e-06,3.3954e-05,4.0643e-06,-5.7236e-05,8.1537e-06,1.2462e-05,-3.4766e-06,-1.1067e-05,-2.285e-06,1.0471e-06,-8.9125e-06,1.9569e-06
6.4383e-07,-1.2825e-06,4.0643e-06,1.5502e-05,-1.7043e-05,2.7608e-06,2.4207e-05,-8.0953e-06,-1.0381e-05,8.2903e-06,-2.3925e-06,-1.7354e-05,-1.7917e-05
-2.7912e-05,-4.711e-05,-5.7236e-05,-1.7043e-05,0.0021921,-0.00022116,0.00021954,-0.00020183,2.4931e-05,0.00033038,-9.2336e-05,3.3793e-05,-2.2967e-06
1.8767e-06,4.6469e-06,8.1537e-06,2.7608e-06,-0.00022116,0.33337,-4.424e-05,-0.33329,0.33334,-1.2093e-05,5.3259e-06,-3.6566e-05,-1.7328e-05
6.966e-06,-8.6348e-06,1.2462e-05,2.4207e-05,0.00021954,-4.424e-05,0.00022898,-0.00012391,-8.7641e-05,3.1178e-05,-1.816e-05,-6.7371e-06,1.0821e-05
-3.4137e-06,6.6374e-06,-3.4766e-06,-8.0953e-06,-0.00020183,-0.33329,-0.00012391,0.33341,-0.33329,-1.1897e-05,7.8555e-06,-1.6239e-05,-2.0877e-05
-4.3699e-06,2.2465e-06,-1.1067e-05,-1.0381e-05,2.4931e-05,0.33334,-8.7641e-05,-0.33329,0.33338,6.4889e-07,1.9759e-06,2.0512e-05,-1.245e-05
-6.6192e-06,-2.309e-05,-2.285e-06,8.2903e-06,0.00033038,-1.2093e-05,3.1178e-05,-1.1897e-05,6.4889e-07,0.00045367,-0.00012462,-7.7074e-05,-0.00032042
1.7553e-06,7.995e-06,1.0471e-06,-2.3925e-06,-9.2336e-05,5.3259e-06,-1.816e-05,7.8555e-06,1.9759e-06,-0.00012462,4.5778e-05,3.9889e-06,8.4411e-05
3.2834e-06,5.7811e-06,-8.9125e-06,-1.7354e-05,3.3793e-05,-3.6566e-05,-6.7371e-06,-1.6239e-05,2.0512e-05,-7.7074e-05,3.9889e-06,0.00016744,7.0741e-05
1.0009e-05,4.1319e-06,1.9569e-06,-1.7917e-05,-2.2967e-06,-1.7328e-05,1.0821e-05,-2.0877e-05,-1.245e-05,-0.00032042,8.4411e-05,7.0741e-05,0.00076431
118.7,118.7,118.7,118.7,118.7,118.7,118.7,118.7,118.7,118.7,118.7,118.7,118.7
