152.71,0.66095,0.62091,1.2673,0.00011456,0.055459,0.7233,0.74241,0.68695,0.012626,0.094045,0.04389,0.9728
44.706,0.21875,0.47059,1.1278,6.3956e-05,0.033931,0.62744,0.64215,0.57895,0.010391,0.078309,0.040645,0.94503
244.29,0.91411,0.75294,1.5199,0.00019431,0.069246,0.78902,0.80418,0.77025,0.014366,0.10597,0.048616,0.99431
0.002791,-0.10126,-1.362,-0.018613,-0.00094188,-0.26839,0.34477,0.25736,0.52576,0.018773,0.20186,-0.017069,0.36007
-0.10126,286.69,11.528,396.41,-0.18235,-26.603,-101.57,-121.17,-94.564,5.465,35.231,4.9974,61.997
-1.362,11.528,999.81,-6.4067,0.0029458,0.42958,1.642,1.9586,1.529,-0.088298,-0.56912,-0.08079,-1.0015
-0.018613,396.41,-6.4067,779.7,0.10134,14.784,56.444,67.337,52.552,-3.037,-19.579,-2.7772,-34.454
-0.00094188,-0.18235,0.0029458,0.10134,1000,-0.0068008,-0.025964,-0.030975,-0.024174,0.0013971,0.0090064,0.0012775,0.015849
-0.26839,-26.603,0.42958,14.784,-0.0068008,999.01,-3.7878,-4.5188,-3.5266,0.20382,1.314,0.18637,2.3123
0.34477,-101.57,1.642,56.444,-0.025964,-3.7878,985.54,-17.253,-13.465,0.77815,5.0164,0.71158,8.8276
0.25736,-121.17,1.9586,67.337,-0.030975,-4.5188,-17.253,979.42,-16.063,0.92831,5.9845,0.84889,10.531
0.52576,-94.564,1.529,52.552,-0.024174,-3.5266,-13.465,-16.063,987.46,0.72448,4.6705,0.66251,8.2188
0.018773,5.465,-0.088298,-3.037,0.0013971,0.20382,0.77815,0.92831,0.72448,999.96,-0.26992,-0.038287,-0.47499
0.20186,35.231,-0.56912,-19.579,0.0090064,1.314,5.0164,5.9845,4.6705,-0.26992,998.26,-0.24682,-3.0621
-0.017069,4.9974,-0.08079,-2.7772,0.0012775,0.18637,0.71158,0.84889,0.66251,-0.038287,-0.24682,999.96,-0.43434
0.36007,61.997,-1.0015,-34.454,0.015849,2.3123,8.8276,10.531,8.2188,-0.47499,-3.0621,-0.43434,994.61
