132.98,0.66178,0.78578,0.85611,0.015192,0.4128,0.60903,0.77578,0.36298,0.030615,0.39209,0.17432,0.078731
8.7273,0.131,0.49804,0.65364,5.5859e-05,0.039195,0.38484,0.64596,-0.023684,0.0010381,0.15733,0.017579,0.003797
358.03,0.98222,0.96078,1.157,0.042673,0.75205,0.93738,1.0305,0.70271,0.093036,1.1601,0.34078,0.76617
0.00032271,-0.033448,-0.0069479,0.046929,-0.0034588,0.029559,0.072349,0.044335,0.014779,-0.061775,0.041701,-0.071771,-0.051027
-0.033448,33.631,-5.443,-14.959,-0.57357,-8.5579,-20.367,2.3184,10.876,24.44,-13.935,59.181,13.758
-0.0069479,-5.443,67.277,-19.616,-0.36327,-6.5022,64.701,-24.368,-17.867,-35.74,2.432,38.97,-3.059
0.046929,-14.959,-19.616,67.551,-0.33616,11.168,31.87,-8.6686,-19.835,-43.644,20.525,-67.192,-3.0235
-0.0034588,-0.57357,-0.36327,-0.33616,992.58,-43.626,-2.2743,-19.208,24.418,-7.6919,10.207,-17.169,-16.089
0.029559,-8.5579,-6.5022,11.168,-43.626,396.76,1.8326,-288.75,314.49,-36.42,-3.1991,-131.87,8.8814
0.072349,-20.367,64.701,31.87,-2.2743,1.8326,490.78,-224.56,-226.39,0.29144,-2.4,-36.933,2.6872
0.044335,2.3184,-24.368,-8.6686,-19.208,-288.75,-224.56,497.32,-213.93,-23.348,4.8637,-45.638,-7.4765
0.014779,10.876,-17.867,-19.835,24.418,314.49,-226.39,-213.93,471.58,13.072,8.0628,86.228,-16.359
-0.061775,24.44,-35.74,-43.644,-7.6919,-36.42,0.29144,-23.348,13.072,951.36,-68.619,-36.569,-21.506
0.041701,-13.935,2.432,20.525,10.207,-3.1991,-2.4,4.8637,8.0628,-68.619,42.196,-39.901,-13.833
-0.071771,59.181,38.97,-67.192,-17.169,-131.87,-36.933,-45.638,86.228,-36.569,-39.901,584.98,26.777
-0.051027,13.758,-3.059,-3.0235,-16.089,8.8814,2.6872,-7.4765,-16.359,-21.506,-13.833,26.777,52.242
