144.61,0.37581,0.74431,0.73386,0.0079114,0.31893,0.77015,0.85852,0.53959,0.27991
37.742,0.11979,0.58823,0.58814,0.0020684,0.22732,0.63469,0.69351,0.46618,0.089305
202.5,0.76636,0.9098,0.88352,0.01799,0.44391,0.87566,1.0245,0.6331,0.49
0.10945,12.358,-12.04,12.655,0.93305,11.706,9.6548,15.458,3.7528,12.267
12.358,1945.4,-2498.2,331.48,22.047,182.57,1435.5,1278.4,1095.8,2051.4
-12.04,-2498.2,4985,2931,-16.606,-648.91,-868.8,-995.28,-346.35,-2776.8
12.655,331.48,2931,7078.9,28.792,686.88,2124.6,2165.1,1478.2,52.539
0.93305,22.047,-16.606,28.792,9999.6,-7.4848,-29.202,-28.956,-21.471,4.9796
11.706,182.57,-648.91,686.88,-7.4848,9829.4,-537.76,-543.23,-372.61,-145.46
9.6548,1435.5,-868.8,2124.6,-29.202,-537.76,7663.2,-2310.1,-1772.3,1316
15.458,1278.4,-995.28,2165.1,-28.956,-543.23,-2310.1,7711.9,-1744.9,1256
3.7528,1095.8,-346.35,1478.2,-21.471,-372.61,-1772.3,-1744.9,8627.8,1401.4
12.267,2051.4,-2776.8,52.539,4.9796,-145.46,1316,1256,1401.4,2246.6
