215.35,0.72034,0.7656,0.00018788,0.058658,0.83818,0.86909,0.81043,0.1134,0.22745,0.14023,0.99238
36.17,0.096774,0.40784,7.6838e-06,0.018396,0.56496,0.57933,0.55373,0.018225,0.11748,0.046931,0.91681
352.27,0.98246,0.99608,0.0018085,0.22364,1.1987,1.2283,1.167,0.3522,0.4062,0.27715,0.99985
0.00010224,0.016616,0.0074386,-0.00052056,-0.009934,-0.0018411,-0.0022885,0.0076385,-0.01668,0.058923,-0.055834,0.019935
0.016616,26.654,1.004,-0.26312,-18.783,2.4426,-10.692,8.0908,-1.6458,-3.4791,-7.0599,4.0348
0.0074386,1.004,51.411,0.4402,47.267,-0.42004,20.651,-26.617,-34.701,43.123,-32.127,-23.214
-0.00052056,-0.26312,0.4402,999.97,-3.0965,0.2918,-1.6189,1.4776,0.64538,-0.11113,-0.26416,1.6072
-0.009934,-18.783,47.267,-3.0965,609.91,23.784,-209.97,180.13,-19.594,25.272,-114.39,137.32
-0.0018411,2.4426,-0.42004,0.2918,23.784,654.67,-310.58,-334.36,21.771,-7.5622,-8.1108,-11.905
-0.0022885,-10.692,20.651,-1.6189,-209.97,-310.58,554.43,-235.6,-8.3241,11.834,-59.156,74.459
0.0076385,8.0908,-26.617,1.4776,180.13,-334.36,-235.6,584.27,11.271,-13.438,55.238,-62.864
-0.01668,-1.6458,-34.701,0.64538,-19.594,21.771,-8.3241,11.271,481.73,-275.76,-255.8,-30.31
0.058923,-3.4791,43.123,-0.11113,25.272,-7.5622,11.834,-13.438,-275.76,343.34,-30.322,-17.061
-0.055834,-7.0599,-32.127,-0.26416,-114.39,-8.1108,-59.156,55.238,-255.8,-30.322,618.09,2.605
0.019935,4.0348,-23.214,1.6072,137.32,-11.905,74.459,-62.864,-30.31,-17.061,2.605,912.15
