0.73462,0.72574,-0.084583,-0.38215,0.34214,0.34214,0.34214,0.17458
0.65932,0.65898,-0.18621,-0.4909,0.32245,0.32245,0.32245,0.061946
0.83908,0.83779,-0.021003,-0.19096,0.38077,0.38077,0.38077,0.38871
863.34,-145.4,-42.019,119.08,26.9,26.9,26.9,-276.59
-145.4,838.87,-86.512,66.166,17.148,17.148,17.148,-313.45
-42.019,-86.512,715.68,-356.3,-66.202,-66.202,-66.202,-209.55
119.08,66.166,-356.3,327.41,-131.26,-131.26,-131.26,60.763
26.9,17.148,-66.202,-131.26,974.27,-25.73,-25.73,20.281
26.9,17.148,-66.202,-131.26,-25.73,974.27,-25.73,20.281
26.9,17.148,-66.202,-131.26,-25.73,-25.73,974.27,20.281
-276.59,-313.45,-209.55,60.763,20.281,20.281,20.281,383.07
