772.54,677.52,708.7,578.89,8.9349,353.08,997.62,1167.1,813.98,30.208,246.76,173.79,100.15
49.838,79.787,164.71,196.47,6.1651,302.4,818.05,1011.6,642.49,4.264,159.15,62.401,0.30432
1375,1000,988.24,3311.3,17.349,536.18,1332.4,1532.8,1162.2,108.06,448.16,257.92,300.3
7.8481e-06,-8.8352e-07,-4.7502e-06,8.2409e-08,1.0545e-05,-1.6541e-05,5.1069e-05,-3.3212e-05,-1.7681e-05,8.7184e-05,-2.3386e-06,-2.8819e-05,3.1013e-06
-8.8352e-07,2.0484e-05,1.5654e-06,2.0853e-06,0.00018774,5.1954e-06,-2.1655e-05,1.6879e-05,1.245e-05,-0.00015734,8.3967e-08,9.1491e-06,2.6886e-05
-4.7502e-06,1.5654e-06,3.0808e-05,1.6458e-06,0.00056496,5.3676e-07,-7.4587e-05,4.1083e-05,4.1915e-05,-0.00011734,-2.8401e-06,3.8947e-05,1.6961e-06
8.2409e-08,2.0853e-06,1.6458e-06,2.8654e-06,0.00018678,-7.3997e-06,-5.9637e-06,-3.5435e-08,8.5335e-06,-1.0751e-05,2.2573e-06,1.3263e-06,1.279e-06
1.0545e-05,0.00018774,0.00056496,0.00018678,0.35315,-0.0079285,4.1885e-05,-0.0035613,0.0044759,0.01786,-0.0029721,-0.0050914,-0.0019287
-1.6541e-05,5.1954e-06,5.3676e-07,-7.3997e-06,-0.0079285,0.33401,-0.00022468,-0.33289,0.3331,-0.001805,1.3385e-05,9.581e-05,0.00010711
5.1069e-05,-2.1655e-05,-7.4587e-05,-5.9637e-06,4.1885e-05,-0.00022468,0.0064946,-0.0032748,-0.0030606,-0.0014091,8.9725e-05,-0.0010988,0.00056923
-3.3212e-05,1.6879e-05,4.1083e-05,-3.5435e-08,-0.0035613,-0.33289,-0.0032748,0.33517,-0.33193,-0.00012145,-7.3751e-05,0.00058252,-0.00023265
-1.7681e-05,1.245e-05,4.1915e-05,8.5335e-06,0.0044759,0.3331,-0.0030606,-0.33193,0.33497,0.0016139,-0.00010065,0.00050484,-0.00034078
8.7184e-05,-0.00015734,-0.00011734,-1.0751e-05,0.01786,-0.001805,-0.0014091,-0.00012145,0.0016139,0.024049,-0.0036425,-0.00080372,-0.0022537
-2.3386e-06,8.3967e-08,-2.8401e-06,2.2573e-06,-0.0029721,1.3385e-05,8.9725e-05,-7.3751e-05,-0.00010065,-0.0036425,0.0013234,-0.00025454,0.00028564
-2.8819e-05,9.1491e-06,3.8947e-05,1.3263e-06,-0.0050914,9.581e-05,-0.0010988,0.00058252,0.00050484,-0.00080372,-0.00025454,0.0016286,-0.00013325
3.1013e-06,2.6886e-05,1.6961e-06,1.279e-06,-0.0019287,0.00010711,0.00056923,-0.00023265,-0.00034078,-0.0022537,0.00028564,-0.00013325,0.00054193
96.61,96.61,96.61,96.61,96.61,96.61,96.61,96.61,96.61,96.61,96.61,96.61,96.61
