0.60597,0.60288,-0.057445,-0.46825,0.32322,0.32322,0.32322,0.17542
0.32778,0.32734,-0.10805,-0.53092,0.23602,0.23602,0.23602,0.0013767
1.1939,1.1889,-0.01682,-0.40954,0.36705,0.36705,0.36705,0.79975
525.05,-472.28,54.261,26.264,-11.133,-11.133,-11.133,-50.634
-472.28,528.99,40.734,12.23,-21.737,-21.737,-21.737,-58.602
54.261,40.734,866.33,-148.57,-103.23,-103.23,-103.23,-78.655
26.264,12.23,-148.57,741.21,-133.9,-133.9,-133.9,-31.283
-11.133,-21.737,-103.23,-133.9,858.2,-141.8,-141.8,87.401
-11.133,-21.737,-103.23,-133.9,-141.8,858.2,-141.8,87.401
-11.133,-21.737,-103.23,-133.9,-141.8,-141.8,858.2,87.401
-50.634,-58.602,-78.655,-31.283,87.401,87.401,87.401,142.78
