87.891,100.92,113.72,214.36,0.020078,25.654,479.89,632.49,242.16,2.7936,90.02,31.273,38.654
1381.4,714.29,662.75,4254.4,16.272,583.72,1137.8,1151.5,1086.3,365.02,586.12,278.62,991.91
4.4101e-05,-3.0881e-05,-1.9132e-05,2.6765e-06,0.00060499,6.7833e-05,5.118e-05,4.7726e-06,-6.1822e-05,-0.00042048,1.8273e-05,9.2918e-05,5.9048e-05
-3.0881e-05,8.6154e-05,-1.7432e-06,-5.8781e-06,0.0017437,-0.00012177,0.00018831,-0.0001451,-2.284e-05,0.00045621,-6.8399e-05,-6.5717e-06,-5.3905e-05
-1.9132e-05,-1.7432e-06,0.00011978,3.0209e-06,-0.00082405,3.8274e-05,-9.6271e-05,5.3677e-05,1.3273e-05,-2.2904e-05,-1.0029e-05,-0.00010526,-9.7387e-06
2.6765e-06,-5.8781e-06,3.0209e-06,6.3479e-06,-7.2399e-05,2.0684e-05,-7.6352e-05,4.6434e-05,2.5351e-05,-5.3534e-05,-1.0283e-05,3.326e-05,1.2214e-05
0.00060499,0.0017437,-0.00082405,-7.2399e-05,0.60805,-0.01598,0.034453,-0.024976,-0.0087921,0.036078,-0.014748,5.4522e-05,-0.0024239
6.7833e-05,-0.00012177,3.8274e-05,2.0684e-05,-0.01598,0.33441,-0.0016373,-0.33199,0.33361,-0.002578,0.00028346,-0.00032286,0.00037358
5.118e-05,0.00018831,-9.6271e-05,-7.6352e-05,0.034453,-0.0016373,0.0062049,-0.0038896,-0.0022586,0.0025889,-0.00073901,0.00059173,-0.00037461
4.7726e-06,-0.0001451,5.3677e-05,4.6434e-05,-0.024976,-0.33199,-0.0038896,0.33596,-0.33204,-0.0023049,0.00046863,-0.00050438,0.00035185
-6.1822e-05,-2.284e-05,1.3273e-05,2.5351e-05,-0.0087921,0.33361,-0.0022586,-0.33204,0.33436,0.00029339,0.00017698,-0.00019599,-2.0144e-05
-0.00042048,0.00045621,-2.2904e-05,-5.3534e-05,0.036078,-0.002578,0.0025889,-0.0023049,0.00029339,0.019861,-0.0038709,-0.0033982,-0.0017034
1.8273e-05,-6.8399e-05,-1.0029e-05,-1.0283e-05,-0.014748,0.00028346,-0.00073901,0.00046863,0.00017698,-0.0038709,0.0020168,0.00077716,0.00022944
9.2918e-05,-6.5717e-06,-0.00010526,3.326e-05,5.4522e-05,-0.00032286,0.00059173,-0.00050438,-0.00019599,-0.0033982,0.00077716,0.0026897,0.00019763
5.9048e-05,-5.3905e-05,-9.7387e-06,1.2214e-05,-0.0024239,0.00037358,-0.00037461,0.00035185,-2.0144e-05,-0.0017034,0.00022944,0.00019763,0.00023454
94.742,94.742,94.742,94.742,94.742,94.742,94.742,94.742,94.742,94.742,94.742,94.742,94.742
969,330.26,346.94,1106,5.1151,248.12,727.91,819.12,570.99,30.324,200.84,93.221,530.93
0.66639,0.66639,0.66639,0.66639,0.66639,0.66639,0.66639,0.66639,0.66639,0.66639,0.66639,0.66639,0.66639
918.23,361.67,211.36,1690.2,11.457,447.38,770.66,956.27,508.89,67.859,254.93,204.61,296.09
0.3033,0.3033,0.3033,0.3033,0.3033,0.3033,0.3033,0.3033,0.3033,0.3033,0.3033,0.3033,0.3033
133.93,318.18,172.55,767.05,13.135,458.35,479.89,700.51,242.16,365.02,586.12,278.62,574.02
0.030303,0.030303,0.030303,0.030303,0.030303,0.030303,0.030303,0.030303,0.030303,0.030303,0.030303,0.030303,0.030303
