0.23165,0.2237,-0.043408,0.16926,0.13164,0.05546,0.1329,0.14676,0.063999,0.065122,0.83011,0.28418,0.9839,0.094925,0.1246,0.14357,0.27796,0.82023,-0.60175,0.5263,0.5263,0.5263,1.6867e-05,0.30917,0.16802,0.25378,0.26174,0.07748,0.12505,0.13498,0.090844,0.22531,0.056765,0.34902,0.80127,0.62187,0.48158,0.1969,0.53052,0.47038,0.21267,-0.074958,0.59496,0.59496,0.59496,0.00063964
0.1841,0.16842,-0.085287,0.15269,0.023574,0.019805,0.039507,0.04016,0.0043277,0.0452,0.11042,0.012854,0.96072,0.046206,0.019773,0.021976,0.023644,0.10369,-0.93896,0.32906,0.32906,0.32906,3.265e-06,0.17839,0.051432,0.16978,0.17184,0.023166,0.041919,0.044463,0.014151,0.023465,0.0071662,0.03426,0.083665,0.0051953,0.049855,0.02184,0.048033,0.020405,0.012328,-0.21592,0.41699,0.41699,0.41699,3.6114e-06
0.29888,0.29878,0.007715,0.19436,0.22619,0.093802,0.23512,0.19484,0.17526,0.096674,0.99779,0.99267,0.99874,0.15087,0.25532,0.26524,0.98697,0.99862,-0.41319,0.8877,0.8877,0.8877,5.4419e-05,0.57731,0.28537,0.50185,0.5015,0.19655,0.27264,0.26577,0.18383,0.51206,0.1125,0.99012,0.99806,0.99749,0.98858,0.64659,0.99934,0.99817,0.98525,0.00054264,1.0058,1.0058,1.0058,0.0036834
985.07,-16.773,-11.772,2.8512,-26.314,-1.264,-26.944,0.9105,2.8521,3.3021,-11.149,-26.463,7.697,-8.2832,-38.027,-42.591,-16.828,-4.0372,16.197,-22.275,-22.275,-22.275,0.00047737,-17.132,-15.995,-9.5027,-2.2826,-38.374,0.49799,-32.319,15.198,-4.6682,4.0225,0.37286,-7.1486,21.324,16.854,-3.009,7.6216,1.3362,16.822,13.474,-20.789,-20.789,-20.789,0.020131
-16.773,980.33,-16.883,5.0166,-33.544,1.1094,-33.592,2.3888,6.0422,1.7992,-10.789,-27.068,9.7342,-11.789,-47.649,-52.978,-15.507,-2.0218,12.157,-24.96,-24.96,-24.96,0.0034403,-19.853,-21.27,-9.5686,-1.1988,-47.445,0.38892,-40.537,17.442,-4.3703,2.9803,-1.0938,-7.3966,14.654,4.8049,1.9914,-3.1253,-4.34,10.869,14.615,-21.754,-21.754,-21.754,0.045936
-11.772,-16.883,973.95,9.6136,-37.571,11.213,-35.233,6.6893,15.603,-5.6245,4.1098,-9.0667,10.392,-15.925,-48.926,-52.974,1.3904,12.865,-12.936,-20.69,-20.69,-20.69,0.013281,-18.807,-26.513,-6.4047,0.92476,-49.169,-0.15484,-44.105,15.725,-3.7933,-3.884,-3.0362,0.054274,-33.65,-45.065,31.601,-37.187,-26.251,-29.759,4.5093,-14.363,-14.363,-14.363,0.079689
2.8512,5.0166,9.6136,994.27,14.859,-3.5618,13.373,-3.7624,-5.2667,3.8377,2.4147,4.2042,-5.0899,9.8883,25.181,27.478,-0.38428,-1.5841,15.1,-3.366,-3.366,-3.366,-0.0063084,-1.022,10.248,-7.6415,-9.4456,19.545,-1.8356,15.643,-1.5869,-9.0659,2.7751,9.1461,1.0938,14.291,22.61,0.25038,24.722,18.239,7.9143,-7.4159,-9.5359,-9.5359,-9.5359,-0.14341
-26.314,-33.544,-37.571,14.859,933.3,8.2542,-64.418,8.149,17.673,-3.7539,-19.252,-34.281,19.845,-29.051,-96.995,-106.67,-12.868,-2.2331,-4.1278,-32.49,-32.49,-32.49,0.01456,-28.145,-44.47,-4.905,8.6783,-90.414,1.3605,-77.351,26.403,2.7481,-0.16446,-9.3186,-14.485,-1.6213,-36.766,8.2149,-47.084,-31.927,1.7909,27.02,-19.936,-19.936,-19.936,0.22728
-1.264,1.1094,11.213,-3.5618,8.2542,989.65,6.4133,-3.3561,-10.562,5.6746,-13.514,-16.201,-0.99575,2.7681,2.1861,1.0529,-16.126,-14.057,13.574,8.267,8.267,8.267,-0.0090168,8.2064,8.4152,5.8457,5.2558,6.7215,2.8933,9.8941,-3.3592,8.2317,4.9601,-3.9409,-5.2031,37.244,48.357,-35.012,31.349,12.219,37.089,11.556,7.4367,7.4367,7.4367,0.052299
-26.944,-33.592,-35.233,13.373,-64.418,6.4133,937.19,7.5567,15.203,-1.928,-17.575,-40.206,19.11,-27.245,-93.328,-103.16,-19.086,-1.02,2.1569,-34.35,-34.35,-34.35,0.012416,-29.134,-42.487,-7.1179,6.5795,-87.975,1.0194,-75.435,26.491,1.3872,1.1472,-11.053,-11.897,8.3355,-26.576,4.2527,-38.873,-21.59,5.1452,27.378,-23.357,-23.357,-23.357,0.19401
0.9105,2.3888,6.6893,-3.7624,8.149,-3.3561,7.5567,994.38,-1.4521,2.3775,-18.757,19.586,-2.908,6.9907,12.905,15.42,16.814,-21.056,12.513,-3.6314,-3.6314,-3.6314,-0.0054202,-1.0697,5.4961,-4.6286,-5.8571,10.872,-1.0825,9.7137,1.2202,-8.4804,3.3006,24.287,-19.143,12.115,18.209,-2.0281,18.143,-7.7881,28.301,-3.0776,-6.8471,-6.8471,-6.8471,-0.071831
2.8521,6.0422,15.603,-5.2667,17.673,-10.562,15.203,-1.4521,985.28,6.1934,5.9958,-26.774,-3.8303,5.5639,17.444,16.505,-29.568,3.0182,12.204,13.787,13.787,13.787,-0.0095618,12.2,14.547,6.6475,4.1829,20.086,1.9583,19.816,-9.4801,10.723,3.7643,-20.754,13.946,39.981,45.775,-37.277,30.178,37.16,17.858,7.392,11.013,11.013,11.013,0.0054712
3.3021,1.7992,-5.6245,3.8377,-3.7539,5.6746,-1.928,2.3775,6.1934,994.63,1.1821,15.455,1.0956,-4.3363,-4.925,-4.2794,15.202,1.6017,-18.478,6.5788,6.5788,6.5788,0.0063936,3.6513,-4.2533,6.3337,5.2128,-2.1853,-0.023856,-2.4951,-2.5722,4.1607,-4.2695,-0.454,-1.6857,-26.203,-35.201,10.731,-28.691,-20.074,-16.255,-2.8276,10.531,10.531,10.531,0.07326
-11.149,-10.789,4.1098,2.4147,-19.252,-13.514,-17.575,-18.757,5.9958,1.1821,851.3,85.361,6.4164,-5.4225,-42.567,-40.404,91.326,-143.77,23.859,-1.4403,-1.4403,-1.4403,-0.01009,3.4793,-13.991,15.246,14.757,-21.492,-1.4174,-11.834,7.3251,1.1958,12.928,89.188,-131.7,85.114,12.047,-70.769,-23.779,-93.808,184.32,34.159,10.323,10.323,10.323,0.28546
-26.463,-27.068,-9.0667,4.2042,-34.281,-16.201,-40.206,19.586,-26.774,15.455,85.361,790.46,15.987,-24.391,-76.933,-97.564,-186.97,100.74,15.569,-0.042428,-0.042428,-0.042428,-0.0047136,-2.3175,-9.75,7.3721,22.832,-69.361,16.07,-49.019,9.5644,43.677,4.361,-137.14,108.66,54.801,126.88,-61.745,80.296,110.62,-53.436,48.791,2.8821,2.8821,2.8821,0.27223
7.697,9.7342,10.392,-5.0899,19.845,-0.99575,19.11,-2.908,-3.8303,1.0956,6.4164,15.987,993.23,10.365,33.951,37.553,8.7878,0.64611,5.6514,3.531,3.531,3.531,-0.0039011,3.7277,12.149,-3.6271,-7.7971,29.019,-3.0077,22.447,-6.8849,-6.9214,0.31619,6.8261,3.3159,4.6099,0.48622,3.313,6.8932,16.533,-2.7833,-11.894,-1.65,-1.65,-1.65,-0.13602
-8.2832,-11.789,-15.925,9.8883,-29.051,2.7681,-27.245,6.9907,5.5639,-4.3363,-5.4225,-24.391,10.365,980.8,-51.751,-57.692,-14.124,2.9927,-20.309,5.6053,5.6053,5.6053,0.0088865,1.8591,-18.745,14.64,19.013,-40.045,4.1123,-31.323,3.339,20.085,-2.9377,-25.414,1.1125,-6.3076,-24.19,-15.264,-36.404,-20.175,-4.3654,20.444,16.906,16.906,16.906,0.28117
-38.027,-47.649,-48.926,25.181,-96.995,2.1861,-93.328,12.905,17.444,-4.925,-42.567,-76.933,33.951,-51.751,828,-189.89,-40.892,-13.629,-29.306,-11.588,-11.588,-11.588,0.017316,-13.446,-58.232,23.06,43.47,-144.02,17.359,-108.56,33.489,38.93,-0.68595,-28.942,-24.947,-21.797,12.708,-25.481,-23.77,-95.269,29.519,63.443,15.371,15.371,15.371,0.74182
-42.591,-52.978,-52.974,27.478,-106.67,1.0529,-103.16,15.42,16.505,-4.2794,-40.404,-97.564,37.553,-57.692,-189.89,789.31,-57.322,-8.3251,-30.061,-11.866,-11.866,-11.866,0.018385,-14.193,-63.595,26.078,48.774,-158.8,19.066,-119.95,35.494,45.788,-0.35539,-43.19,-19.046,-13.906,17.989,-35.604,-25.854,-90.249,29.333,72.467,17.7,17.7,17.7,0.8181
-16.828,-15.507,1.3904,-0.38428,-12.868,-16.126,-19.086,16.814,-29.568,15.202,91.326,-186.97,8.7878,-14.124,-40.892,-57.322,827.51,100.41,16.246,6.91,6.91,6.91,-0.007546,3.8244,2.9818,6.0607,16.464,-37.445,13.095,-24.101,0.91179,38.007,3.5995,-129.13,110.72,52.621,119.57,-56.556,81.233,121.41,-58.894,35.411,5.4034,5.4034,5.4034,0.15265
-4.0372,-2.0218,12.865,-1.5841,-2.2331,-14.057,-1.02,-21.056,3.0182,1.6017,-143.77,100.74,0.64611,2.9927,-13.629,-8.3251,100.41,856.17,26.857,3.0084,3.0084,3.0084,-0.012934,7.6533,-3.787,13.409,9.0406,3.86,-4.0956,7.7315,0.57434,-3.6888,12.839,94.342,-129.32,88.453,8.4115,-68.823,-21.999,-80.716,181.6,24.143,10.891,10.891,10.891,0.18022
16.197,12.157,-12.936,15.1,-4.1278,13.574,2.1569,12.513,12.204,-18.478,23.859,15.569,5.6514,-20.309,-29.306,-30.061,16.246,26.857,908.48,57.901,57.901,57.901,0.0201,38.903,-2.6868,46.353,42.257,-8.2293,14.525,3.0387,-16.241,45.147,-18.287,-31.37,18.823,-132.42,-61.453,21.336,-48.433,-96.749,-72.813,1.9039,76.076,76.076,76.076,0.55296
-22.275,-24.96,-20.69,-3.366,-32.49,8.267,-34.35,-3.6314,13.787,6.5788,-1.4403,-0.042428,3.531,5.6053,-11.588,-11.866,6.91,3.0084,57.901,919.89,-80.109,-80.109,0.0011048,-60.503,-25.034,-57.146,-46.273,-38.376,-14.208,-46.272,34.594,-57.566,7.9932,41.632,-12.516,32.568,-15.139,58.966,3.8087,38.65,-2.1564,-15.528,-92.854,-92.854,-92.854,-0.52155
-22.275,-24.96,-20.69,-3.366,-32.49,8.267,-34.35,-3.6314,13.787,6.5788,-1.4403,-0.042428,3.531,5.6053,-11.588,-11.866,6.91,3.0084,57.901,-80.109,919.89,-80.109,0.0011048,-60.503,-25.034,-57.146,-46.273,-38.376,-14.208,-46.272,34.594,-57.566,7.9932,41.632,-12.516,32.568,-15.139,58.966,3.8087,38.65,-2.1564,-15.528,-92.854,-92.854,-92.854,-0.52155
-22.275,-24.96,-20.69,-3.366,-32.49,8.267,-34.35,-3.6314,13.787,6.5788,-1.4403,-0.042428,3.531,5.6053,-11.588,-11.866,6.91,3.0084,57.901,-80.109,-80.109,919.89,0.0011048,-60.503,-25.034,-57.146,-46.273,-38.376,-14.208,-46.272,34.594,-57.566,7.9932,41.632,-12.516,32.568,-15.139,58.966,3.8087,38.65,-2.1564,-15.528,-92.854,-92.854,-92.854,-0.52155
0.00047737,0.0034403,0.013281,-0.0063084,0.01456,-0.0090168,0.012416,-0.0054202,-0.0095618,0.0063936,-0.01009,-0.0047136,-0.0039011,0.0088865,0.017316,0.018385,-0.007546,-0.012934,0.0201,0.0011048,0.0011048,0.0011048,1000,0.0032604,0.011965,-0.0027948,-0.0039875,0.015944,0.00093867,0.015973,-0.0014572,-0.0027806,0.0054049,0.0091199,-0.0062638,0.030661,0.050126,-0.019108,0.04159,0.014383,0.032202,0.0019151,-0.0039354,-0.0039354,-0.0039354,-6.8815e-05
-17.132,-19.853,-18.807,-1.022,-28.145,8.2064,-29.134,-1.0697,12.2,3.6513,3.4793,-2.3175,3.7277,1.8591,-13.446,-14.193,3.8244,7.6533,38.903,-60.503,-60.503,-60.503,0.0032604,953.68,-21.652,-42.342,-33.682,-33.327,-10.696,-39.088,26.418,-42.079,4.7156,26.697,-5.5529,17.521,-21.564,48.471,-5.6868,27.929,-11.175,-11.727,-68.958,-68.958,-68.958,-0.37481
-15.995,-21.27,-26.513,10.248,-44.47,8.4152,-42.487,5.4961,14.547,-4.2533,-13.991,-9.75,12.149,-18.745,-58.232,-63.595,2.9818,-3.787,-2.6868,-25.034,-25.034,-25.034,0.011965,-21.652,968.07,-5.641,2.1208,-55.549,-3.2128,-51.234,15.66,-2.581,-0.89595,-4.1016,-12.391,4.8163,-53.666,8.6943,-56.877,-13.507,-2.3943,13.78,-16.619,-16.619,-16.619,0.097361
-9.5027,-9.5686,-6.4047,-7.6415,-4.905,5.8457,-7.1179,-4.6286,6.6475,6.3337,15.246,7.3721,-3.6271,14.64,23.06,26.078,6.0607,13.409,46.353,-57.146,-57.146,-57.146,-0.0027948,-42.342,-5.641,951.89,-42.864,-3.4284,-11.053,-13.691,21.865,-50.425,5.4908,36.652,1.8081,10.839,3.2673,58.655,27.543,39.317,-17.274,-25.505,-72.929,-72.929,-72.929,-0.52511
-2.2826,-1.1988,0.92476,-9.4456,8.6783,5.2558,6.5795,-5.8571,4.1829,5.2128,14.757,22.832,-7.7971,19.013,43.47,48.774,16.464,9.0406,42.257,-46.273,-46.273,-46.273,-0.0039875,-33.682,2.1208,-42.864,958.17,17.921,-12.903,3.3467,12.717,-47.911,4.5446,36.243,1.219,15.82,-9.5697,50.88,15.707,46.007,-15.641,-30.169,-62.509,-62.509,-62.509,-0.54204
-38.374,-47.445,-49.169,19.545,-90.414,6.7215,-87.975,10.872,20.086,-2.1853,-21.492,-69.361,29.019,-40.045,-144.02,-158.8,-37.445,3.86,-8.2293,-38.376,-38.376,-38.376,0.015944,-33.327,-55.549,-3.4284,17.921,867.11,10.962,-105.74,41.487,10.368,0.6049,-11.94,-14.146,-27.901,10.465,14.764,-6.567,-67.941,3.5519,42.089,-22.014,-22.014,-22.014,0.4085
0.49799,0.38892,-0.15484,-1.8356,1.3605,2.8933,1.0194,-1.0825,1.9583,-0.023856,-1.4174,16.07,-3.0077,4.1123,17.359,19.066,13.095,-4.0956,14.525,-14.208,-14.208,-14.208,0.00093867,-10.696,-3.2128,-11.053,-12.903,10.962,990.04,0.71088,-2.2153,-13.641,1.307,2.6675,-2.8888,34.908,-44.015,-0.22892,-40.409,36.889,1.1171,-7.5128,-17.041,-17.041,-17.041,-0.18726
-32.319,-40.537,-44.105,15.643,-77.351,9.8941,-75.435,9.7137,19.816,-2.4951,-11.834,-49.019,22.447,-31.323,-108.56,-119.95,-24.101,7.7315,3.0387,-46.272,-46.272,-46.272,0.015973,-39.088,-51.234,-13.691,3.3467,-105.74,0.71088,908.27,34.075,-3.4716,0.60795,-12.042,-8.1987,-1.1493,-34.052,18.845,-42.654,-23.791,-7.7753,27.575,-34.922,-34.922,-34.922,0.17624
15.198,17.442,15.725,-1.5869,26.403,-3.3592,26.491,1.2202,-9.4801,-2.5722,7.3251,9.5644,-6.8849,3.339,33.489,35.494,0.91179,0.57434,-16.241,34.594,34.594,34.594,-0.0014572,26.418,15.66,21.865,12.717,41.487,-2.2153,34.075,974.65,20.482,-3.0161,-28.852,12.85,23.436,-29.73,-38.955,-38.041,29.96,-1.9309,0.080984,37.509,37.509,37.509,0.081008
-4.6682,-4.3703,-3.7933,-9.0659,2.7481,8.2317,1.3872,-8.4804,10.723,4.1607,1.1958,43.677,-6.9214,20.085,38.93,45.788,38.007,-3.6888,45.147,-57.566,-57.566,-57.566,-0.0027806,-42.079,-2.581,-50.425,-47.911,10.368,-13.641,-3.4716,20.482,940.85,5.0208,62.109,-16.676,0.5705,-13.613,70.736,19.382,20.462,-7.7507,-34.997,-74.694,-74.694,-74.694,-0.58724
4.0225,2.9803,-3.884,2.7751,-0.16446,4.9601,1.1472,3.3006,3.7643,-4.2695,12.928,4.361,0.31619,-2.9377,-0.68595,-0.35539,3.5995,12.839,-18.287,7.9932,7.9932,7.9932,0.0054049,4.7156,-0.89595,5.4908,4.5446,0.6049,1.307,0.60795,-3.0161,5.0208,995.46,-7.5661,9.5,-31.397,-22.641,13.456,-15.082,-12.473,-27.13,-4.4191,10.348,10.348,10.348,0.055849
0.37286,-1.0938,-3.0362,9.1461,-9.3186,-3.9409,-11.053,24.287,-20.754,-0.454,89.188,-137.14,6.8261,-25.414,-28.942,-43.19,-129.13,94.342,-31.37,41.632,41.632,41.632,0.0091199,26.697,-4.1016,36.652,36.243,-11.94,2.6675,-12.042,-28.852,62.109,-7.5661,837.1,110.49,57.742,-38.036,-82.816,-74.951,131.68,-86.128,33.712,54.328,54.328,54.328,0.34212
-7.1486,-7.3966,0.054274,1.0938,-14.485,-5.2031,-11.897,-19.143,13.946,-1.6857,-131.7,108.66,3.3159,1.1125,-24.947,-19.046,110.72,-129.32,18.823,-12.516,-12.516,-12.516,-0.0062638,-5.5529,-12.391,1.8081,1.219,-14.146,-2.8888,-8.1987,12.85,-16.676,9.5,110.49,872.8,35.213,-3.1625,-20.955,-14.698,-111.11,148.44,13.055,-5.933,-5.933,-5.933,0.12345
21.324,14.654,-33.65,14.291,-1.6213,37.244,8.3355,12.115,39.981,-26.203,85.114,54.801,4.6099,-6.3076,-21.797,-13.906,52.621,88.453,-132.42,32.568,32.568,32.568,0.030661,17.521,4.8163,10.839,15.82,-27.901,34.908,-1.1493,23.436,0.5705,-31.397,57.742,35.213,591.02,17.153,223.89,114,-263.51,-201.6,-57.369,35.799,35.799,35.799,0.3515
16.854,4.8049,-45.065,22.61,-36.766,48.357,-26.576,18.209,45.775,-35.201,12.047,126.88,0.48622,-24.19,12.708,17.989,119.57,8.4115,-61.453,-15.139,-15.139,-15.139,0.050126,-21.564,-53.666,3.2673,-9.5697,10.465,-44.015,-34.052,-29.73,-13.613,-22.641,-38.036,-3.1625,17.153,557.81,34.778,-402.3,65.761,-108.77,-31.717,5.3253,5.3253,5.3253,-0.18688
-3.009,1.9914,31.601,0.25038,8.2149,-35.012,4.2527,-2.0281,-37.277,10.731,-70.769,-61.745,3.313,-15.264,-25.481,-35.604,-56.556,-68.823,21.336,58.966,58.966,58.966,-0.019108,48.471,8.6943,58.655,50.88,14.764,-0.22892,18.845,-38.955,70.736,13.456,-82.816,-20.955,223.89,34.778,784.46,-60.646,94.762,152.19,73.812,76.87,76.87,76.87,0.54323
7.6216,-3.1253,-37.187,24.722,-47.084,31.349,-38.873,18.143,30.178,-28.691,-23.779,80.296,6.8932,-36.404,-23.77,-25.854,81.233,-21.999,-48.433,3.8087,3.8087,3.8087,0.04159,-5.6868,-56.877,27.543,15.707,-6.567,-40.409,-42.654,-38.041,19.382,-15.082,-74.951,-14.698,114,-402.3,-60.646,589.96,95.592,-34.171,9.9555,33.692,33.692,33.692,0.12237
1.3362,-4.34,-26.251,18.239,-31.927,12.219,-21.59,-7.7881,37.16,-20.074,-93.808,110.62,16.533,-20.175,-95.269,-90.249,121.41,-80.716,-96.749,38.65,38.65,38.65,0.014383,27.929,-13.507,39.317,46.007,-67.941,36.889,-23.791,29.96,20.462,-12.473,131.68,-111.11,-263.51,65.761,94.762,95.592,651.26,39.347,5.4175,59.614,59.614,59.614,0.84316
16.822,10.869,-29.759,7.9143,1.7909,37.089,5.1452,28.301,17.858,-16.255,184.32,-53.436,-2.7833,-4.3654,29.519,29.333,-58.894,181.6,-72.813,-2.1564,-2.1564,-2.1564,0.032202,-11.175,-2.3943,-17.274,-15.641,3.5519,1.1171,-7.7753,-1.9309,-7.7507,-27.13,-86.128,148.44,-201.6,-108.77,152.19,-34.171,39.347,721.16,-57.561,-8.8454,-8.8454,-8.8454,-0.25647
13.474,14.615,4.5093,-7.4159,27.02,11.556,27.378,-3.0776,7.392,-2.8276,34.159,48.791,-11.894,20.444,63.443,72.467,35.411,24.143,1.9039,-15.528,-15.528,-15.528,0.0019151,-11.727,13.78,-25.505,-30.169,42.089,-7.5128,27.575,0.080984,-34.997,-4.4191,33.712,13.055,-57.369,-31.717,73.812,9.9555,5.4175,-57.561,956.32,-28.908,-28.908,-28.908,-0.41516
-20.789,-21.754,-14.363,-9.5359,-19.936,7.4367,-23.357,-6.8471,11.013,10.531,10.323,2.8821,-1.65,16.906,15.371,17.7,5.4034,10.891,76.076,-92.854,-92.854,-92.854,-0.0039354,-68.958,-16.619,-72.929,-62.509,-22.014,-17.041,-34.922,37.509,-74.694,10.348,54.328,-5.933,35.799,5.3253,76.87,33.692,59.614,-8.8454,-28.908,885.81,-114.19,-114.19,-0.74475
-20.789,-21.754,-14.363,-9.5359,-19.936,7.4367,-23.357,-6.8471,11.013,10.531,10.323,2.8821,-1.65,16.906,15.371,17.7,5.4034,10.891,76.076,-92.854,-92.854,-92.854,-0.0039354,-68.958,-16.619,-72.929,-62.509,-22.014,-17.041,-34.922,37.509,-74.694,10.348,54.328,-5.933,35.799,5.3253,76.87,33.692,59.614,-8.8454,-28.908,-114.19,885.81,-114.19,-0.74475
-20.789,-21.754,-14.363,-9.5359,-19.936,7.4367,-23.357,-6.8471,11.013,10.531,10.323,2.8821,-1.65,16.906,15.371,17.7,5.4034,10.891,76.076,-92.854,-92.854,-92.854,-0.0039354,-68.958,-16.619,-72.929,-62.509,-22.014,-17.041,-34.922,37.509,-74.694,10.348,54.328,-5.933,35.799,5.3253,76.87,33.692,59.614,-8.8454,-28.908,-114.19,-114.19,885.81,-0.74475
0.020131,0.045936,0.079689,-0.14341,0.22728,0.052299,0.19401,-0.071831,0.0054712,0.07326,0.28546,0.27223,-0.13602,0.28117,0.74182,0.8181,0.15265,0.18022,0.55296,-0.52155,-0.52155,-0.52155,-6.8815e-05,-0.37481,0.097361,-0.52511,-0.54204,0.4085,-0.18726,0.17624,0.081008,-0.58724,0.055849,0.34212,0.12345,0.3515,-0.18688,0.54323,0.12237,0.84316,-0.25647,-0.41516,-0.74475,-0.74475,-0.74475,999.99
