1011.9,905.92,-429.88,-1116.9,323.05,323.05,323.05,192.58,522.92
813.55,645.06,-682.61,-1585,-51.551,-51.551,-51.551,55.287,120.28
1402.3,1375.1,-263.11,-542.5,590.39,590.39,590.39,635.12,848.31
0.012517,-0.011446,0.0044062,8.3575e-05,7.6523e-05,7.6523e-05,7.6523e-05,-0.0002528,0.00019873
-0.011446,0.010673,-0.0040317,-8.4401e-05,-4.9716e-05,-4.9716e-05,-4.9716e-05,1.3286e-06,-0.00026238
0.0044062,-0.0040317,0.0020327,-7.954e-05,-2.3556e-05,-2.3556e-05,-2.3556e-05,-0.00015383,5.5671e-05
8.3575e-05,-8.4401e-05,-7.954e-05,4.2517e-05,9.0143e-06,9.0143e-06,9.0143e-06,2.4218e-06,-3.5311e-06
7.6523e-05,-4.9716e-05,-2.3556e-05,9.0143e-06,0.66668,-0.33332,-0.33332,-8.7438e-06,-5.9411e-06
7.6523e-05,-4.9716e-05,-2.3556e-05,9.0143e-06,-0.33332,0.66668,-0.33332,-8.7438e-06,-5.9411e-06
7.6523e-05,-4.9716e-05,-2.3556e-05,9.0143e-06,-0.33332,-0.33332,0.66668,-8.7438e-06,-5.9411e-06
-0.0002528,1.3286e-06,-0.00015383,2.4218e-06,-8.7438e-06,-8.7438e-06,-8.7438e-06,0.0003439,0.00010962
0.00019873,-0.00026238,5.5671e-05,-3.5311e-06,-5.9411e-06,-5.9411e-06,-5.9411e-06,0.00010962,6.9953e-05
63.532,63.532,63.532,63.532,63.532,63.532,63.532,63.532,63.532
