197.01,0.59154,0.56716,0.6288,0.012477,0.42879,0.92148,1.1361,0.7073,0.052835
10.909,0.37391,0.31765,0.44849,0.0097409,0.40674,0.88306,1.0827,0.66661,0.045192
330,0.89071,0.74118,0.84092,0.014157,0.46014,0.9933,1.224,0.7905,0.064104
0.00010559,0.0061473,-0.048652,0.0020666,-0.0090667,-0.1114,0.037317,-0.0096781,0.10171,-0.010528
0.0061473,44.492,-43.288,60.581,0.85246,38.45,-9.2392,-2.6967,-41.15,-12.458
-0.048652,-43.288,139.4,-126.94,4.7744,16.195,-0.86825,15.549,-0.62959,36.013
0.0020666,60.581,-126.94,220.1,-2.9763,28.142,-63.495,-62.955,-91.11,-56.686
-0.0090667,0.85246,4.7744,-2.9763,999.78,-1.4635,0.31873,-0.099268,1.3647,-1.6952
-0.1114,38.45,16.195,28.142,-1.4635,927.25,-44.636,-99.769,-27.009,-16.262
0.037317,-9.2392,-0.86825,-63.495,0.31873,-44.636,763.77,-255.47,-210.84,23.334
-0.0096781,-2.6967,15.549,-62.955,-0.099268,-99.769,-255.47,672.81,-227.42,8.0937
0.10171,-41.15,-0.62959,-91.11,1.3647,-27.009,-210.84,-227.42,799.58,24.359
-0.010528,-12.458,36.013,-56.686,-1.6952,-16.262,23.334,8.0937,24.359,977.78
