350.51,136.86,-318.05,145.94,56.813,287.15,288.36,139.26,79.665,186.73,601.64,456.55,236.15,340.91,617.39,812.8,346.49,104.75,-668.73,-3.9764,-3.9764,-3.9764,3.0762,46.266,26618,19.651,-6.1624
223.57,32.118,-494.14,28.838,10.782,6.1483,166.08,6.8112,0.15388,13.055,107.56,8.1755,15.74,7.1024,18.73,27.163,55.555,32.638,-1068.2,-47.591,-47.591,-47.591,0.0053909,-23.394,-60753,-426.28,-243.14
547.2,247.42,-179.7,249.18,172.13,496.39,470.33,320.37,177.94,571.58,995.13,992.43,999.38,992.65,999.41,996.3,991.63,264.03,-401.47,27.806,27.806,27.806,11.042,103.5,91504,449.33,356.86
0.89773,-0.062234,0.08782,-0.055208,0.0075985,-0.084467,-0.095667,-0.042904,-0.0070433,0.11187,-0.013802,-0.015779,0.030685,0.068838,0.01811,0.0075902,0.083502,0.063451,0.15697,0.032433,0.032433,0.032433,-0.0034357,-0.022574,6.6232e-05,0.0001194,0.024535
-0.062234,0.95089,0.048344,-0.045128,-0.0037205,-0.04197,-0.053602,-0.029704,-0.011492,0.08427,-0.008786,-0.042579,-0.0090285,0.027813,0.017258,0.017167,0.032414,0.0381,0.10163,0.013192,0.013192,0.013192,-0.0020881,-0.026632,8.9634e-05,0.085061,0.032375
0.08782,0.048344,0.92219,0.04151,-0.011822,0.077164,0.084689,0.03409,0.0033205,-0.087581,0.0071153,-0.0010499,-0.042226,-0.067426,-0.015283,-0.0025523,-0.078448,-0.058748,-0.13026,-0.031821,-0.031821,-0.031821,0.0029528,0.013059,-3.6959e-05,0.036572,-0.011163
-0.055208,-0.045128,0.04151,0.95204,-0.018184,-0.032033,-0.043668,-0.03364,-0.0081725,0.093757,-0.03471,-0.055459,-0.044614,-0.0052769,0.0097581,0.0039288,0.043387,-0.0016148,0.10441,0.0026527,0.0026527,0.0026527,-0.0018446,-0.029584,5.3957e-05,0.060706,0.042685
0.0075985,-0.0037205,-0.011822,-0.018184,0.9589,0.026923,0.017841,-0.017115,0.0046483,0.040285,-0.063362,-0.043633,-0.12135,-0.038249,-0.01168,0.010791,-0.0071195,-0.086053,0.023371,-0.024771,-0.024771,-0.024771,0.0001815,-0.016651,-0.0001638,-0.0091377,0.057578
-0.084467,-0.04197,0.077164,-0.032033,0.026923,0.91259,-0.08417,-0.028865,-0.0030018,0.061514,-0.0055407,0.030994,0.10558,0.048153,-0.0051703,-0.038883,0.10305,0.076948,0.11819,0.035578,0.035578,0.035578,-0.0027227,-0.0060118,8.0524e-05,-0.026185,-0.020655
-0.095667,-0.053602,0.084689,-0.043668,0.017841,-0.08417,0.90619,-0.032151,-0.0067717,0.094286,0.014175,-0.0077091,0.054456,0.078218,0.032281,0.012722,0.077387,0.079779,0.13481,0.038304,0.038304,0.038304,-0.003226,-0.013393,-9.871e-05,-0.029038,0.0048184
-0.042904,-0.029704,0.03409,-0.03364,-0.017115,-0.028865,-0.032151,0.96079,0.005263,0.051589,-0.087489,0.022569,-0.033048,0.033818,-0.053637,-0.010198,0.035672,-0.021283,0.092941,-0.0013952,-0.0013952,-0.0013952,-0.0014423,-0.019075,0.00032678,0.022857,0.056271
-0.0070433,-0.011492,0.0033205,-0.0081725,0.0046483,-0.0030018,-0.0067717,0.005263,0.9889,0.019184,0.039707,-0.045286,0.0098092,-0.02277,0.03662,0.0067086,-0.00043198,0.02719,0.0025261,0.0039498,0.0039498,0.0039498,-0.000204,-0.007422,-2.7315e-05,0.059929,-0.013454
0.11187,0.08427,-0.087581,0.093757,0.040285,0.061514,0.094286,0.051589,0.019184,0.77808,0.0033192,0.18209,0.12114,0.043047,-0.10685,-0.032318,-0.10266,0.013017,-0.19926,-0.011809,-0.011809,-0.011809,0.0038234,0.052254,0.00075746,0.0056317,-0.059136
-0.013802,-0.008786,0.0071153,-0.03471,-0.063362,-0.0055407,0.014175,-0.087489,0.039707,0.0033192,0.65653,0.16986,-0.10119,0.0073686,-0.27585,-0.11689,0.068686,-0.17871,0.12427,-0.049372,-0.049372,-0.049372,-0.00033145,-0.026152,-0.00010014,0.021577,0.14493
-0.015779,-0.042579,-0.0010499,-0.055459,-0.043633,0.030994,-0.0077091,0.022569,-0.045286,0.18209,0.16986,0.64269,-0.16508,-0.22395,0.25764,0.058446,0.021411,-0.025725,0.023528,-0.012299,-0.012299,-0.012299,-0.00056151,-0.045155,0.00064179,0.071442,-0.023091
0.030685,-0.0090285,-0.042226,-0.044614,-0.12135,0.10558,0.054456,-0.033048,0.0098092,0.12114,-0.10119,-0.16508,0.56597,0.006014,0.049692,0.17531,-0.13376,-0.21915,0.031958,-0.061024,-0.061024,-0.061024,0.00045601,-0.043189,-0.00069349,-0.063582,0.2034
0.068838,0.027813,-0.067426,-0.0052769,-0.038249,0.048153,0.078218,0.033818,-0.02277,0.043047,0.0073686,-0.22395,0.006014,0.47552,0.053968,-0.26675,0.19493,-0.15371,-0.064494,-0.061276,-0.061276,-0.061276,0.0030414,-0.020075,0.00067715,0.063906,-0.14151
0.01811,0.017258,-0.015283,0.0097581,-0.01168,-0.0051703,0.032281,-0.053637,0.03662,-0.10685,-0.27585,0.25764,0.049692,0.053968,0.70279,-0.13018,0.025964,-0.083821,0.03288,-0.032096,-0.032096,-0.032096,0.00084125,0.00093487,0.00026451,0.092925,0.075964
0.0075902,0.017167,-0.0025523,0.0039288,0.010791,-0.038883,0.012722,-0.010198,0.0067086,-0.032318,-0.11689,0.058446,0.17531,-0.26675,-0.13018,0.71091,0.21956,-0.0629,0.020021,-0.021718,-0.021718,-0.021718,0.00097511,0.0031428,-0.00010861,0.016943,-0.10938
0.083502,0.032414,-0.078448,0.043387,-0.0071195,0.10305,0.077387,0.035672,-0.00043198,-0.10266,0.068686,0.021411,-0.13376,0.19493,0.025964,0.21956,0.72266,0.022444,-0.15014,-0.012865,-0.012865,-0.012865,0.0022826,0.010553,0.00052738,0.12131,0.086968
0.063451,0.0381,-0.058748,-0.0016148,-0.086053,0.076948,0.079779,-0.021283,0.02719,0.013017,-0.17871,-0.025725,-0.21915,-0.15371,-0.083821,-0.0629,0.022444,0.75463,-0.01456,-0.068497,-0.068497,-0.068497,0.0021174,-0.010356,-0.00032454,-0.13665,0.079635
0.15697,0.10163,-0.13026,0.10441,0.023371,0.11819,0.13481,0.092941,0.0025261,-0.19926,0.12427,0.023528,0.031958,-0.064494,0.03288,0.020021,-0.15014,-0.01456,0.71805,-0.025189,-0.025189,-0.025189,0.0052416,0.051466,-0.00038026,-0.015676,-0.091292
0.032433,0.013192,-0.031821,0.0026527,-0.024771,0.035578,0.038304,-0.0013952,0.0039498,-0.011809,-0.049372,-0.012299,-0.061024,-0.061276,-0.032096,-0.021718,-0.012865,-0.068497,-0.025189,0.97376,-0.026241,-0.026241,0.0011226,-0.0061844,-4.4521e-05,0.028849,0.022157
0.032433,0.013192,-0.031821,0.0026527,-0.024771,0.035578,0.038304,-0.0013952,0.0039498,-0.011809,-0.049372,-0.012299,-0.061024,-0.061276,-0.032096,-0.021718,-0.012865,-0.068497,-0.025189,-0.026241,0.97376,-0.026241,0.0011226,-0.0061844,-4.4521e-05,0.028849,0.022157
0.032433,0.013192,-0.031821,0.0026527,-0.024771,0.035578,0.038304,-0.0013952,0.0039498,-0.011809,-0.049372,-0.012299,-0.061024,-0.061276,-0.032096,-0.021718,-0.012865,-0.068497,-0.025189,-0.026241,-0.026241,0.97376,0.0011226,-0.0061844,-4.4521e-05,0.028849,0.022157
-0.0034357,-0.0020881,0.0029528,-0.0018446,0.0001815,-0.0027227,-0.003226,-0.0014423,-0.000204,0.0038234,-0.00033145,-0.00056151,0.00045601,0.0030414,0.00084125,0.00097511,0.0022826,0.0021174,0.0052416,0.0011226,0.0011226,0.0011226,0.99988,-0.00073945,2.2133e-05,-0.00042851,0.0011715
-0.022574,-0.026632,0.013059,-0.029584,-0.016651,-0.0060118,-0.013393,-0.019075,-0.007422,0.052254,-0.026152,-0.045155,-0.043189,-0.020075,0.00093487,0.0031428,0.010553,-0.010356,0.051466,-0.0061844,-0.0061844,-0.0061844,-0.00073945,0.97733,7.6812e-06,0.084592,0.033273
6.6232e-05,8.9634e-05,-3.6959e-05,5.3957e-05,-0.0001638,8.0524e-05,-9.871e-05,0.00032678,-2.7315e-05,0.00075746,-0.00010014,0.00064179,-0.00069349,0.00067715,0.00026451,-0.00010861,0.00052738,-0.00032454,-0.00038026,-4.4521e-05,-4.4521e-05,-4.4521e-05,2.2133e-05,7.6812e-06,4.7501e-06,0.00040666,-0.0013659
0.0001194,0.085061,0.036572,0.060706,-0.0091377,-0.026185,-0.029038,0.022857,0.059929,0.0056317,0.021577,0.071442,-0.063582,0.063906,0.092925,0.016943,0.12131,-0.13665,-0.015676,0.028849,0.028849,0.028849,-0.00042851,0.084592,0.00040666,0.096777,-0.058945
0.024535,0.032375,-0.011163,0.042685,0.057578,-0.020655,0.0048184,0.056271,-0.013454,-0.059136,0.14493,-0.023091,0.2034,-0.14151,0.075964,-0.10938,0.086968,0.079635,-0.091292,0.022157,0.022157,0.022157,0.0011715,0.033273,-0.0013659,-0.058945,0.82684
80.404,80.404,80.404,80.404,80.404,80.404,80.404,80.404,80.404,80.404,80.404,80.404,80.404,80.404,80.404,80.404,80.404,80.404,80.404,80.404,80.404,80.404,80.404,80.404,80.404,80.404,80.404
