885.42,76.923,74.51,783.63,7.7195,363.48,441.22,663.53,288.47,132.77
1328.1,482.14,219.61,1785.6,22.296,479,650.98,870.12,478.17,259.84
0.11779,-0.078052,-0.19726,-0.042586,0.028176,0.1731,-0.053738,0.15108,-0.022026,-0.0056033
-0.078052,0.05213,0.14013,0.028065,-0.013001,-0.11147,0.025952,-0.095802,0.015662,0.005669
-0.19726,0.14013,0.73177,0.058975,-0.020992,-0.12754,-0.31923,-0.057299,0.070243,0.085681
-0.042586,0.028065,0.058975,0.016055,0.0041272,-0.06923,0.031905,-0.061681,0.0075474,-0.00063837
0.028176,-0.013001,-0.020992,0.0041272,0.99234,-0.04562,-0.048598,-0.014776,0.030843,-0.023598
0.1731,-0.11147,-0.12754,-0.06923,-0.04562,0.66433,-0.24389,-0.025149,0.31052,0.025543
-0.053738,0.025952,-0.31923,0.031905,-0.048598,-0.24389,0.4423,-0.26822,-0.024336,-0.074837
0.15108,-0.095802,-0.057299,-0.061681,-0.014776,-0.025149,-0.26822,0.62721,-0.34765,0.032011
-0.022026,0.015662,0.070243,0.0075474,0.030843,0.31052,-0.024336,-0.34765,0.34183,0.0064575
-0.0056033,0.005669,0.085681,-0.00063837,-0.023598,0.025543,-0.074837,0.032011,0.0064575,0.016955
53.699,53.699,53.699,53.699,53.699,53.699,53.699,53.699,53.699,53.699
1057.3,250.03,143.42,1138.4,15.998,412.31,579.63,775.39,363.08,194.72
1,1,1,1,1,1,1,1,1,1
