156.62,0.60769,0.75515,0.00051863,0.13906,0.010048,0.087117,-0.05194,1.4754,1.0074,0.37806,0.99661
1.1321,0.12121,0.41176,4.0272e-05,0.045133,-0.13428,-0.051908,-0.20143,0.015315,0.12402,0.036808,0.94575
358.81,0.94271,1,0.0033789,0.33235,0.30168,0.36403,0.27599,7.5619,2.0309,1.134,0.99999
8.828e-05,-0.0021023,-0.0062233,-0.00045009,-0.0033395,-0.023133,0.00092792,0.0042671,0.0024642,-0.0029335,-0.014061,-0.0061142
-0.0021023,22.589,-4.4921,0.29419,7.6722,3.3297,6.6019,-1.0704,0.16309,-0.25909,1.8287,0.38803
-0.0062233,-4.4921,45.353,-0.0070617,-6.5264,-13.179,-4.1283,2.3984,-3.2276,8.9714,18.396,2.5606
-0.00045009,0.29419,-0.0070617,999.86,-5.7402,-0.87085,-2.6455,3.0948,0.06228,-0.14917,0.32721,1.18
-0.0033395,7.6722,-6.5264,-5.7402,474.08,11.05,-264.19,261.73,3.8734,-10.478,-25.35,42.94
-0.023133,3.3297,-13.179,-0.87085,11.05,628.67,-249.52,-260.57,-1.0305,-0.27969,11.732,-2.5637
0.00092792,6.6019,-4.1283,-2.6455,-264.19,-249.52,527.55,-208.27,-0.79332,-1.3224,3.3873,21.977
0.0042671,-1.0704,2.3984,3.0948,261.73,-260.57,-208.27,530.01,-4.6667,9.1561,28.738,-20.964
0.0024642,0.16309,-3.2276,0.06228,3.8734,-1.0305,-0.79332,-4.6667,4.6687,-3.6092,-26.186,0.6702
-0.0029335,-0.25909,8.9714,-0.14917,-10.478,-0.27969,-1.3224,9.1561,-3.6092,12.669,8.2201,-0.1163
-0.014061,1.8287,18.396,0.32721,-25.35,11.732,3.3873,28.738,-26.186,8.2201,187.95,-14.495
-0.0061142,0.38803,2.5606,1.18,42.94,-2.5637,21.977,-20.964,0.6702,-0.1163,-14.495,964.1
