0.98283,0.90971,0.34869,-0.18417,0.99346,0.99346,0.99346,0.10821
0.88498,0.79579,0.22054,-0.32154,0.89394,0.89394,0.89394,0.012375
1.1219,1.1,0.43837,-0.090704,1.0913,1.0913,1.0913,0.21145
6975.6,-3368.7,794.65,2864.6,-470.51,-470.51,-470.51,269.27
-3368.7,6061.9,1366.2,3220.6,112.01,112.01,112.01,-307.13
794.65,1366.2,8545.8,-829.8,-1523,-1523,-1523,1500.8
2864.6,3220.6,-829.8,7281.9,343.66,343.66,343.66,-157.71
-470.51,112.01,-1523,343.66,7749.5,-2250.5,-2250.5,2119.8
-470.51,112.01,-1523,343.66,-2250.5,7749.5,-2250.5,2119.8
-470.51,112.01,-1523,343.66,-2250.5,-2250.5,7749.5,2119.8
269.27,-307.13,1500.8,-157.71,2119.8,2119.8,2119.8,7992.9
