847.36,745.09,743.14,565.13,10.878,382.59,898.37,1082.5,699.95,12.88,217.17,190.45,39.926
57.888,226.89,403.92,426.51,1.2428,154.51,838,1031.9,622.51,1.4803,140.08,62.002,0.23252
1401.2,945.21,968.63,757.79,13.775,437,982.54,1170.2,898,28.718,246.58,229.24,150.56
0.001255,0.0027426,0.0015846,0.013114,0.00043112,0.0036871,-0.0018513,0.005118,0.0014196,-0.012547,0.018634,-0.0070651,-0.018128
0.0027426,0.0063408,0.0034955,0.030015,-0.0013191,0.0080473,-0.00503,0.011558,0.0035153,-0.025189,0.045334,-0.017815,-0.0419
0.0015846,0.0034955,0.0021248,0.016473,0.000782,0.0056373,-0.0069918,0.0095205,0.0038736,-0.013783,0.021066,-0.009573,-0.02363
0.013114,0.030015,0.016473,0.1434,-0.0015739,0.03814,-0.020301,0.052928,0.014789,-0.12534,0.22039,-0.087416,-0.1988
0.00043112,-0.0013191,0.000782,-0.0015739,0.99516,0.0041484,0.021181,0.0071045,0.0029701,-0.037368,-0.038692,-0.034099,-0.004405
0.0036871,0.0080473,0.0056373,0.03814,0.0041484,0.37065,-0.11635,-0.24665,0.38265,-0.006947,0.012942,-0.059689,-0.067772
-0.0018513,-0.00503,-0.0069918,-0.020301,0.021181,-0.11635,0.51692,-0.33059,-0.21424,-0.1215,0.15692,0.16725,0.094512
0.005118,0.011558,0.0095205,0.052928,0.0071045,-0.24665,-0.33059,0.55931,-0.19409,0.037436,-0.045184,-0.12909,-0.11615
0.0014196,0.0035153,0.0038736,0.014789,0.0029701,0.38265,-0.21424,-0.19409,0.42326,0.044619,-0.058014,-0.069428,-0.048411
-0.012547,-0.025189,-0.013783,-0.12534,-0.037368,-0.006947,-0.1215,0.037436,0.044619,0.25052,-0.2315,0.025706,0.14382
0.018634,0.045334,0.021066,0.22039,-0.038692,0.012942,0.15692,-0.045184,-0.058014,-0.2315,0.46955,-0.11519,-0.27956
-0.0070651,-0.017815,-0.009573,-0.087416,-0.034099,-0.059689,0.16725,-0.12909,-0.069428,0.025706,-0.11519,0.14229,0.14173
-0.018128,-0.0419,-0.02363,-0.1988,-0.004405,-0.067772,0.094512,-0.11615,-0.048411,0.14382,-0.27956,0.14173,0.28695
68.616,68.616,68.616,68.616,68.616,68.616,68.616,68.616,68.616,68.616,68.616,68.616,68.616
