0.53015,0.52974,-0.018574,-0.052197,0.017948,0.017948,0.017948,0.08108
0.19943,0.19942,-0.045435,-0.084924,0.014113,0.014113,0.014113,2.4149e-05
1.0044,1.0034,-0.0017314,-0.021653,0.022196,0.022196,0.022196,0.29846
5049.3,-4947.7,109.52,420.64,-127.08,-127.08,-127.08,-166.73
-4947.7,5054.4,68.784,355.52,-141.15,-141.15,-141.15,-165.26
109.52,68.784,8359.7,-2596.5,-574.76,-574.76,-574.76,208.45
420.64,355.52,-2596.5,5615.3,-821.24,-821.24,-821.24,-1226.1
-127.08,-141.15,-574.76,-821.24,9768.5,-231.52,-231.52,546.8
-127.08,-141.15,-574.76,-821.24,-231.52,9768.5,-231.52,546.8
-127.08,-141.15,-574.76,-821.24,-231.52,-231.52,9768.5,546.8
-166.73,-165.26,208.45,-1226.1,546.8,546.8,546.8,642.17
