0.77265,0.68995,0.30152,0.30392,0.17013,0.65067,0.68339,0.15278,0.25276,0.013292,0.70428,0.67411,0.13306,0.66442,0.6809,0.97432,0.07178,0.10852,-0.00083121,0.64419,0.64419,0.64419,0.064226,0.26802,13.285,-0.049086,0.12222,0.62268,0.58128,0.14978,0.37903,0.15013,0.34324,0.51212,0.061904,0.24889,0.18844,0.5151,0.64041,0.19578,0.72455,0.60962,0.80138,0.25564,0.24642,-0.38714,0.59638,0.59638,0.59638,0.24789,0.29216,-34.406,0.014029,0.086928
0.46265,0.29236,0.19304,0.17096,0.011103,0.26753,0.27744,0.12488,0.05069,0.0061801,0.50463,0.42501,0.016146,0.3754,0.50487,0.85675,0.022292,0.0061345,-0.11261,0.34943,0.34943,0.34943,5.5486e-06,-0.1221,-262.46,-0.31572,-0.18039,0.30301,0.21669,-0.014388,0.12847,0.0011635,0.13212,0.087715,0.0062916,0.11454,0.010549,0.034087,0.02888,0.044245,0.47821,0.40748,0.0061912,0.042796,0.057708,-0.59085,0.34205,0.34205,0.34205,9.962e-06,0.16055,-187.93,-0.42209,-0.1098
1.2717,1.2538,0.39521,0.4129,0.64064,1.0852,1.2639,0.21044,0.37291,0.023728,0.90488,0.86318,0.51519,0.86305,0.86227,0.99973,0.20067,0.47509,0.066742,0.81167,0.81167,0.81167,0.37157,0.38701,212.86,0.17246,0.53726,1.268,1.2568,0.31393,1.2447,0.23336,0.93038,1.2516,0.13343,0.35662,0.999,0.82592,0.9069,0.50697,0.90439,0.74528,0.99742,0.74582,0.66612,-0.24012,0.6971,0.6971,0.6971,1.4872,0.41824,138.18,0.19095,0.24314
922.15,-87.46,10.517,13.946,-50.103,-73.429,-89.74,2.6273,22.987,-1.2136,-18.434,27.532,-40.235,31.792,-6.3938,12.711,-12.861,-39.447,-2.2815,28.623,28.623,28.623,-33.358,3.5677,0.0364,28.955,-47.171,-70.073,-78.536,24.95,-16.626,10.74,-60.284,-85.952,-5.8582,19.736,-22.95,46.527,-6.4003,17.456,-23.599,28.503,19.948,-3.1128,-4.1956,36.279,29.118,29.118,29.118,-34.315,-8.2106,-0.22625,-0.90154,-38.419
-87.46,897.26,20.225,20.425,-53.897,-87.339,-103.44,5.3338,28.398,-1.1076,-23.814,36.285,-36.131,40.232,-12.232,12.128,-9.9639,-36.747,6.5001,31.828,31.828,31.828,-32.248,32.831,-0.071059,33.342,-51.153,-64.96,-80.099,41.173,-26.489,27.054,-49.217,-82.772,-5.5331,25.749,-30.347,66.29,-11.436,11.634,-31.829,44.705,28.018,-13.175,-10.905,52.996,33.016,33.016,33.016,-44.134,8.883,-0.39631,11.079,-65.837
10.517,20.225,980.47,-13.706,9.4215,17.036,17.067,-5.4741,-11.515,-0.32796,11.933,-18.222,-5.7572,-17.772,12.467,0.73972,-4.5072,-3.466,-15.678,-8.6541,-8.6541,-8.6541,-1.2592,-56.453,0.077312,-15.227,14.308,-24.304,-12.606,-30.717,1.1446,-32.098,-18.453,-23.395,0.25965,-10.427,-2.314,-25.545,19.619,17.359,13.894,-32.126,-0.5315,10.856,7.2403,-32.965,-6.8888,-6.8888,-6.8888,-6.2443,-32.451,0.18489,-31.077,50.714
13.946,20.425,-13.706,988.85,15.324,15.837,18.894,-3.8065,-11.305,-0.068782,11.1,-16.158,4.8366,-16.715,9.1521,-1.9612,0.24668,5.7665,-7.9388,-11.505,-11.505,-11.505,5.4618,-33.572,0.082792,-18.235,20.674,-11.938,-4.4619,-21.757,-8.3451,-20.969,1.2832,-10.598,1.7236,-8.637,-8.4424,-14.441,19.078,11.248,10.778,-24.136,6.2644,1.214,1.1678,-25.832,-8.5082,-8.5082,-8.5082,-14.507,-17.224,0.1261,-23.26,34.646
-50.103,-53.897,9.4215,15.324,944.53,-38.592,-56.453,2.4113,24.42,-0.88181,-21.326,28.544,-48.669,33.425,-7.9526,14.192,-17.351,-46.069,-9.4575,35.211,35.211,35.211,-36.7,-7.3379,0.45548,48.295,-66.359,-28.051,-30.446,17.27,41.917,6.6442,-73.715,-34.642,-8.744,14.012,30.637,0.78105,-35.003,0.90849,-14.589,25.312,-29.156,26.92,15.813,32.471,25.915,25.915,25.915,46.542,-16.263,-0.53536,19.1,-21.727
-73.429,-87.339,17.036,15.837,-38.592,923.82,-87.449,4.5023,21.417,-0.87794,-17.663,27.968,-23.173,30.611,-9.6813,8.3151,-5.4302,-24.411,8.5222,22.039,22.039,22.039,-22.363,32.941,-0.2197,19.852,-32.8,-57.968,-72.052,35.467,-37.55,24.196,-29.908,-73.924,-3.169,21.591,-38.486,65.051,-1.4447,11.878,-27.388,36.795,35.684,-19.983,-14.866,43.117,25.76,25.76,25.76,-56.59,12.201,-0.23415,4.9854,-58.236
-89.74,-103.44,17.067,18.894,-56.453,-87.449,895.02,4.4289,28.049,-1.2494,-23.111,34.924,-41.158,39.352,-10.349,13.416,-12.234,-41.121,2.6516,32.874,32.874,32.874,-35.452,20.977,-0.12551,33.981,-53.45,-72.63,-85.676,36.475,-23.521,21.17,-58.785,-90.903,-6.1595,24.854,-28.937,61.731,-10.001,15.399,-30.319,40.326,26.104,-9.1404,-8.3884,49.038,33.774,33.774,33.774,-42.536,1.1085,-0.2915,6.1372,-57.574
2.6273,5.3338,-5.4741,-3.8065,2.4113,4.5023,4.4289,998.46,-3.1422,-0.098323,3.2808,-5.0174,-1.8379,-4.8684,3.4928,0.27383,-1.3443,-1.1835,-4.4556,-2.2984,-2.2984,-2.2984,-0.52496,-15.966,-0.22562,-4.1397,3.7901,-7.1659,-3.8907,-8.5763,0.31793,-9.0323,-5.5348,-6.9752,0.04081,-2.8599,-0.69798,-7.0559,5.481,4.9753,3.8254,-8.9513,-0.11594,3.0949,2.0536,-9.1512,-1.8094,-1.8094,-1.8094,-1.8303,-9.2306,0.2177,-8.7694,14.178
22.987,28.398,-11.515,-11.305,24.42,21.417,28.049,-3.1422,986.22,0.19341,12.799,-18.063,15.657,-19.687,8.0627,-4.9544,4.5693,15.639,-2.9529,-16.589,-16.589,-16.589,13.082,-20.492,0.2182,-24.099,30.421,0.55915,6.2695,-19.04,-14.886,-15.656,19.717,3.4063,3.3399,-9.4955,-12.139,-10.925,20.944,6.7369,11.143,-22.587,10.436,-5.4291,-2.8272,-25.588,-12.448,-12.448,-12.448,-19.563,-7.3177,-0.054798,-19.778,28.932
-1.2136,-1.1076,-0.32796,-0.068782,-0.88181,-0.87794,-1.2494,-0.098323,0.19341,999.97,-0.092009,0.10108,-1.116,0.21267,0.19933,0.31311,-0.44571,-1.0201,-0.54801,0.43792,0.43792,0.43792,-0.7983,-1.5998,-0.00080203,0.3559,-0.7834,-1.9182,-1.7286,-0.37504,0.10784,-0.7011,-1.956,-2.1732,-0.144,0.098159,-0.16725,-0.039857,0.19676,0.75147,-0.06069,-0.30236,0.054361,0.46539,0.26337,-0.15886,0.42468,0.42468,0.42468,-0.32325,-1.1599,-0.013843,-0.74722,0.71086
-18.434,-23.814,11.933,11.1,-21.326,-17.663,-23.111,3.2808,12.799,-0.092009,987.85,17.16,-12.329,18.445,-8.3212,3.983,-3.3233,-12.528,4.1406,14.966,14.966,14.966,-10.58,23.721,-0.54445,22.664,-27.634,5.2973,-0.58349,19.179,15.197,16.841,-14.139,3.4016,-2.8973,8.7815,13.174,9.7436,-21.251,-8.7792,-10.404,22.493,-11.151,4.5959,2.4232,24.998,10.821,10.821,10.821,21.265,9.931,0.066794,21.401,-29.415
27.532,36.285,-18.222,-16.158,28.544,27.968,34.924,-5.0174,-18.063,0.10108,17.16,975.33,14.568,-26.225,12.369,-4.9552,3.3531,15.278,-8.0598,-20.087,-20.087,-20.087,13.305,-39.292,0.48789,-29.972,36.312,-6.8739,2.8198,-29.66,-14.989,-26.53,14.808,-3.5621,3.5707,-13.261,-13.219,-19.692,28.005,12.451,16.094,-33.802,10.558,-2.1448,-0.59853,-37.215,-15.233,-15.233,-15.233,-22.119,-17.916,-0.097006,-30.424,46.361
-40.235,-36.131,-5.7572,4.8366,-48.669,-23.173,-41.158,-1.8379,15.657,-1.116,-12.329,14.568,946.18,19.851,1.581,14.9,-21.186,-49.313,-22.105,29.036,29.036,29.036,-37.992,-51.817,0.12322,37.909,-56.722,-44.153,-37.088,-6.9947,46.809,-18.478,-89.094,-49.439,-8.7573,5.5887,32.491,-22.052,-21.798,13.258,-3.2626,0.27562,-32.913,37.399,22.795,6.7619,20.431,20.431,20.431,47.207,-41.981,0.045181,-3.5943,18.617
31.792,40.232,-17.772,-16.715,33.425,30.611,39.352,-4.8684,-19.687,0.21267,18.445,-26.225,19.851,971.7,12.276,-6.4287,5.4119,20.137,-5.9941,-22.995,-22.995,-22.995,17.068,-34.531,0.47172,-33.723,41.937,-2.3399,6.7585,-29.197,-19.276,-24.906,23.504,1.5655,4.4278,-13.919,-16.129,-17.941,30.114,11.125,16.562,-34.044,13.522,-5.6179,-2.7006,-38.114,-17.335,-17.335,-17.335,-26.345,-13.973,-0.088969,-30.123,44.917
-6.3938,-12.232,12.467,9.1521,-7.9526,-9.6813,-10.349,3.4928,8.0627,0.19933,-8.3212,12.369,1.581,12.276,991.84,0.066306,2.0096,0.33833,9.0883,6.9246,6.9246,6.9246,-0.55066,34.486,-0.59892,12.25,-12.221,17.015,9.9882,19.309,4.252,20.073,8.4556,16.826,-0.61346,6.6097,5.7618,13.166,-15.177,-11.896,-8.595,20.723,-3.6505,-4.0905,-2.7951,21.43,4.916,4.916,4.916,10.43,19.34,0.1094,21.331,-31.418
12.711,12.128,0.73972,-1.9612,14.192,8.3151,13.416,0.27383,-4.9544,0.31311,3.983,-4.9552,14.9,-6.4287,0.066306,995.81,5.7341,13.764,5.4239,-8.5129,-8.5129,-8.5129,10.714,11.987,-0.055678,-11.005,16.346,12.647,11.314,0.41602,-11.772,3.7319,24.281,14.446,2.4381,-2.2179,-7.966,3.94,6.351,-3.4503,1.796,-1.606,8.078,-9.4041,-5.6585,-3.5141,-6.2344,-6.2344,-6.2344,-11.624,10.329,0.041397,0.16418,-2.6009
-12.861,-9.9639,-4.5072,0.24668,-17.351,-5.4302,-12.234,-1.3443,4.5693,-0.44571,-3.3233,3.3531,-21.186,5.4119,2.0096,5.7341,991.35,-19.16,-10.409,10.115,10.115,10.115,-14.531,-26.512,0.033545,13.13,-20.295,-17.929,-13.676,-6.5306,19.819,-10.875,-36.109,-19.471,-3.3609,0.65999,13.857,-12.945,-6.8977,6.4301,0.74116,-3.8058,-14.189,16.405,10.134,-1.4922,6.7403,6.7403,6.7403,19.901,-19.882,0.079002,-4.2979,13.58
-39.447,-36.747,-3.466,5.7665,-46.069,-24.411,-41.121,-1.1835,15.639,-1.0201,-12.528,15.278,-49.313,20.137,0.33833,13.764,-19.16,954.6,-18.86,27.657,27.657,27.657,-35.17,-42.533,0.11396,36.117,-53.566,-40.267,-35.006,-3.3275,41.508,-14.02,-80.807,-45.598,-8.0869,6.3979,28.665,-16.55,-21.205,11.266,-4.6731,3.4283,-28.94,32.789,19.867,9.5739,19.805,19.805,19.805,41.82,-35.753,0.011464,-1.0718,11.944
-2.2815,6.5001,-15.678,-7.9388,-9.4575,8.5222,2.6516,-4.4556,-2.9529,-0.54801,4.1406,-8.0598,-22.105,-5.9941,9.0883,5.4239,-10.409,-18.86,981.15,3.8915,3.8915,3.8915,-13.341,-57.375,0.19104,3.5278,-10.138,-26.391,-15.242,-24.674,22.272,-28.893,-42.806,-26.389,-2.9266,-6.1945,14.732,-30.108,3.6394,14.554,9.7399,-22.848,-16.361,22.899,14.586,-21.445,1.2947,1.2947,1.2947,19.716,-37.058,-0.018013,-20.732,43.436
28.623,31.828,-8.6541,-11.505,35.211,22.039,32.874,-2.2984,-16.589,0.43792,14.966,-20.087,29.036,-22.995,6.9246,-8.5129,10.115,27.657,3.8915,976.88,-23.125,-23.125,22.067,-3.5438,-0.041146,-33.366,43.987,8.3116,10.974,-14.434,-31.136,-8.6988,42.48,11.395,5.5725,-9.4303,-24.426,0.33648,27.135,4.0343,9.9797,-19.945,22.602,-17.552,-10.426,-24.288,-16.237,-16.237,-16.237,-37.488,5.3464,0.21168,-18.562,19.349
28.623,31.828,-8.6541,-11.505,35.211,22.039,32.874,-2.2984,-16.589,0.43792,14.966,-20.087,29.036,-22.995,6.9246,-8.5129,10.115,27.657,3.8915,-23.125,976.88,-23.125,22.067,-3.5438,-0.041146,-33.366,43.987,8.3116,10.974,-14.434,-31.136,-8.6988,42.48,11.395,5.5725,-9.4303,-24.426,0.33648,27.135,4.0343,9.9797,-19.945,22.602,-17.552,-10.426,-24.288,-16.237,-16.237,-16.237,-37.488,5.3464,0.21168,-18.562,19.349
28.623,31.828,-8.6541,-11.505,35.211,22.039,32.874,-2.2984,-16.589,0.43792,14.966,-20.087,29.036,-22.995,6.9246,-8.5129,10.115,27.657,3.8915,-23.125,-23.125,976.88,22.067,-3.5438,-0.041146,-33.366,43.987,8.3116,10.974,-14.434,-31.136,-8.6988,42.48,11.395,5.5725,-9.4303,-24.426,0.33648,27.135,4.0343,9.9797,-19.945,22.602,-17.552,-10.426,-24.288,-16.237,-16.237,-16.237,-37.488,5.3464,0.21168,-18.562,19.349
-33.358,-32.248,-1.2592,5.4618,-36.7,-22.363,-35.452,-0.52496,13.082,-0.7983,-10.58,13.305,-37.992,17.068,-0.55066,10.714,-14.531,-35.17,-13.341,22.067,22.067,22.067,972.55,-28.847,0.16496,28.518,-42.212,-32.26,-29.289,0.017022,29.454,-8.5052,-61.624,-37.031,-6.2359,6.1078,19.85,-8.7122,-16.579,8.5219,-5.1775,5.1998,-20.105,23.427,14.049,10.138,16.282,16.282,16.282,29.023,-25.394,-0.14614,0.31785,4.8382
3.5677,32.831,-56.453,-33.572,-7.3379,32.941,20.977,-15.966,-20.492,-1.5998,23.721,-39.292,-51.817,-34.531,34.486,11.987,-26.512,-42.533,-57.375,-3.5438,-3.5438,-3.5438,-28.847,812.91,0.56908,-14.433,-0.51626,-91.716,-55.117,-87.848,38.323,-98.933,-109.75,-92.12,-5.3201,-24.757,19.158,-86.636,36.287,54.335,35.863,-86.495,-26.776,56.179,36.04,-84.49,-5.2029,-5.2029,-5.2029,20.294,-115.76,-0.27267,-84.588,150.02
0.0364,-0.071059,0.077312,0.082792,0.45548,-0.2197,-0.12551,-0.22562,0.2182,-0.00080203,-0.54445,0.48789,0.12322,0.47172,-0.59892,-0.055678,0.033545,0.11396,0.19104,-0.041146,-0.041146,-0.041146,0.16496,0.56908,0.007182,-0.68426,1.1499,-0.081031,-0.03015,-0.23105,0.062,-0.021337,-0.30558,-0.15182,-0.025168,-0.24417,0.21127,0.37966,-0.61866,0.67561,-0.65373,0.32403,-0.42584,0.491,0.70557,-0.072349,-0.15043,-0.15043,-0.15043,0.27387,-0.19198,0.00079744,-0.66609,0.24258
28.955,33.342,-15.227,-18.235,48.295,19.852,33.981,-4.1397,-24.099,0.3559,22.664,-29.972,37.909,-33.723,12.25,-11.005,13.13,36.117,3.5278,-33.366,-33.366,-33.366,28.518,-14.433,-0.68426,947.82,65.226,-9.8768,-5.7717,-22.942,-58.829,-17.311,53.398,-8.9702,8.0412,-12.403,-49.556,9.8819,48.603,14.949,12.808,-31.735,45.04,-29.663,-18.17,-37.175,-20.944,-20.944,-20.944,-76.235,1.5757,-0.12307,-37.69,30.88
-47.171,-51.153,14.308,20.674,-66.359,-32.8,-53.45,3.7901,30.421,-0.7834,-27.634,36.312,-56.722,41.937,-12.221,16.346,-20.295,-53.566,-10.138,43.987,43.987,43.987,-42.212,-0.51626,1.1499,65.226,914.79,-9.2002,-11.94,22.839,70.437,12.681,-84.088,-13.021,-11.024,15.624,56.531,-12.164,-55.023,-9.4112,-15.684,33.973,-52.446,39.999,24.268,41.927,29.224,29.224,29.224,86.243,-14.519,0.97922,36.181,-28.48
-70.073,-64.96,-24.304,-11.938,-28.051,-57.968,-72.63,-7.1659,0.55915,-1.9182,5.2973,-6.8739,-44.153,-2.3399,17.015,12.647,-17.929,-40.267,-26.391,8.3116,8.3116,8.3116,-32.26,-91.716,-0.081031,-9.8768,-9.2002,867.54,-122.83,-27.059,-44.814,-44.964,-83.295,-150.89,-3.588,3.1992,-54.394,22.913,44.122,56.423,-2.4269,-28.57,44.074,0.52381,-1.6592,-22.335,17.127,17.127,17.127,-86.695,-61.551,0.35664,-66.998,45.189
-78.536,-80.099,-12.606,-4.4619,-30.446,-72.052,-85.676,-3.8907,6.2695,-1.7286,-0.58349,2.8198,-37.088,6.7585,9.9882,11.314,-13.676,-35.006,-15.242,10.974,10.974,10.974,-29.289,-55.117,-0.03015,-5.7717,-11.94,-122.83,878.8,-7.8461,-56.54,-24.977,-66.533,-142.96,-2.8979,9.8331,-62.716,45.634,38.161,48.326,-11.668,-9.5608,53.373,-12.028,-9.9288,-3.0432,20.657,20.657,20.657,-97.581,-39.684,0.1481,-51.955,12.535
24.95,41.173,-30.717,-21.757,17.27,35.467,36.475,-8.5763,-19.04,-0.37504,19.179,-29.66,-6.9947,-29.197,19.309,0.41602,-6.5306,-3.3275,-24.674,-14.434,-14.434,-14.434,0.017022,-87.848,-0.23105,-22.942,22.839,-27.059,-7.8461,950.37,10.083,-50.305,-25.594,-23.416,0.45638,-18.024,4.6375,-47.908,26.93,23.272,23.995,-51.489,-8.2256,20.483,13.807,-53.394,-12.97,-12.97,-12.97,2.769,-49.993,0.47452,-44.976,82.241
-16.626,-26.489,1.1446,-8.3451,41.917,-37.55,-23.521,0.31793,-14.886,0.10784,15.197,-14.989,46.809,-19.276,4.252,-11.772,19.819,41.508,22.272,-31.136,-31.136,-31.136,29.454,38.323,0.062,-58.829,70.437,-44.814,-56.54,10.083,875.88,11.358,74.669,-56.197,10.321,3.344,-107.72,82.237,64.408,22.011,-9.3682,-2.1229,100.13,-69.983,-45.264,-5.4698,-9.4476,-9.4476,-9.4476,-161.97,32.72,0.18251,-36.8,-27.645
10.74,27.054,-32.098,-20.969,6.6442,24.196,21.17,-9.0323,-15.656,-0.7011,16.841,-26.53,-18.478,-24.906,20.073,3.7319,-10.875,-14.02,-28.893,-8.6988,-8.6988,-8.6988,-8.5052,-98.933,-0.021337,-17.311,12.681,-44.964,-24.977,-50.305,11.358,945.66,-44.783,-44.149,-1.1442,-15.821,3.2978,-45.676,26.761,29.413,21.825,-51.197,-7.7741,24.436,15.934,-51.457,-7.6136,-7.6136,-7.6136,0.28643,-58.976,-0.039869,-49.529,84.359
-60.284,-49.217,-18.453,1.2832,-73.715,-29.908,-58.785,-5.5348,19.717,-1.956,-14.139,14.808,-89.094,23.504,8.4556,24.281,-36.109,-80.807,-42.806,42.48,42.48,42.48,-61.624,-109.75,-0.30558,53.398,-84.088,-83.295,-66.533,-25.594,74.669,-44.783,848.28,-91.55,-13.904,4.1786,50.108,-46.621,-25.236,29.836,1.133,-14.655,-52.217,64.678,39.682,-4.6077,29.667,29.667,29.667,71.386,-82.667,0.44474,-20.837,53.544
-85.952,-82.772,-23.395,-10.598,-34.642,-73.924,-90.903,-6.9752,3.4063,-2.1732,3.4016,-3.5621,-49.439,1.5655,16.826,14.446,-19.471,-45.598,-26.389,11.395,11.395,11.395,-37.031,-92.12,-0.15182,-8.9702,-13.021,-150.89,-142.96,-23.416,-56.197,-44.149,-91.55,826.85,-4.0568,6.6683,-66.179,35.915,48.344,62.453,-6.8364,-25.114,54.581,-3.9944,-5.0008,-17.608,21.846,21.846,21.846,-104.55,-63.119,0.26331,-71.593,39.004
-5.8582,-5.5331,0.25965,1.7236,-8.744,-3.169,-6.1595,0.04081,3.3399,-0.144,-2.8973,3.5707,-8.7573,4.4278,-0.61346,2.4381,-3.3609,-8.0869,-2.9266,5.5725,5.5725,5.5725,-6.2359,-5.3201,-0.025168,8.0412,-11.024,-3.588,-2.8979,0.45638,10.321,-1.1442,-13.904,-4.0568,998.43,1.2956,7.9836,-4.1399,-6.1554,0.24737,-0.982,1.9396,-7.6554,6.8089,4.1921,3.0145,3.5958,3.5958,3.5958,11.927,-5.1198,-0.01761,2.3587,0.5845
19.736,25.749,-10.427,-8.637,14.012,21.591,24.854,-2.8599,-9.4955,0.098159,8.7815,-13.261,5.5887,-13.919,6.6097,-2.2179,0.65999,6.3979,-6.1945,-9.4303,-9.4303,-9.4303,6.1078,-24.757,-0.24417,-12.403,15.624,3.1992,9.8331,-18.024,3.344,-15.821,4.1786,6.6683,1.2956,991.67,3.1586,-19.806,9.8741,4.082,10.554,-19.366,-3.8132,5.0304,3.7757,-21.263,-8.6996,-8.6996,-8.6996,3.5269,-12.181,0.3028,-13.257,29.176
-22.95,-30.347,-2.314,-8.4424,30.637,-38.486,-28.937,-0.69798,-12.139,-0.16725,13.174,-13.219,32.491,-16.129,5.7618,-7.966,13.857,28.665,14.732,-24.426,-24.426,-24.426,19.85,19.158,0.21127,-49.556,56.531,-54.394,-62.716,4.6375,-107.72,3.2978,50.108,-66.179,7.9836,3.1586,904.45,70.447,58.693,25.571,-7.9912,-5.5715,87.955,-57.293,-37.322,-7.4858,-5.4707,-5.4707,-5.4707,-144.33,18.602,0.010299,-39.115,-16.604
46.527,66.29,-25.545,-14.441,0.78105,65.051,61.731,-7.0559,-10.925,-0.039857,9.7436,-19.692,-22.052,-17.941,13.166,3.94,-12.945,-16.55,-30.108,0.33648,0.33648,0.33648,-8.7122,-86.636,0.37966,9.8819,-12.164,22.913,45.634,-47.908,82.237,-45.676,-46.621,35.915,-4.1399,-19.806,70.447,906.91,-15.639,0.12034,28.526,-43.149,-67.998,55.612,36.905,-44.51,-11.103,-11.103,-11.103,102.83,-53.048,-0.19068,-11.477,84.917
-6.4003,-11.436,19.619,19.078,-35.003,-1.4447,-10.001,5.481,20.944,0.19676,-21.251,28.005,-21.798,30.114,-15.177,6.351,-6.8977,-21.205,3.6394,27.135,27.135,27.135,-16.579,36.287,-0.61866,48.603,-55.023,44.122,38.161,26.93,64.408,26.761,-25.236,48.344,-6.1554,9.8741,58.693,-15.639,945.38,-28.149,-10.357,35.109,-51.955,26.458,16.76,38.222,13.761,13.761,13.761,91.043,14.495,-0.0094097,50.855,-38.393
17.456,11.634,17.359,11.248,0.90849,11.878,15.399,4.9753,6.7369,0.75147,-8.7792,12.451,13.258,11.125,-11.896,-3.4503,6.4301,11.266,14.554,4.0343,4.0343,4.0343,8.5219,54.335,0.67561,14.949,-9.4112,56.423,48.326,23.272,22.011,29.413,29.836,62.453,0.24737,4.082,25.571,0.12034,-28.149,972.19,-5.6585,25.316,-20.402,-0.74774,0.021697,24.055,-1.1158,-1.1158,-1.1158,41.372,33.205,0.02699,39.094,-37.805
-23.599,-31.829,13.894,10.778,-14.589,-27.388,-30.319,3.8254,11.143,-0.06069,-10.404,16.094,-3.2626,16.562,-8.595,1.796,0.74116,-4.6731,9.7399,9.9797,9.9797,9.9797,-5.1775,35.863,-0.65373,12.808,-15.684,-2.4269,-11.668,23.995,-9.3682,21.825,1.133,-6.8364,-0.982,10.554,-7.9912,28.526,-10.357,-5.6585,986.31,25.088,8.7243,-10.003,-7.0668,27.113,9.9338,9.9338,9.9338,-10.333,18.859,0.056146,16.736,-39.476
28.503,44.705,-32.126,-24.136,25.312,36.795,40.326,-8.9513,-22.587,-0.30236,22.493,-33.802,0.27562,-34.044,20.723,-1.606,-3.8058,3.4283,-22.848,-19.945,-19.945,-19.945,5.1998,-86.495,0.32403,-31.735,33.973,-28.57,-9.5608,-51.489,-2.1229,-51.197,-14.655,-25.114,1.9396,-19.366,-5.5715,-43.149,35.109,25.316,25.088,945.06,1.231,13.667,9.5446,-57.723,-16.109,-16.109,-16.109,-12.718,-47.428,-0.1883,-50.254,83.952
19.948,28.018,-0.5315,6.2644,-29.156,35.684,26.104,-0.11594,10.436,0.054361,-11.151,10.558,-32.913,13.522,-3.6505,8.078,-14.189,-28.94,-16.361,22.602,22.602,22.602,-20.105,-26.776,-0.42584,45.04,-52.446,44.074,53.373,-8.2256,100.13,-7.7741,-52.217,54.581,-7.6554,-3.8132,87.955,-67.998,-51.955,-20.402,8.7243,1.231,918.56,55.131,35.852,3.2021,5.1962,5.1962,5.1962,132.44,-22.899,-0.1746,31.536,22.052
-3.1128,-13.175,10.856,1.214,26.92,-19.983,-9.1404,3.0949,-5.4291,0.46539,4.5959,-2.1448,37.399,-5.6179,-4.0905,-9.4041,16.405,32.789,22.899,-17.552,-17.552,-17.552,23.427,56.179,0.491,-29.663,39.999,0.52381,-12.028,20.483,-69.983,24.436,64.678,-3.9944,6.8089,5.0304,-57.293,55.612,26.458,-0.74774,-10.003,13.667,55.131,953.25,-30.006,10.941,-6.123,-6.123,-6.123,-84.494,40.21,-0.03661,-2.2064,-40.664
-4.1956,-10.905,7.2403,1.1678,15.813,-14.866,-8.3884,2.0536,-2.8272,0.26337,2.4232,-0.59853,22.795,-2.7006,-2.7951,-5.6585,10.134,19.867,14.586,-10.426,-10.426,-10.426,14.049,36.04,0.70557,-18.17,24.268,-1.6592,-9.9288,13.807,-45.264,15.934,39.682,-5.0008,4.1921,3.7757,-37.322,36.905,16.76,0.021697,-7.0668,9.5446,35.852,-30.006,980.68,8.0206,-3.0959,-3.0959,-3.0959,-55.056,25.493,0.21333,-1.4476,-27.099
36.279,52.996,-32.965,-25.832,32.471,43.117,49.038,-9.1512,-25.588,-0.15886,24.998,-37.215,6.7619,-38.114,21.43,-3.5141,-1.4922,9.5739,-21.445,-24.288,-24.288,-24.288,10.138,-84.49,-0.072349,-37.175,41.927,-22.335,-3.0432,-53.394,-5.4698,-51.457,-4.6077,-17.608,3.0145,-21.263,-7.4858,-44.51,38.222,24.055,27.113,-57.723,3.2021,10.941,8.0206,938.5,-19.628,-19.628,-19.628,-15.579,-44.694,-0.2542,-51.246,86.332
29.118,33.016,-6.8888,-8.5082,25.915,25.76,33.774,-1.8094,-12.448,0.42468,10.821,-15.233,20.431,-17.335,4.916,-6.2344,6.7403,19.805,1.2947,-16.237,-16.237,-16.237,16.282,-5.2029,-0.15043,-20.944,29.224,17.127,20.657,-12.97,-9.4476,-7.6136,29.667,21.846,3.5958,-8.6996,-5.4707,-11.103,13.761,-1.1158,9.9338,-16.109,5.1962,-6.123,-3.0959,-19.628,986.64,-13.364,-13.364,-8.7303,2.2874,0.39901,-9.2146,18.944
29.118,33.016,-6.8888,-8.5082,25.915,25.76,33.774,-1.8094,-12.448,0.42468,10.821,-15.233,20.431,-17.335,4.916,-6.2344,6.7403,19.805,1.2947,-16.237,-16.237,-16.237,16.282,-5.2029,-0.15043,-20.944,29.224,17.127,20.657,-12.97,-9.4476,-7.6136,29.667,21.846,3.5958,-8.6996,-5.4707,-11.103,13.761,-1.1158,9.9338,-16.109,5.1962,-6.123,-3.0959,-19.628,-13.364,986.64,-13.364,-8.7303,2.2874,0.39901,-9.2146,18.944
29.118,33.016,-6.8888,-8.5082,25.915,25.76,33.774,-1.8094,-12.448,0.42468,10.821,-15.233,20.431,-17.335,4.916,-6.2344,6.7403,19.805,1.2947,-16.237,-16.237,-16.237,16.282,-5.2029,-0.15043,-20.944,29.224,17.127,20.657,-12.97,-9.4476,-7.6136,29.667,21.846,3.5958,-8.6996,-5.4707,-11.103,13.761,-1.1158,9.9338,-16.109,5.1962,-6.123,-3.0959,-19.628,-13.364,-13.364,986.64,-8.7303,2.2874,0.39901,-9.2146,18.944
-34.315,-44.134,-6.2443,-14.507,46.542,-56.59,-42.536,-1.8303,-19.563,-0.32325,21.265,-22.119,47.207,-26.345,10.43,-11.624,19.901,41.82,19.716,-37.488,-37.488,-37.488,29.023,20.294,0.27387,-76.235,86.243,-86.695,-97.581,2.769,-161.97,0.28643,71.386,-104.55,11.927,3.5269,-144.33,102.83,91.043,41.372,-10.333,-12.718,132.44,-84.494,-55.056,-15.579,-8.7303,-8.7303,-8.7303,781.56,22.88,0.17356,-63.497,-17.964
-8.2106,8.883,-32.451,-17.224,-16.263,12.201,1.1085,-9.2306,-7.3177,-1.1599,9.931,-17.916,-41.981,-13.973,19.34,10.329,-19.882,-35.753,-37.058,5.3464,5.3464,5.3464,-25.394,-115.76,-0.19198,1.5757,-14.519,-61.551,-39.684,-49.993,32.72,-58.976,-82.667,-63.119,-5.1198,-12.181,18.602,-53.048,14.495,33.205,18.859,-47.428,-22.899,40.21,25.493,-44.694,2.2874,2.2874,2.2874,22.88,925.88,0.53267,-47.395,87.043
-0.22625,-0.39631,0.18489,0.1261,-0.53536,-0.23415,-0.2915,0.2177,-0.054798,-0.013843,0.066794,-0.097006,0.045181,-0.088969,0.1094,0.041397,0.079002,0.011464,-0.018013,0.21168,0.21168,0.21168,-0.14614,-0.27267,0.00079744,-0.12307,0.97922,0.35664,0.1481,0.47452,0.18251,-0.039869,0.44474,0.26331,-0.01761,0.3028,0.010299,-0.19068,-0.0094097,0.02699,0.056146,-0.1883,-0.1746,-0.03661,0.21333,-0.2542,0.39901,0.39901,0.39901,0.17356,0.53267,0.0049118,-0.97098,0.31268
-0.90154,11.079,-31.077,-23.26,19.1,4.9854,6.1372,-8.7694,-19.778,-0.74722,21.401,-30.424,-3.5943,-30.123,21.331,0.16418,-4.2979,-1.0718,-20.732,-18.562,-18.562,-18.562,0.31785,-84.588,-0.66609,-37.69,36.181,-66.998,-51.955,-44.976,-36.8,-49.529,-20.837,-71.593,2.3587,-13.257,-39.115,-11.477,50.855,39.094,16.736,-50.254,31.536,-2.2064,-1.4476,-51.246,-9.2146,-9.2146,-9.2146,-63.497,-47.395,-0.97098,936.24,71.588
-38.419,-65.837,50.714,34.646,-21.727,-58.236,-57.574,14.178,28.932,0.71086,-29.415,46.361,18.617,44.917,-31.418,-2.6009,13.58,11.944,43.436,19.349,19.349,19.349,4.8382,150.02,0.24258,30.88,-28.48,45.189,12.535,82.241,-27.645,84.359,53.544,39.004,0.5845,29.176,-16.604,84.917,-38.393,-37.805,-39.476,83.952,22.052,-40.664,-27.099,86.332,18.944,18.944,18.944,-17.964,87.043,0.31268,71.588,862.51
