0.33836,0.32052,0.09078,0.10414,0.17071,0.21517,0.083302,0.1697,0.26007,0.98232,0.1173,0.06903,0.13785,0.77621,0.36161,0.064602,0.36024,0.78271,0.014085,0.19191,0.19191,0.19191,0.005976,-0.1133,-124.78,0.13133,-0.13176,0.47824,0.45852,-0.089946,0.055686,0.15043,0.42982,0.10759,0.19365,0.32913,0.14859,0.63771,0.44755,0.75378,0.41799,0.18071,0.43003,0.2559,0.62392,-0.41928,0.17282,0.17282,0.17282,0.0039987,0.0011155,-113.45,0.21784,-0.032941
0.19142,0.1437,0.05211,0.063171,0.014646,0.047014,0.045715,0.13447,0.051588,0.96331,0.029708,0.0016874,0.04507,0.16544,0.065121,0.0016639,0.057675,0.16323,-0.10188,0.14108,0.14108,0.14108,0.0026966,-0.25078,-253.67,-0.69963,-0.23529,0.27699,0.27436,-0.21174,0.016428,0.064269,0.23248,0.031557,0.030586,0.04492,0.0055136,0.1093,0.0033866,0.10008,0.07702,0.10516,0.093635,0.075522,0.021564,-0.66944,0.13342,0.13342,0.13342,3.383e-05,-0.26735,-229.8,-0.78363,-0.36863
0.47667,0.47381,0.12646,0.13119,0.38747,0.43954,0.10759,0.21646,0.44447,0.99898,0.26772,0.21937,0.26601,0.99622,0.9844,0.19215,0.98577,0.9977,0.090367,0.2998,0.2998,0.2998,0.0089883,-0.015731,-16.832,0.83384,-0.015686,0.57977,0.57547,0.038085,0.13607,0.30767,0.57055,0.23124,0.50055,0.57744,0.26563,0.98361,0.98688,0.98461,0.98203,0.35729,0.99496,0.81329,0.98711,-0.22628,0.2622,0.2622,0.2622,0.0095684,0.12324,173.58,0.718,0.23137
9879.6,-154.35,44.628,38.379,-146.52,-95.737,-4.281,-11.688,-172.88,-23.267,118.75,94.569,136.53,110.78,-29.267,101.41,-34.292,116.08,88.731,11.219,11.219,11.219,2.6087,-32.375,-9.4018,360.7,-225.56,-254.56,-255.25,41.765,23.285,29.025,-258.43,25.521,73.163,-374.58,190.46,-117.4,-56.869,88.857,50.976,170.44,113.03,172.67,-81.866,-30.546,18.645,18.645,18.645,7.3899,96.082,1.7893,-67.83,-571.13
-154.35,9802.1,57.075,49.295,-186.4,-123.54,-4.9633,-15.619,-221.58,-29.821,153.87,119.32,175.89,143.32,-42.273,128.47,-48.869,150.58,113.29,15.03,15.03,15.03,3.3855,-39.421,-10.119,473.71,-288.87,-327.02,-327.62,55.087,29.796,37.07,-332.08,31.564,89.459,-476.26,244.12,-142.55,-81.159,114.61,62.291,219.56,142.04,214.41,-98.071,-36.208,24.29,24.29,24.29,9.48,123.22,1.9563,-74.664,-732.09
44.628,57.075,9983.2,-14.023,57.022,33.857,2.6033,3.0938,64.07,8.6257,-40.795,-38.722,-48.862,-38.458,1.6034,-40.534,3.163,-39.533,-33.738,-2.8978,-2.8978,-2.8978,-0.88563,16.028,1.8825,-111.56,84.066,92.912,93.718,-12.455,-8.7225,-11.014,94.119,-11.686,-35.495,146.3,-70.57,58.918,5.0207,-31.534,-24.81,-61.036,-47.375,-77.417,43.657,17.039,-6.1524,-6.1524,-6.1524,-2.723,-35.472,-0.60678,48.986,211.55
38.379,49.295,-14.023,9987.6,44.458,31.846,0.52431,4.7491,55.094,7.415,-40.514,-27.109,-44.96,-37.458,16.967,-29.89,18.819,-39.886,-27.573,-4.6212,-4.6212,-4.6212,-0.89864,6.9906,-1.7073,-133.24,71.509,82.317,82.083,-15.807,-7.3438,-9.0385,83.732,-6.2938,-16.397,113.21,-60.724,24.695,31.39,-29.482,-11.361,-56.084,-31.486,-43.956,15.091,5.0159,-6.5727,-6.5727,-6.5727,-2.3684,-30.737,1.8343,1.936,182.13
-146.52,-186.4,57.022,44.458,9791.2,-98.298,-16.603,-0.35028,-210.38,-28.345,108.47,156.25,146.67,105.73,67.938,156.46,65.215,102.2,117.54,-0.46555,-0.46555,-0.46555,2.265,-84.543,3.0291,191.05,-279.77,-293.74,-300.74,16.951,29.374,38.195,-295.92,56.02,182.94,-539.63,231.61,-315.5,110.69,92.495,128.33,183.53,199,360.54,-248.83,-101.24,14.201,14.201,14.201,8.8164,115.4,-9.7967,-349.79,-693.76
-95.737,-123.54,33.857,31.846,-98.298,9913.1,3.3848,-17.557,-137.42,-18.477,115.87,50.645,120.13,105.38,-84.954,60.926,-90.969,115.54,64.837,17.33,17.33,17.33,2.6156,1.1604,-12.801,434.41,-176.15,-211.91,-208.79,53.377,17.89,21.362,-216.48,5.4158,2.212,-247.82,151.49,9.5216,-152.38,79.943,1.0288,149.71,53.23,47.647,23.813,13.884,19.879,19.879,19.879,5.9794,77.282,11.003,105.3,-454.73
-4.281,-4.9633,2.6033,0.52431,-16.603,3.3848,9995.6,4.7695,-6.1592,-0.83784,-9.2513,18.747,-2.4279,-6.9326,37.662,15.954,38.751,-10.477,6.733,-4.8817,-4.8817,-4.8817,-0.24722,-18.023,-0.97404,-79.796,-9.9941,-3.0653,-5.393,-11.17,1.2181,2.1079,-2.2647,10.237,37.693,-44.644,6.708,-68.687,65.205,-2.6915,26.589,-2.8579,26.999,62.342,-58.674,-25.025,-2.5134,-2.5134,-2.5134,0.19692,2.8469,-0.20424,-102.26,-19.85
-11.688,-15.619,3.0938,4.7491,-0.35028,-17.557,4.7695,9992.6,-16.763,-2.2461,27.937,-9.5532,22.124,23.991,-49.969,-5.1914,-52,29.052,4.2547,7.5211,7.5211,7.5211,0.66725,17.402,2.7204,147.8,-19.493,-31.999,-29.262,19.464,1.7851,1.5079,-33.516,-8.883,-35.63,1.7842,18.568,67.16,-87.382,15.75,-25.22,27.404,-17.012,-51.676,59.955,26.183,5.6792,5.6792,5.6792,0.79751,10.019,0.83689,115,-55.997
-172.88,-221.58,64.07,55.094,-210.38,-137.42,-6.1592,-16.763,9751.8,-33.402,170.44,135.81,195.98,159,-41.895,145.63,-49.105,166.6,127.39,16.09,16.09,16.09,3.744,-46.53,-12.851,517.52,-323.82,-365.43,-366.43,59.917,33.428,41.672,-370.97,36.667,105.14,-537.84,273.42,-168.75,-81.43,127.55,73.258,244.66,162.33,248.07,-117.7,-43.927,26.757,26.757,26.757,10.609,137.93,1.7019,-97.694,-819.9
-23.267,-29.821,8.6257,7.415,-28.345,-18.477,-0.83784,-2.2461,-33.402,9995.5,22.917,18.314,26.369,21.381,-5.5594,19.63,-6.5272,22.397,17.153,2.1571,2.1571,2.1571,0.50329,-6.2988,1.5578,69.464,-43.594,-49.175,-49.314,8.0374,4.4999,5.6112,-49.918,4.9552,14.227,-72.462,36.808,-22.851,-10.82,17.159,9.9141,32.912,21.895,33.513,-15.96,-5.9651,3.5972,3.5972,3.5972,1.4279,18.565,-1.0401,-13.369,-110.36
118.75,153.87,-40.795,-40.514,108.47,115.87,-9.2513,27.937,170.44,22.917,9840.2,-44.596,-157.72,-143.67,151.34,-60.955,160.3,-160.71,-76.179,-27.786,-27.786,-27.786,-3.6489,-21.455,-9.2822,-648.8,216.23,270,263.39,-81.229,-21.727,-25.221,276.77,4.3505,38.879,270.31,-188.06,-88.336,268.81,-106.17,28.118,-196.31,-38.74,7.5167,-95.709,-45.611,-28.45,-28.45,-28.45,-7.4967,-96.562,4.3225,-248.99,564.73
94.569,119.32,-38.722,-27.109,156.25,50.645,18.747,-9.5532,135.81,18.314,-44.596,9870.1,-80.93,-47.728,-116.86,-124.27,-117.49,-38.406,-82.612,10.261,10.261,10.261,-0.8206,86.391,-0.88024,51.382,184.3,178.3,187.17,12.929,-19.697,-26.684,177.95,-53.756,-184.26,407.39,-149.37,325.32,-198.25,-48.654,-129.57,-101.64,-171.8,-338.71,265.79,110.5,-3.1735,-3.1735,-3.1735,-5.5662,-73.404,2.264,414.08,446.92
136.53,175.89,-48.862,-44.96,146.67,120.13,-2.4279,22.124,195.98,26.369,-157.72,-80.93,9832.7,-144.21,99.379,-93.885,107.24,-156.62,-94.482,-21.766,-21.766,-21.766,-3.5397,7.8586,-9.3175,-567.37,252.4,298.88,295.73,-68.993,-25.733,-31.071,304.86,-12.984,-22.952,371.17,-216.09,22.809,179.45,-110.78,-15.438,-208.51,-88.843,-99.706,-2.5346,-6.2899,-26.586,-26.586,-26.586,-8.4921,-109.92,4.7945,-93.784,648.39
110.78,143.32,-38.458,-37.458,105.73,105.38,-6.9326,23.991,159,21.381,-143.67,-47.728,-144.21,9870.3,125.77,-61.778,133.63,-144.12,-72.485,-23.813,-23.813,-23.813,-3.2683,-13.298,0.19971,-568.28,202.48,249.46,244.22,-70.734,-20.418,-23.945,255.4,0.34743,22.289,264.62,-175.4,-56.719,223.98,-96.732,16.388,-179.56,-45.264,-15.39,-67.088,-33.022,-25.273,-25.273,-25.273,-6.9668,-89.859,19.365,-192.46,526.58
-29.267,-42.273,1.6034,16.967,67.938,-84.954,37.662,-49.969,-41.895,-5.5594,151.34,-116.86,99.379,125.77,9641.1,-87.593,-371.69,161,-10.966,50.728,50.728,50.728,3.7244,145.5,1.1686,929.53,-36.87,-116.26,-95.49,125.19,2.1053,-2.7369,-125.71,-78.609,-301.2,193.73,46.872,557.9,-624.92,74.818,-212.86,122.48,-181.46,-468.89,487.01,210.18,33.407,33.407,33.407,2.3943,28.538,-16.734,891.05,-142.93
101.41,128.47,-40.534,-29.89,156.46,60.926,15.954,-5.1914,145.63,19.63,-60.955,-124.27,-93.885,-61.778,-87.593,9878.8,-87.037,-55.421,-85.104,5.8575,5.8575,5.8575,-1.2113,76.201,-1.5646,-35.165,195.71,197.04,204.3,1.5313,-20.742,-27.567,197.57,-48.554,-163.4,406.34,-160.24,285.99,-147.08,-57.879,-114.8,-117.69,-161.83,-308.45,230.68,95.163,-6.4989,-6.4989,-6.4989,-6.0333,-79.272,2.8197,346.74,479.71
-34.292,-48.869,3.163,18.819,65.215,-90.969,38.751,-52,-49.105,-6.5272,160.3,-117.49,107.24,133.63,-371.69,-87.037,9615,170.19,-8.3291,52.769,52.769,52.769,3.9345,149.17,1.4368,972.15,-45.695,-128.66,-107.24,130.7,2.9607,-1.846,-138.56,-80.321,-308.59,187.42,54.839,572.2,-647.3,80.268,-218.11,132.24,-183.58,-478.41,500.19,216.04,35.131,35.131,35.131,2.7222,32.717,-16.74,917.94,-166.9
116.08,150.58,-39.533,-39.886,102.2,115.54,-10.477,29.052,166.6,22.397,-160.71,-38.406,-156.62,-144.12,161,-55.421,170.19,9838,-73.256,-28.938,-28.938,-28.938,-3.6813,-26.664,-1.2481,-665.38,210.69,265.92,258.69,-83.669,-21.102,-24.281,272.85,7.4028,49.832,253.65,-183.85,-108.11,285.43,-105.78,35.865,-194.89,-30.094,26.276,-112.37,-52.664,-28.88,-28.88,-28.88,-7.3501,-94.591,19.684,-277,552.15
88.731,113.29,-33.738,-27.573,117.54,64.837,6.733,4.2547,127.39,17.153,-76.179,-82.612,-94.482,-72.485,-10.966,-85.104,-8.3291,-73.256,9931.6,-3.8289,-3.8289,-3.8289,-1.6365,38.036,6.0166,-187.93,167.86,182.54,184.99,-20.136,-17.485,-22.292,184.6,-26.647,-83.404,302.33,-140.28,140.73,-14.602,-60.553,-58.389,-118.09,-102.6,-174.47,107.19,42.629,-11.069,-11.069,-11.069,-5.3898,-70.317,-2.4244,133.9,420.45
11.219,15.03,-2.8978,-4.6212,-0.46555,17.33,-4.8817,7.5211,16.09,2.1571,-27.786,10.261,-21.766,-23.813,50.728,5.8575,52.769,-28.938,-3.8289,9992.4,-7.5999,-7.5999,-0.66489,-17.906,-7.0603,-148.48,18.582,31.149,28.357,-19.585,-1.6854,-1.3707,32.671,9.1913,36.699,-3.9323,-17.841,-69.06,88.673,-15.545,25.973,-26.944,17.971,53.596,-61.525,-26.836,-5.6818,-5.6818,-5.6818,-0.7705,-9.6615,2.4201,-117.48,53.805
11.219,15.03,-2.8978,-4.6212,-0.46555,17.33,-4.8817,7.5211,16.09,2.1571,-27.786,10.261,-21.766,-23.813,50.728,5.8575,52.769,-28.938,-3.8289,-7.5999,9992.4,-7.5999,-0.66489,-17.906,-7.0603,-148.48,18.582,31.149,28.357,-19.585,-1.6854,-1.3707,32.671,9.1913,36.699,-3.9323,-17.841,-69.06,88.673,-15.545,25.973,-26.944,17.971,53.596,-61.525,-26.836,-5.6818,-5.6818,-5.6818,-0.7705,-9.6615,2.4201,-117.48,53.805
11.219,15.03,-2.8978,-4.6212,-0.46555,17.33,-4.8817,7.5211,16.09,2.1571,-27.786,10.261,-21.766,-23.813,50.728,5.8575,52.769,-28.938,-3.8289,-7.5999,-7.5999,9992.4,-0.66489,-17.906,-7.0603,-148.48,18.582,31.149,28.357,-19.585,-1.6854,-1.3707,32.671,9.1913,36.699,-3.9323,-17.841,-69.06,88.673,-15.545,25.973,-26.944,17.971,53.596,-61.525,-26.836,-5.6818,-5.6818,-5.6818,-0.7705,-9.6615,2.4201,-117.48,53.805
2.6087,3.3855,-0.88563,-0.89864,2.265,2.6156,-0.24722,0.66725,3.744,0.50329,-3.6489,-0.8206,-3.5397,-3.2683,3.7244,-1.2113,3.9345,-3.6813,-1.6365,-0.66489,-0.66489,-0.66489,9999.9,-0.64569,-0.12043,-15.209,4.7293,5.9928,5.8239,-1.9152,-0.47324,-0.54288,6.1513,0.19201,1.2167,5.6141,-4.1317,-2.6073,6.5997,-2.3926,0.87384,-4.4045,-0.61349,0.74603,-2.6788,-1.2494,-0.65775,-0.65775,-0.65775,-0.16536,-2.1271,0.10474,-6.5016,12.41
-32.375,-39.421,16.028,6.9906,-84.543,1.1604,-18.023,17.402,-46.53,-6.2988,-21.455,86.391,7.8586,-13.298,145.5,76.201,149.17,-26.664,38.036,-17.906,-17.906,-17.906,-0.64569,9924.4,-0.37377,-270.03,-68.477,-44.732,-54.045,-38.92,7.8082,12.07,-42.056,43.833,158.73,-224.85,50.962,-287.21,251.1,0.70188,111.9,10.492,121.46,269.14,-242.99,-103.08,-7.5713,-7.5713,-7.5713,1.7262,23.576,2.7158,-413.89,-151.77
-9.4018,-10.119,1.8825,-1.7073,3.0291,-12.801,-0.97404,2.7204,-12.851,1.5578,-9.2822,-0.88024,-9.3175,0.19971,1.1686,-1.5646,1.4368,-1.2481,6.0166,-7.0603,-7.0603,-7.0603,-0.12043,-0.37377,0.13478,-3.2122,4.6404,-2.2907,-2.1588,2.8542,0.4005,-1.0564,-2.5612,-0.20967,1.7754,-2.015,-9.3492,1.1902,2.3494,-0.75855,-6.476,2.8495,5.4642,-0.45723,-1.3083,5.1658,-5.6183,-5.6183,-5.6183,0.020715,4.0906,-0.079931,6.5228,3.2443
360.7,473.71,-111.56,-133.24,191.05,434.41,-79.796,147.8,517.52,69.464,-648.8,51.382,-567.37,-568.28,929.53,-35.165,972.15,-665.38,-187.93,-148.48,-148.48,-148.48,-15.209,-270.03,-3.2122,6904.9,632.68,892.68,844.66,-400.37,-61.255,-63.538,924.65,126.5,544.19,440.56,-571.87,-1051.6,1632.7,-393.42,386.25,-704.5,161.33,705.33,-967.76,-429.22,-124.95,-124.95,-124.95,-23.567,-300.17,-12.767,-1968.7,1720.6
-225.56,-288.87,84.066,71.509,-279.77,-176.15,-9.9941,-19.493,-323.82,-43.594,216.23,184.3,252.4,202.48,-36.87,195.71,-45.695,210.69,167.86,18.582,18.582,18.582,4.7293,-68.477,4.6404,632.68,9576.5,-474.08,-476.44,72.355,43.796,54.871,-480.87,52.138,153.34,-716.22,356.77,-249.87,-75.333,163.75,107,315.13,222.37,349.56,-179.23,-68.343,33.467,33.467,33.467,13.813,179.72,-2.8966,-173.45,-1069.7
-254.56,-327.02,92.912,82.317,-293.74,-211.91,-3.0653,-31.999,-365.43,-49.175,270,178.3,298.88,249.46,-116.26,197.04,-128.66,265.92,182.54,31.149,31.149,31.149,5.9928,-44.732,-2.2907,892.68,-474.08,9453.4,-544.78,106.07,48.675,59.85,-556.04,40.843,105.35,-747.84,402.73,-157.54,-214.7,196.07,72.958,372.85,206.64,286.06,-94.704,-30.944,43.889,43.889,43.889,15.715,203.91,4.2383,-3.0967,-1208
-255.25,-327.62,93.718,82.083,-300.74,-208.79,-5.393,-29.262,-366.43,-49.314,263.39,187.17,295.73,244.22,-95.49,204.3,-107.24,258.69,184.99,28.357,28.357,28.357,5.8239,-54.045,-2.1588,844.66,-476.44,-544.78,9455.7,99.464,49.02,60.599,-553.78,46.036,124.75,-766.94,403.79,-193.11,-178.66,193.41,86.655,369,219.72,317.45,-125.34,-44.069,42.278,42.278,42.278,15.722,204.16,5.1418,-57.494,-1211.1
41.765,55.087,-12.455,-15.807,16.951,53.377,-11.17,19.464,59.917,8.0374,-81.229,12.929,-68.993,-70.734,125.19,1.5313,130.7,-83.669,-20.136,-19.585,-19.585,-19.585,-1.9152,-38.92,2.8542,-400.37,72.355,106.07,99.464,9947.9,-6.9143,-6.8664,110.2,18.88,78.929,36.794,-66.238,-151.03,219.54,-48.211,55.969,-85.614,29.11,107.16,-137.35,-60.56,-15.907,-15.907,-15.907,-2.7584,-35.015,1.3024,-273.24,199.42
23.285,29.796,-8.7225,-7.3438,29.374,17.89,1.2181,1.7851,33.428,4.4999,-21.727,-19.697,-25.733,-20.418,2.1053,-20.742,2.9607,-21.102,-17.485,-1.6854,-1.6854,-1.6854,-0.47324,7.8082,0.4005,-61.255,43.796,48.675,49.02,-6.9143,9995.5,-5.7126,49.337,-5.7914,-17.365,75.303,-36.821,28.62,4.8283,-16.639,-12.134,-32.14,-23.967,-38.54,20.948,8.1037,-3.314,-3.314,-3.314,-1.4229,-18.524,-2.9703,22.267,110.39
29.025,37.07,-11.014,-9.0385,38.195,21.362,2.1079,1.5079,41.672,5.6112,-25.221,-26.684,-31.071,-23.945,-2.7369,-27.567,-1.846,-24.281,-22.292,-1.3707,-1.3707,-1.3707,-0.54288,12.07,-1.0564,-63.538,54.871,59.85,60.599,-6.8664,-5.7126,9992.7,60.546,-8.5119,-26.507,98.212,-45.893,44.613,-3.2911,-19.93,-18.56,-38.83,-33.061,-55.826,33.837,13.418,-3.692,-3.692,-3.692,-1.7646,-23.012,-5.0235,41.581,137.56
-258.43,-332.08,94.119,83.732,-295.92,-216.48,-2.2647,-33.516,-370.97,-49.918,276.77,177.95,304.86,255.4,-125.71,197.57,-138.56,272.85,184.6,32.671,32.671,32.671,6.1513,-42.056,-2.5612,924.65,-480.87,-556.04,-553.78,110.2,49.337,60.546,9434.1,39.607,99.969,-752.95,408.85,-147.1,-231.32,200.2,69.141,380.27,205.21,279.21,-85.052,-26.652,45.185,45.185,45.185,15.966,207.11,8.4931,16.731,-1226.4
25.521,31.564,-11.686,-6.2938,56.02,5.4158,10.237,-8.883,36.667,4.9552,4.3505,-53.756,-12.984,0.34743,-78.609,-48.554,-80.321,7.4028,-26.647,9.1913,9.1913,9.1913,0.19201,43.833,-0.20967,126.5,52.138,40.843,46.036,18.88,-5.7914,-8.5119,39.607,9974.1,-92.403,148.04,-40.231,166.25,-135.26,-6.007,-65.104,-16.586,-74.317,-159.75,139.55,58.934,3.007,3.007,3.007,-1.4221,-19.115,-3.0283,233.16,120.06
73.163,89.459,-35.495,-16.397,182.94,2.212,37.693,-35.63,105.14,14.227,38.879,-184.26,-22.952,22.289,-301.2,-163.4,-308.59,49.832,-83.404,36.699,36.699,36.699,1.2167,158.73,1.7754,544.19,153.34,105.35,124.75,78.929,-17.365,-26.507,99.969,-92.403,9666.3,485.8,-115.21,603.06,-519.52,-5.7708,-235.19,-30.067,-258.08,-568.15,509.34,215.87,14.844,14.844,14.844,-3.948,-53.688,0.0046012,864.16,343.29
-374.58,-476.26,146.3,113.21,-539.63,-247.82,-44.644,1.7842,-537.84,-72.462,270.31,407.39,371.17,264.62,193.73,406.34,187.42,253.65,302.33,-3.9323,-3.9323,-3.9323,5.6141,-224.85,-2.015,440.56,-716.22,-747.84,-766.94,36.794,75.303,98.212,-752.95,148.04,485.8,8604.3,592.03,-839.91,317.74,233.37,340.9,464.58,520.67,950.7,-664.97,-271.18,34.648,34.648,34.648,22.504,294.69,2.5028,-945.71,-1773.3
190.46,244.12,-70.57,-60.724,231.61,151.49,6.708,18.568,273.42,36.808,-188.06,-149.37,-216.09,-175.4,46.872,-160.24,54.839,-183.85,-140.28,-17.841,-17.841,-17.841,-4.1317,50.962,-9.3492,-571.87,356.77,402.73,403.79,-66.238,-36.821,-45.893,408.85,-40.231,-115.21,592.03,9698.7,184.77,90.939,-140.66,-80.275,-269.72,-178.41,-272.33,128.67,47.979,-29.555,-29.555,-29.555,-11.69,-151.98,7.8972,105.9,903.39
-117.4,-142.55,58.918,24.695,-315.5,9.5216,-68.687,67.16,-168.75,-22.851,-88.336,325.32,22.809,-56.719,557.9,285.99,572.2,-108.11,140.73,-69.06,-69.06,-69.06,-2.6073,-287.21,1.1902,-1051.6,-249.87,-157.54,-193.11,-151.03,28.62,44.613,-147.1,166.25,603.06,-839.91,184.77,8908,963.17,-2.0242,425.15,31.076,458.42,1020,-924.77,-392.52,-29.938,-29.938,-29.938,6.2087,85.052,7.6604,-1579,-550.02
-56.869,-81.159,5.0207,31.39,110.69,-152.38,65.205,-87.382,-81.43,-10.82,268.81,-198.25,179.45,223.98,-624.92,-147.08,-647.3,285.43,-14.602,88.673,88.673,88.673,6.5997,251.1,2.3494,1632.7,-75.333,-214.7,-178.66,219.54,4.8283,-3.2911,-231.32,-135.26,-519.52,317.74,90.939,963.17,8911.7,134.37,-367.15,221.28,-309.49,-805.83,841.81,363.55,58.957,58.957,58.957,4.5287,54.367,-10.269,1544.4,-276.86
88.857,114.61,-31.534,-29.482,92.495,79.943,-2.6915,15.75,127.55,17.159,-106.17,-48.654,-110.78,-96.732,74.818,-57.879,80.268,-105.78,-60.553,-15.545,-15.545,-15.545,-2.3926,0.70188,-0.75855,-393.42,163.75,196.07,193.41,-48.211,-16.639,-19.93,200.2,-6.007,-5.7708,233.37,-140.66,-2.0242,134.37,9926.3,-3.5445,-138.03,-51.783,-50.23,-16.243,-10.357,-18.135,-18.135,-18.135,-5.5441,-71.701,21.979,-87.069,422.09
50.976,62.291,-24.81,-11.361,128.33,1.0288,26.589,-25.22,73.258,9.9141,28.118,-129.57,-15.438,16.388,-212.86,-114.8,-218.11,35.865,-58.389,25.973,25.973,25.973,0.87384,111.9,-6.476,386.25,107,72.958,86.655,55.969,-12.134,-18.56,69.141,-65.104,-235.19,340.9,-80.275,425.15,-367.15,-3.5445,9834.2,-20.271,-181.61,-400.16,359.19,152.26,10.586,10.586,10.586,-2.7458,-37.354,-13.973,609.74,239.18
170.44,219.56,-61.036,-56.084,183.53,149.71,-2.8579,27.404,244.66,32.912,-196.31,-101.64,-208.51,-179.56,122.48,-117.69,132.24,-194.89,-118.09,-26.944,-26.944,-26.944,-4.4045,10.492,2.8495,-704.5,315.13,372.85,369,-85.614,-32.14,-38.83,380.27,-16.586,-30.067,464.58,-269.72,31.076,221.28,-138.03,-20.271,9740.1,-111.85,-126.71,-0.90354,-6.8914,-33.048,-33.048,-33.048,-10.598,-137.19,-2.1066,-113.08,809.34
113.03,142.04,-47.375,-31.486,199,53.23,26.999,-17.012,162.33,21.895,-38.74,-171.8,-88.843,-45.264,-181.46,-161.83,-183.58,-30.094,-102.6,17.971,17.971,17.971,-0.61349,121.46,5.4642,161.33,222.37,206.64,219.72,29.11,-23.967,-33.061,205.21,-74.317,-258.08,520.67,-178.41,458.42,-309.49,-51.783,-181.61,-111.85,9769.8,-465.4,377.84,157.89,-0.35494,-0.35494,-0.35494,-6.5808,-87.095,-18.936,602.54,533.61
172.67,214.41,-77.417,-43.956,360.54,47.647,62.342,-51.676,248.07,33.513,7.5167,-338.71,-99.706,-15.39,-468.89,-308.45,-478.41,26.276,-174.47,53.596,53.596,53.596,0.74603,269.14,-0.45723,705.33,349.56,286.06,317.45,107.16,-38.54,-55.826,279.21,-159.75,-568.15,950.7,-272.33,1020,-805.83,-50.23,-400.16,-126.71,-465.4,9010.5,853.47,359.81,15.172,15.172,15.172,-9.7294,-130.28,12.851,1415.3,813.07
-81.866,-98.071,43.657,15.091,-248.83,23.813,-58.674,59.955,-117.7,-15.96,-95.709,265.79,-2.5346,-67.088,487.01,230.68,500.19,-112.37,107.19,-61.525,-61.525,-61.525,-2.6788,-242.99,-1.3083,-967.76,-179.23,-94.704,-125.34,-137.35,20.948,33.837,-85.052,139.55,509.34,-664.97,128.67,-924.77,841.81,-16.243,359.19,-0.90354,377.84,853.47,9214,-334.31,-28.919,-28.919,-28.919,4.1626,57.859,14.08,-1353.8,-382.38
-30.546,-36.208,17.039,5.0159,-101.24,13.884,-25.025,26.183,-43.927,-5.9651,-45.611,110.5,-6.2899,-33.022,210.18,95.163,216.04,-52.664,42.629,-26.836,-26.836,-26.836,-1.2494,-103.08,5.1658,-429.22,-68.343,-30.944,-44.069,-60.56,8.1037,13.418,-26.652,58.934,215.87,-271.18,47.979,-392.52,363.55,-10.357,152.26,-6.8914,157.89,359.81,-334.31,9857.6,-13.122,-13.122,-13.122,1.5051,21.173,3.5823,-578.6,-142.37
18.645,24.29,-6.1524,-6.5727,14.201,19.879,-2.5134,5.6792,26.757,3.5972,-28.45,-3.1735,-26.586,-25.273,33.407,-6.4989,35.131,-28.88,-11.069,-5.6818,-5.6818,-5.6818,-0.65775,-7.5713,-5.6183,-124.95,33.467,43.889,42.278,-15.907,-3.314,-3.692,45.185,3.007,14.844,34.648,-29.555,-29.938,58.957,-18.135,10.586,-33.048,-0.35494,15.172,-28.919,-13.122,9994.7,-5.2617,-5.2617,-1.1937,-15.306,2.9915,-63.955,88.8
18.645,24.29,-6.1524,-6.5727,14.201,19.879,-2.5134,5.6792,26.757,3.5972,-28.45,-3.1735,-26.586,-25.273,33.407,-6.4989,35.131,-28.88,-11.069,-5.6818,-5.6818,-5.6818,-0.65775,-7.5713,-5.6183,-124.95,33.467,43.889,42.278,-15.907,-3.314,-3.692,45.185,3.007,14.844,34.648,-29.555,-29.938,58.957,-18.135,10.586,-33.048,-0.35494,15.172,-28.919,-13.122,-5.2617,9994.7,-5.2617,-1.1937,-15.306,2.9915,-63.955,88.8
18.645,24.29,-6.1524,-6.5727,14.201,19.879,-2.5134,5.6792,26.757,3.5972,-28.45,-3.1735,-26.586,-25.273,33.407,-6.4989,35.131,-28.88,-11.069,-5.6818,-5.6818,-5.6818,-0.65775,-7.5713,-5.6183,-124.95,33.467,43.889,42.278,-15.907,-3.314,-3.692,45.185,3.007,14.844,34.648,-29.555,-29.938,58.957,-18.135,10.586,-33.048,-0.35494,15.172,-28.919,-13.122,-5.2617,-5.2617,9994.7,-1.1937,-15.306,2.9915,-63.955,88.8
7.3899,9.48,-2.723,-2.3684,8.8164,5.9794,0.19692,0.79751,10.609,1.4279,-7.4967,-5.5662,-8.4921,-6.9668,2.3943,-6.0333,2.7222,-7.3501,-5.3898,-0.7705,-0.7705,-0.7705,-0.16536,1.7262,0.020715,-23.567,13.813,15.715,15.722,-2.7584,-1.4229,-1.7646,15.966,-1.4221,-3.948,22.504,-11.69,6.2087,4.5287,-5.5441,-2.7458,-10.598,-6.5808,-9.7294,4.1626,1.5051,-1.1937,-1.1937,-1.1937,9999.5,-5.9053,0.098231,2.6217,35.058
96.082,123.22,-35.472,-30.737,115.4,77.282,2.8469,10.019,137.93,18.565,-96.562,-73.404,-109.92,-89.859,28.538,-79.272,32.717,-94.591,-70.317,-9.6615,-9.6615,-9.6615,-2.1271,23.576,4.0906,-300.17,179.72,203.91,204.16,-35.015,-18.524,-23.012,207.11,-19.115,-53.688,294.69,-151.98,85.052,54.367,-71.701,-37.354,-137.19,-87.095,-130.28,57.859,21.173,-15.306,-15.306,-15.306,-5.9053,9923.3,7.4365,40.811,455.77
1.7893,1.9563,-0.60678,1.8343,-9.7967,11.003,-0.20424,0.83689,1.7019,-1.0401,4.3225,2.264,4.7945,19.365,-16.734,2.8197,-16.74,19.684,-2.4244,2.4201,2.4201,2.4201,0.10474,2.7158,-0.079931,-12.767,-2.8966,4.2383,5.1418,1.3024,-2.9703,-5.0235,8.4931,-3.0283,0.0046012,2.5028,7.8972,7.6604,-10.269,21.979,-13.973,-2.1066,-18.936,12.851,14.08,3.5823,2.9915,2.9915,2.9915,0.098231,7.4365,0.45146,-28.402,0.98095
-67.83,-74.664,48.986,1.936,-349.79,105.3,-102.26,115,-97.694,-13.369,-248.99,414.08,-93.784,-192.46,891.05,346.74,917.94,-277,133.9,-117.48,-117.48,-117.48,-6.5016,-413.89,6.5228,-1968.7,-173.45,-3.0967,-57.494,-273.24,22.267,41.581,16.731,233.16,864.16,-945.71,105.9,-1579,1544.4,-87.069,609.74,-113.08,602.54,1415.3,-1353.8,-578.6,-63.955,-63.955,-63.955,2.6217,40.811,-28.402,7620.2,-311.21
-571.13,-732.09,211.55,182.13,-693.76,-454.73,-19.85,-55.997,-819.9,-110.36,564.73,446.92,648.39,526.58,-142.93,479.71,-166.9,552.15,420.45,53.805,53.805,53.805,12.41,-151.77,3.2443,1720.6,-1069.7,-1208,-1211.1,199.42,110.39,137.56,-1226.4,120.06,343.29,-1773.3,903.39,-550.02,-276.86,422.09,239.18,809.34,533.61,813.07,-382.38,-142.37,88.8,88.8,88.8,35.058,455.77,0.98095,-311.21,7291.1
