673.96,557.41,335,335.3,95.361,533.17,549.13,179.43,274.14,10.544,622,739.72,101.31,733.72,609.29,985.37,61.67,74.441,22.535,667.25,667.25,667.25,35.611,304.4,92185,-57.427,140.85,663.63,612.22,150.7,285.68,384.72,246.93,532.02,82.35,251.33,106.86,668.29,584.44,374.72,489.37,610.01,722.5,302.43,320.65,-446.3,619.85,619.85,619.85,362.51,289.17,23718,-11.074,73.203
330.91,233.33,213.06,170.96,0.3655,214.59,214.72,42.047,50.69,0.96036,67.7,425,2.3344,375.4,68.691,856.75,5.4999,1.999,-31.037,349.43,349.43,349.43,0.0052804,28.227,-2.6246e+05,-545.1,-180.39,206.61,173.6,-40.438,128.47,42.748,8.8121,3.0883,6.2916,114.54,3.7956,34.087,28.88,44.245,0.95672,14.023,6.1912,7.8056,41.408,-649.24,342.05,342.05,342.05,0.0072477,-49.8,-1.8793e+05,-422.1,-325.49
1271.8,1253.8,491.2,511.6,640.64,1085.2,1263.9,266.25,441.23,23.728,904.88,997.62,515.18,991.97,834.66,999.98,200.67,475.09,96.273,811.67,811.67,811.67,371.57,488.24,3.43e+05,421.74,600,1497,1497,330.99,1244.7,1452.4,930.38,1447.7,201.62,386.81,999,996.92,904.76,999.9,904.39,885.52,998.25,843.93,666.12,-240.12,781.68,781.68,781.68,1560.2,571.76,1.6218e+05,540.11,501.96
0.78919,-0.17403,-0.068195,-0.075223,-0.049246,-0.14839,-0.15932,-0.046531,-0.054591,-0.00019033,0.0025441,-0.027155,-0.032098,-0.024607,0.011981,0.0089262,-0.0085497,-0.03784,-0.010457,-0.021791,-0.021791,-0.021791,-0.02415,-0.096216,0.00016432,0.012563,-0.046271,-0.08716,-0.050394,-0.058471,-0.015103,-0.021405,-0.095608,-0.039677,0.045932,-0.066531,-0.007977,-0.021048,0.019624,0.037645,-0.011729,-0.048983,-0.015638,0.0064703,0.0049729,0.071888,-0.016665,-0.016665,-0.016665,0.040288,-0.085853,-0.00034261,-0.016876,-0.033012
-0.17403,0.79516,0.0037208,0.0021278,-0.035784,-0.19624,-0.20148,0.002104,-0.001868,0.00080184,0.019295,-0.00037951,-0.010847,0.00079225,0.023312,0.0042301,-0.0029284,-0.0079388,-0.0070901,-0.015877,-0.015877,-0.015877,-0.014664,-0.048539,0.00020573,0.074724,0.0038067,-0.053655,-0.064388,-0.00077655,-0.021631,-0.00017703,-0.057393,-0.061615,0.0067688,-0.030173,0.017191,-0.010076,0.01191,0.040176,0.016801,-0.0098144,-0.017801,0.037223,0.047811,-0.032915,0.0031471,0.0031471,0.0031471,0.016863,-0.097603,-0.00028784,-0.073662,-0.060629
-0.068195,0.0037208,0.90954,-0.10133,-0.0015059,0.019153,0.019837,-0.066023,-0.072386,-0.00032466,-0.025399,-0.040548,0.002937,-0.041573,-0.024952,-0.0011477,0.007354,-0.012637,-0.0031141,-0.02921,-0.02921,-0.02921,0.0045243,-0.063098,-2.6481e-05,-0.052819,-0.014671,-0.045567,0.0058087,-0.07209,0.0036261,-0.049131,-0.038806,0.016274,0.055206,-0.055556,-0.028189,-0.024359,0.0024601,0.012259,-0.034233,-0.058233,-0.00013484,-0.037632,-0.028653,0.099719,-0.03657,-0.03657,-0.03657,0.021316,0.015773,7.5459e-06,0.040313,0.016403
-0.075223,0.0021278,-0.10133,0.88469,0.0063942,0.016842,0.020848,-0.07621,-0.082953,0.00025981,-0.031319,-0.049227,0.017839,-0.051628,-0.033595,-0.0044131,0.015951,-0.0027537,-0.0034138,-0.039606,-0.039606,-0.039606,0.01227,-0.068675,3.4518e-05,-0.045579,-0.0090026,-0.046346,0.007248,-0.078377,0.0027384,-0.060262,-0.033917,0.019522,0.064875,-0.062266,-0.032115,-0.0312,0.00038201,0.019021,-0.039481,-0.07053,-0.00029908,-0.044473,-0.024895,0.10458,-0.045351,-0.045351,-0.045351,0.01981,0.024468,-0.00010043,0.043452,0.0014406
-0.049246,-0.035784,-0.0015059,0.0063942,0.88279,-0.0029633,-0.034958,0.0092713,0.010987,-0.010219,0.00010157,0.041291,-0.11798,0.051694,0.024933,0.027538,-0.061273,-0.09342,0.016814,-0.0060044,-0.0060044,-0.0060044,-0.064223,-0.0028213,0.00036161,0.11113,-0.062995,-0.041447,-0.02215,0.0062316,0.015612,0.05898,-0.1122,-0.00045115,-0.022219,0.016107,-0.024535,0.053385,-0.0091494,-0.014178,-0.047511,0.044028,-0.025291,0.018538,-0.033564,0.060348,-0.00409,-0.00409,-0.00409,0.072736,0.043292,-0.0005781,0.0096321,0.069796
-0.14839,-0.19624,0.019153,0.016842,-0.0029633,0.80021,-0.19556,0.010234,0.0061653,0.0032847,0.022629,-0.0045131,0.022348,-0.006228,0.019143,-0.0037585,0.012573,0.021623,-0.0095672,-0.0144,-0.0144,-0.0144,0.0040319,-0.036242,0.00010473,0.05695,0.036168,-0.035653,-0.060407,0.0090658,-0.025978,-0.012033,-0.020571,-0.064492,0.0030958,-0.026581,0.028223,-0.020522,0.01173,0.041924,0.034593,-0.010923,-0.011499,0.038142,0.063698,-0.071397,0.007148,0.007148,0.007148,-0.0064259,-0.107,-5.5448e-05,-0.089353,-0.075485
-0.15932,-0.20148,0.019837,0.020848,-0.034958,-0.19556,0.79837,0.013746,0.012842,0.00099274,0.022235,0.0077174,-0.013675,0.0093121,0.026801,0.0050872,-0.004841,-0.0083278,-0.0073648,-0.0040637,-0.0040637,-0.0040637,-0.016991,-0.035872,0.00013205,0.068945,0.0071169,-0.049162,-0.06818,0.011456,-0.02293,0.0092452,-0.053599,-0.070339,-0.0030692,-0.018512,0.020138,-0.0029757,0.012328,0.039977,0.020932,0.00065875,-0.015701,0.043638,0.050868,-0.047839,0.014369,0.014369,0.014369,0.0093401,-0.1012,-0.00012581,-0.078257,-0.059356
-0.046531,0.002104,-0.066023,-0.07621,0.0092713,0.010234,0.013746,0.93998,-0.046034,0.0016751,-0.046988,-0.028341,0.026201,-0.031005,-0.049714,-0.004802,0.022895,0.0037331,-0.0072506,-0.011713,-0.011713,-0.011713,0.011774,-0.033047,-0.00016305,-0.027959,0.0073549,-0.041369,-0.012537,-0.04166,0.029255,-0.068965,-0.037411,-0.013938,0.047028,-0.032168,-0.0067503,-0.031801,-0.02862,0.019844,-0.035498,-0.044521,-0.0077008,-0.028894,0.001414,0.074325,-0.019708,-0.019708,-0.019708,0.012931,0.039645,7.5214e-05,0.043655,-0.023451
-0.054591,-0.001868,-0.072386,-0.082953,0.010987,0.0061653,0.012842,-0.046034,0.92877,-0.00045752,-0.0047677,-0.037302,0.013711,-0.039412,-0.0088265,-0.0052554,0.0060716,0.0056169,0.0012678,-0.051982,-0.051982,-0.051982,0.014409,-0.066672,0.00017662,-0.030313,-0.0065926,-0.01511,0.026551,-0.066537,-0.022039,-0.030044,0.0072291,0.046847,0.043159,-0.06101,-0.025144,-0.018134,0.013643,0.0022764,-0.015945,-0.047592,0.0053148,-0.035502,-0.022839,0.054077,-0.05018,-0.05018,-0.05018,0.011849,-0.013587,-0.00021329,-0.001127,0.026164
-0.00019033,0.00080184,-0.00032466,0.00025981,-0.010219,0.0032847,0.00099274,0.0016751,-0.00045752,0.99842,0.0042062,0.0022308,-0.011496,0.0031345,0.0060569,0.0021792,-0.0073273,-0.0076169,0.0042693,-0.0061095,-0.0061095,-0.0061095,-0.0044397,0.0024047,-5.2114e-06,0.011347,0.0067353,-0.0044499,-0.0019494,-0.00050922,-0.0017257,0.0053666,-0.0092953,0.0011984,-0.0033739,0.001355,-0.0072206,0.006792,0.003822,-0.0026777,-0.0031243,0.0037987,3.4906e-05,0.0004913,-0.0065444,0.0013928,-0.0037231,-0.0037231,-0.0037231,0.0041585,0.011153,-8.7352e-06,-0.0030584,0.016492
0.0025441,0.019295,-0.025399,-0.031319,0.00010157,0.022629,0.022235,-0.046988,-0.0047677,0.0042062,0.80558,0.072879,0.041514,0.07016,-0.19578,-0.0039027,0.039874,0.0045405,-0.020284,0.019108,0.019108,0.019108,0.0044439,-0.03713,8.1257e-05,-0.016782,-0.038821,-0.021258,-0.022081,-0.00054186,0.032437,-0.064302,-0.0024601,-0.031609,0.031582,-0.0091502,0.018247,0.055744,-0.19305,0.056726,-0.16174,0.049015,-0.023372,-0.049828,0.084737,0.036881,-0.005341,-0.005341,-0.005341,-0.0080518,0.025226,-3.0649e-05,-0.035595,-0.020685
-0.027155,-0.00037951,-0.040548,-0.049227,0.041291,-0.0045131,0.0077174,-0.028341,-0.037302,0.0022308,0.072879,0.91438,0.040717,-0.089754,0.063842,-0.010379,0.020593,0.031966,0.0019865,-0.01616,-0.01616,-0.01616,0.026974,0.0045615,0.00015278,-0.032068,0.04918,-0.001093,0.014854,-0.034064,-0.0031408,-0.014546,-0.0062959,0.0092708,0.034377,-0.017472,-0.023383,-0.072265,0.099623,0.017908,0.057725,-0.10039,0.0031692,0.0084514,-0.029632,0.023991,-0.0085167,-0.0085167,-0.0085167,0.0079701,0.025941,-0.00011171,0.070876,-0.060863
-0.032098,-0.010847,0.002937,0.017839,-0.11798,0.022348,-0.013675,0.026201,0.013711,-0.011496,0.041514,0.040717,0.84122,0.054194,0.071208,0.033776,-0.088626,-0.11821,0.017008,0.014721,0.014721,0.014721,-0.076823,-0.0096741,-9.6459e-05,0.014301,-0.061392,-0.048157,-0.014218,-0.0093167,0.0087678,0.066408,-0.11214,0.0041411,-0.038663,0.0072312,-0.016254,0.051949,0.027948,-0.056351,0.00015068,0.060253,-0.0072554,0.023975,-0.073653,0.06202,0.010115,0.010115,0.010115,0.063096,-0.0073807,3.6389e-05,0.0024926,0.15866
-0.024607,0.00079225,-0.041573,-0.051628,0.051694,-0.006228,0.0093121,-0.031005,-0.039412,0.0031345,0.07016,-0.089754,0.054194,0.90492,0.058449,-0.0134,0.027852,0.042239,0.000794,-0.018696,-0.018696,-0.018696,0.033993,0.0049062,0.0001593,-0.033711,0.056882,0.0025524,0.016221,-0.034196,-0.003084,-0.022267,0.00317,0.0094681,0.037729,-0.019209,-0.021285,-0.078061,0.097482,0.021086,0.059319,-0.10551,0.003856,0.0061687,-0.023951,0.018483,-0.010388,-0.010388,-0.010388,0.0029558,0.026807,-0.00010356,0.069953,-0.071717
0.011981,0.023312,-0.024952,-0.033595,0.024933,0.019143,0.026801,-0.049714,-0.0088265,0.0060569,-0.19578,0.063842,0.071208,0.058449,0.79647,-0.01096,0.054632,0.028852,-0.021997,0.011194,0.011194,0.011194,0.021081,-0.035592,7.6686e-05,-0.021149,-0.017309,-0.010177,-0.016857,-0.00034108,0.030247,-0.080235,0.023579,-0.028091,0.036421,-0.013484,0.02376,0.042934,-0.19482,0.060069,-0.15312,0.039895,-0.020351,-0.054285,0.096171,0.018333,-0.010639,-0.010639,-0.010639,-0.020965,0.024003,2.1942e-05,-0.042842,-0.038523
0.0089262,0.0042301,-0.0011477,-0.0044131,0.027538,-0.0037585,0.0050872,-0.004802,-0.0052554,0.0021792,-0.0039027,-0.010379,0.033776,-0.0134,-0.01096,0.99214,0.017354,0.026834,-0.0024283,-0.0079677,-0.0079677,-0.0079677,0.018448,0.00093465,2.5035e-06,-0.0056764,0.022399,0.011133,0.0051685,-0.00048309,-0.0014289,-0.018921,0.027319,0.0028494,0.0068939,-0.0051161,0.0059177,-0.014634,-0.0035449,0.0053846,0.007325,-0.011461,0.0027653,-0.005554,0.013389,-0.017835,-0.005641,-0.005641,-0.005641,-0.013775,-0.00031649,4.7295e-05,-0.0059503,-0.022393
-0.0085497,-0.0029284,0.007354,0.015951,-0.061273,0.012573,-0.004841,0.022895,0.0060716,-0.0073273,0.039874,0.020593,-0.088626,0.027852,0.054632,0.017354,0.94603,-0.060184,0.014162,-0.0056789,-0.0056789,-0.0056789,-0.0383,-0.0038088,-8.9072e-05,0.013978,-0.014892,-0.018089,-0.00036429,-0.0056924,-0.0033588,0.039595,-0.047598,0.01491,-0.028526,0.00044914,-0.0092667,0.028154,0.027172,-0.043095,0.015771,0.038083,0.00027272,0.014259,-0.045957,0.01473,-0.0027089,-0.0027089,-0.0027089,0.031497,-0.008424,0.00010145,-0.016231,0.10988
-0.03784,-0.0079388,-0.012637,-0.0027537,-0.09342,0.021623,-0.0083278,0.0037331,0.0056169,-0.0076169,0.0045405,0.031966,-0.11821,0.042239,0.028852,0.026834,-0.060184,0.90363,0.0070813,0.024593,0.024593,0.024593,-0.062174,-0.015122,-2.8348e-05,-0.0040778,-0.068147,-0.049962,-0.018316,-0.013229,0.01609,0.041914,-0.10367,-0.0096412,-0.015918,0.0044623,-0.015042,0.040859,0.0028708,-0.02642,-0.026126,0.037018,-0.010564,0.01197,-0.050584,0.07772,0.013496,0.013496,0.013496,0.052626,0.0020982,-4.7349e-05,0.023075,0.099781
-0.010457,-0.0070901,-0.0031141,-0.0034138,0.016814,-0.0095672,-0.0073648,-0.0072506,0.0012678,0.0042693,-0.020284,0.0019865,0.017008,0.000794,-0.021997,-0.0024283,0.014162,0.0070813,0.9847,0.02528,0.02528,0.02528,0.0032645,-0.016938,6.4265e-05,-0.038333,-0.043213,0.0031403,0.001365,-0.0013423,0.015187,-0.02158,0.013453,-0.0064033,0.0088685,-0.0077617,0.030706,-0.018852,-0.023362,-0.0036927,0.0080793,0.00073106,-0.0021863,-0.002643,0.01498,0.013556,0.013651,0.013651,0.013651,-0.0043193,-0.04446,1.442e-05,0.012062,-0.0357
-0.021791,-0.015877,-0.02921,-0.039606,-0.0060044,-0.0144,-0.0040637,-0.011713,-0.051982,-0.0061095,0.019108,-0.01616,0.014721,-0.018696,0.011194,-0.0079677,-0.0056789,0.024593,0.02528,0.88333,-0.11667,-0.11667,0.022803,-0.028706,-0.00010646,0.13564,0.05299,0.0032129,0.015425,-0.022811,-0.039737,-0.021667,0.041341,0.060051,0.0058137,-0.037932,-0.037635,0.0092229,0.012433,-0.026709,0.00096565,-0.00088298,0.016487,-0.037467,-0.017,-0.022572,-0.084616,-0.084616,-0.084616,-0.0082427,0.046418,0.00019866,-0.065037,0.044168
-0.021791,-0.015877,-0.02921,-0.039606,-0.0060044,-0.0144,-0.0040637,-0.011713,-0.051982,-0.0061095,0.019108,-0.01616,0.014721,-0.018696,0.011194,-0.0079677,-0.0056789,0.024593,0.02528,-0.11667,0.88333,-0.11667,0.022803,-0.028706,-0.00010646,0.13564,0.05299,0.0032129,0.015425,-0.022811,-0.039737,-0.021667,0.041341,0.060051,0.0058137,-0.037932,-0.037635,0.0092229,0.012433,-0.026709,0.00096565,-0.00088298,0.016487,-0.037467,-0.017,-0.022572,-0.084616,-0.084616,-0.084616,-0.0082427,0.046418,0.00019866,-0.065037,0.044168
-0.021791,-0.015877,-0.02921,-0.039606,-0.0060044,-0.0144,-0.0040637,-0.011713,-0.051982,-0.0061095,0.019108,-0.01616,0.014721,-0.018696,0.011194,-0.0079677,-0.0056789,0.024593,0.02528,-0.11667,-0.11667,0.88333,0.022803,-0.028706,-0.00010646,0.13564,0.05299,0.0032129,0.015425,-0.022811,-0.039737,-0.021667,0.041341,0.060051,0.0058137,-0.037932,-0.037635,0.0092229,0.012433,-0.026709,0.00096565,-0.00088298,0.016487,-0.037467,-0.017,-0.022572,-0.084616,-0.084616,-0.084616,-0.0082427,0.046418,0.00019866,-0.065037,0.044168
-0.02415,-0.014664,0.0045243,0.01227,-0.064223,0.0040319,-0.016991,0.011774,0.014409,-0.0044397,0.0044439,0.026974,-0.076823,0.033993,0.021081,0.018448,-0.0383,-0.062174,0.0032645,0.022803,0.022803,0.022803,0.95599,-0.0045537,1.7232e-05,0.015067,-0.065835,-0.02444,-0.012659,0.0037426,0.0024283,0.046549,-0.060933,-0.0079811,-0.015496,0.013004,-0.011253,0.035778,0.0037977,-0.0099305,-0.019833,0.028242,-0.0068242,0.012845,-0.027235,0.043065,0.015928,0.015928,0.015928,0.030742,-0.006978,-0.00016299,0.014667,0.040222
-0.096216,-0.048539,-0.063098,-0.068675,-0.0028213,-0.036242,-0.035872,-0.033047,-0.066672,0.0024047,-0.03713,0.0045615,-0.0096741,0.0049062,-0.035592,0.00093465,-0.0038088,-0.015122,-0.016938,-0.028706,-0.028706,-0.028706,-0.0045537,0.87512,0.00024211,-0.069001,-0.11022,-0.0089113,0.034557,-0.071727,-0.032903,-0.01944,0.030698,0.060214,0.036539,-0.086455,0.018567,0.0022388,-0.035983,-0.016608,-0.021912,0.00049072,0.0028163,-0.037206,-0.0020699,0.055957,-0.040678,-0.040678,-0.040678,0.014234,-0.14228,-0.00024515,-0.052946,0.041311
0.00016432,0.00020573,-2.6481e-05,3.4518e-05,0.00036161,0.00010473,0.00013205,-0.00016305,0.00017662,-5.2114e-06,8.1257e-05,0.00015278,-9.6459e-05,0.0001593,7.6686e-05,2.5035e-06,-8.9072e-05,-2.8348e-05,6.4265e-05,-0.00010646,-0.00010646,-0.00010646,1.7232e-05,0.00024211,1.362e-06,6.5656e-05,-5.5194e-05,-0.000213,-0.00012016,-0.00022021,-7.6385e-06,-6.0786e-05,-0.00020427,-0.00016897,-0.00011678,-8.6199e-05,8.4899e-05,7.4194e-05,0.00011449,0.00026862,6.1884e-05,7.1872e-05,-8.9884e-05,0.00040199,0.00017742,0.00025116,-0.00019479,-0.00019479,-0.00019479,-3.7934e-05,-0.00037289,-1.5666e-06,-0.00011939,-0.0002165
0.012563,0.074724,-0.052819,-0.045579,0.11113,0.05695,0.068945,-0.027959,-0.030313,0.011347,-0.016782,-0.032068,0.014301,-0.033711,-0.021149,-0.0056764,0.013978,-0.0040778,-0.038333,0.13564,0.13564,0.13564,0.015067,-0.069001,6.5656e-05,0.40861,0.091894,-0.033679,0.02399,-0.11619,-0.049404,-0.012042,0.0054187,-0.05197,0.047556,-0.068404,-0.0021535,-0.0067595,0.041882,0.070658,-0.010382,-0.071372,0.026615,0.0035799,-0.012034,0.011749,0.08323,0.08323,0.08323,-0.057522,-0.20125,-0.00016332,-0.023534,0.17255
-0.046271,0.0038067,-0.014671,-0.0090026,-0.062995,0.036168,0.0071169,0.0073549,-0.0065926,0.0067353,-0.038821,0.04918,-0.061392,0.056882,-0.017309,0.022399,-0.014892,-0.068147,-0.043213,0.05299,0.05299,0.05299,-0.065835,-0.11022,-5.5194e-05,0.091894,0.44766,0.040071,0.051921,0.02001,-0.041249,0.086249,0.098053,0.095491,0.0057972,0.00032391,0.024523,0.052215,-0.031874,-0.092693,-0.0011857,0.065382,0.04993,-0.07377,-0.070405,0.19855,0.0085155,0.0085155,0.0085155,-0.030326,-0.18297,0.00033499,0.11522,-0.19361
-0.08716,-0.053655,-0.045567,-0.046346,-0.041447,-0.035653,-0.049162,-0.041369,-0.01511,-0.0044499,-0.021258,-0.001093,-0.048157,0.0025524,-0.010177,0.011133,-0.018089,-0.049962,0.0031403,0.0032129,0.0032129,0.0032129,-0.02444,-0.0089113,-0.000213,-0.033679,0.040071,0.83134,-0.14471,-0.011907,0.00066522,-0.10886,-0.10106,-0.15518,0.010203,-0.0029357,-0.051055,0.027336,0.0064064,-0.027182,0.0059488,0.022205,0.070897,-0.054919,-0.060142,0.091202,0.0077394,0.0077394,0.0077394,-0.10039,0.059489,0.00032862,0.012291,0.054133
-0.050394,-0.064388,0.0058087,0.007248,-0.02215,-0.060407,-0.06818,-0.012537,0.026551,-0.0019494,-0.022081,0.014854,-0.014218,0.016221,-0.016857,0.0051685,-0.00036429,-0.018316,0.001365,0.015425,0.015425,0.015425,-0.012659,0.034557,-0.00012016,0.02399,0.051921,-0.14471,0.83819,0.040544,-0.0013089,-0.10206,-0.06254,-0.18191,-0.012368,0.034973,-0.037095,0.033857,-0.0050508,-0.020151,0.021351,0.044855,0.077389,-0.043854,-0.027782,0.03035,0.027101,0.027101,0.027101,-0.13576,0.069261,0.00022047,-0.0024982,-0.013875
-0.058471,-0.00077655,-0.07209,-0.078377,0.0062316,0.0090658,0.011456,-0.04166,-0.066537,-0.00050922,-0.00054186,-0.034064,-0.0093167,-0.034196,-0.00034108,-0.00048309,-0.0056924,-0.013229,-0.0013423,-0.022811,-0.022811,-0.022811,0.0037426,-0.071727,-0.00022021,-0.11619,0.02001,-0.011907,0.040544,0.91541,-0.01693,-0.0038667,-0.02472,0.048127,0.043269,-0.067996,-0.017734,-0.017854,0.019372,0.023887,-0.028166,-0.056971,-0.017037,-0.0078887,-0.016137,0.046591,-0.029973,-0.029973,-0.029973,0.047342,-0.045659,0.0004582,-0.0088957,0.077451
-0.015103,-0.021631,0.0036261,0.0027384,0.015612,-0.025978,-0.02293,0.029255,-0.022039,-0.0017257,0.032437,-0.0031408,0.0087678,-0.003084,0.030247,-0.0014289,-0.0033588,0.01609,0.015187,-0.039737,-0.039737,-0.039737,0.0024283,-0.032903,-7.6385e-06,-0.049404,-0.041249,0.00066522,-0.0013089,-0.01693,0.78483,0.14738,0.099034,0.0080708,0.0056516,-0.00057303,-0.16428,0.1474,0.10851,0.091598,-0.073042,-0.030334,0.089244,-0.050229,-0.041192,-0.037358,-0.018248,-0.018248,-0.018248,-0.13906,-0.060825,0.00010786,-0.089913,-0.0089425
-0.021405,-0.00017703,-0.049131,-0.060262,0.05898,-0.012033,0.0092452,-0.068965,-0.030044,0.0053666,-0.064302,-0.014546,0.066408,-0.022267,-0.080235,-0.018921,0.039595,0.041914,-0.02158,-0.021667,-0.021667,-0.021667,0.046549,-0.01944,-6.0786e-05,-0.012042,0.086249,-0.10886,-0.10206,-0.0038667,0.14738,0.67914,0.0019359,-0.10475,0.016288,-0.047213,0.12867,-0.13387,-0.11759,-0.15554,0.12872,0.059415,0.043666,-0.073681,0.002113,0.04943,-0.026496,-0.026496,-0.026496,-0.080876,0.036108,-5.4635e-05,0.014086,0.024947
-0.095608,-0.057393,-0.038806,-0.033917,-0.1122,-0.020571,-0.053599,-0.037411,0.0072291,-0.0092953,-0.0024601,-0.0062959,-0.11214,0.00317,0.023579,0.027319,-0.047598,-0.10367,0.013453,0.041341,0.041341,0.041341,-0.060933,0.030698,-0.00020427,0.0054187,0.098053,-0.10106,-0.06254,-0.02472,0.099034,0.0019359,0.74446,-0.083042,0.012174,0.014728,-0.011904,-0.020861,0.0032802,0.052484,-0.058285,-0.036982,-0.080705,0.07125,-0.0082211,0.087181,0.034683,0.034683,0.034683,0.14632,0.12103,0.00063819,0.078812,0.078209
-0.039677,-0.061615,0.016274,0.019522,-0.00045115,-0.064492,-0.070339,-0.013938,0.046847,0.0011984,-0.031609,0.0092708,0.0041411,0.0094681,-0.028091,0.0028494,0.01491,-0.0096412,-0.0064033,0.060051,0.060051,0.060051,-0.0079811,0.060214,-0.00016897,-0.05197,0.095491,-0.15518,-0.18191,0.048127,0.0080708,-0.10475,-0.083042,0.76954,-0.0076753,0.052833,-0.036533,0.027411,-0.0019998,0.018981,0.012874,0.024855,0.072609,-0.02647,-0.0083753,0.017756,0.063953,0.063953,0.063953,-0.14769,0.074649,0.0004609,0.015533,-0.037412
0.045932,0.0067688,0.055206,0.064875,-0.022219,0.0030958,-0.0030692,0.047028,0.043159,-0.0033739,0.031582,0.034377,-0.038663,0.037729,0.036421,0.0068939,-0.028526,-0.015918,0.0088685,0.0058137,0.0058137,0.0058137,-0.015496,0.036539,-0.00011678,0.047556,0.0057972,0.010203,-0.012368,0.043269,0.0056516,0.016288,0.012174,-0.0076753,0.9507,0.031017,0.021032,0.01995,0.0025291,-0.054312,0.045878,0.066213,0.012824,0.014899,-0.012661,-0.048813,0.012989,0.012989,0.012989,-0.015937,-0.0042636,0.00010765,-0.03262,0.051154
-0.066531,-0.030173,-0.055556,-0.062266,0.016107,-0.026581,-0.018512,-0.032168,-0.06101,0.001355,-0.0091502,-0.017472,0.0072312,-0.019209,-0.013484,-0.0051161,0.00044914,0.0044623,-0.0077617,-0.037932,-0.037932,-0.037932,0.013004,-0.086455,-8.6199e-05,-0.068404,0.00032391,-0.0029357,0.034973,-0.067996,-0.00057303,-0.047213,0.014728,0.052833,0.031017,0.92081,0.030958,-0.036778,-0.018155,-0.020447,0.010379,-0.017425,-0.012114,-0.015296,0.0041393,0.018232,-0.041195,-0.041195,-0.041195,0.032919,-0.08868,0.00023494,-0.046823,0.06579
-0.007977,0.017191,-0.028189,-0.032115,-0.024535,0.028223,0.020138,-0.0067503,-0.025144,-0.0072206,0.018247,-0.023383,-0.016254,-0.021285,0.02376,0.0059177,-0.0092667,-0.015042,0.030706,-0.037635,-0.037635,-0.037635,-0.011253,0.018567,8.4899e-05,-0.0021535,0.024523,-0.051055,-0.037095,-0.017734,-0.16428,0.12867,-0.011904,-0.036533,0.021032,0.030958,0.79052,0.14207,0.11492,0.12094,-0.1209,-0.066433,0.069654,-0.047205,-0.065459,0.032087,-0.01552,-0.01552,-0.01552,-0.099768,0.1058,-9.4708e-05,0.00021189,-0.0084813
-0.021048,-0.010076,-0.024359,-0.0312,0.053385,-0.020522,-0.0029757,-0.031801,-0.018134,0.006792,0.055744,-0.072265,0.051949,-0.078061,0.042934,-0.014634,0.028154,0.040859,-0.018852,0.0092229,0.0092229,0.0092229,0.035778,0.0022388,7.4194e-05,-0.0067595,0.052215,0.027336,0.033857,-0.017854,0.1474,-0.13387,-0.020861,0.027411,0.01995,-0.036778,0.14207,0.8047,0.0045788,-0.079538,0.152,-0.052388,-0.058278,0.047111,0.020425,0.0095509,0.0011828,0.0011828,0.0011828,0.097862,-0.018285,-8.0575e-05,0.0882,-0.055347
0.019624,0.01191,0.0024601,0.00038201,-0.0091494,0.01173,0.012328,-0.02862,0.013643,0.003822,-0.19305,0.099623,0.027948,0.097482,-0.19482,-0.0035449,0.027172,0.0028708,-0.023362,0.012433,0.012433,0.012433,0.0037977,-0.035983,0.00011449,0.041882,-0.031874,0.0064064,-0.0050508,0.019372,0.10851,-0.11759,0.0032802,-0.0019998,0.0025291,-0.018155,0.11492,0.0045788,0.74847,-0.023079,-0.10018,0.10949,-0.055607,-0.026386,0.10913,0.00027638,-0.012806,-0.012806,-0.012806,0.044517,-0.0042894,-3.5557e-05,-0.063819,0.024795
0.037645,0.040176,0.012259,0.019021,-0.014178,0.041924,0.039977,0.019844,0.0022764,-0.0026777,0.056726,0.017908,-0.056351,0.021086,0.060069,0.0053846,-0.043095,-0.02642,-0.0036927,-0.026709,-0.026709,-0.026709,-0.0099305,-0.016608,0.00026862,0.070658,-0.092693,-0.027182,-0.020151,0.023887,0.091598,-0.15554,0.052484,0.018981,-0.054312,-0.020447,0.12094,-0.079538,-0.023079,0.74554,0.20238,0.12772,0.060082,-0.047184,-0.088188,0.042074,-0.028289,-0.028289,-0.028289,-0.045429,-0.049199,-0.00026129,0.011039,0.10396
-0.011729,0.016801,-0.034233,-0.039481,-0.047511,0.034593,0.020932,-0.035498,-0.015945,-0.0031243,-0.16174,0.057725,0.00015068,0.059319,-0.15312,0.007325,0.015771,-0.026126,0.0080793,0.00096565,0.00096565,0.00096565,-0.019833,-0.021912,6.1884e-05,-0.010382,-0.0011857,0.0059488,0.021351,-0.028166,-0.073042,0.12872,-0.058285,0.012874,0.045878,0.010379,-0.1209,0.152,-0.10018,0.20238,0.70762,-0.032482,-0.054307,-0.012273,0.074392,0.02633,-0.0099769,-0.0099769,-0.0099769,0.050938,0.084762,3.117e-05,-0.040857,-0.0049456
-0.048983,-0.0098144,-0.058233,-0.07053,0.044028,-0.010923,0.00065875,-0.044521,-0.047592,0.0037987,0.049015,-0.10039,0.060253,-0.10551,0.039895,-0.011461,0.038083,0.037018,0.00073106,-0.00088298,-0.00088298,-0.00088298,0.028242,0.00049072,7.1872e-05,-0.071372,0.065382,0.022205,0.044855,-0.056971,-0.030334,0.059415,-0.036982,0.024855,0.066213,-0.017425,-0.066433,-0.052388,0.10949,0.12772,-0.032482,0.83131,-0.037984,0.034688,0.006591,0.026016,0.0016411,0.0016411,0.0016411,0.058277,0.038998,-9.5606e-05,0.086484,-0.1092
-0.015638,-0.017801,-0.00013484,-0.00029908,-0.025291,-0.011499,-0.015701,-0.0077008,0.0053148,3.4906e-05,-0.023372,0.0031692,-0.0072554,0.003856,-0.020351,0.0027653,0.00027272,-0.010564,-0.0021863,0.016487,0.016487,0.016487,-0.0068242,0.0028163,-8.9884e-05,0.026615,0.04993,0.070897,0.077389,-0.017037,0.089244,0.043666,-0.080705,0.072609,0.012824,-0.012114,0.069654,-0.058278,-0.055607,0.060082,-0.054307,-0.037984,0.87085,0.088874,0.081469,-0.02719,0.0058328,0.0058328,0.0058328,0.19308,0.0086101,3.895e-05,0.014636,0.0028471
0.0064703,0.037223,-0.037632,-0.044473,0.018538,0.038142,0.043638,-0.028894,-0.035502,0.0004913,-0.049828,0.0084514,0.023975,0.0061687,-0.054285,-0.005554,0.014259,0.01197,-0.002643,-0.037467,-0.037467,-0.037467,0.012845,-0.037206,0.00040199,0.0035799,-0.07377,-0.054919,-0.043854,-0.0078887,-0.050229,-0.073681,0.07125,-0.02647,0.014899,-0.015296,-0.047205,0.047111,-0.026386,-0.047184,-0.012273,0.034688,0.088874,0.89653,-0.048238,0.064418,-0.036611,-0.036611,-0.036611,-0.13332,0.01549,-0.00037905,-0.0088615,-0.0051263
0.0049729,0.047811,-0.028653,-0.024895,-0.033564,0.063698,0.050868,0.001414,-0.022839,-0.0065444,0.084737,-0.029632,-0.073653,-0.023951,0.096171,0.013389,-0.045957,-0.050584,0.01498,-0.017,-0.017,-0.017,-0.027235,-0.0020699,0.00017742,-0.012034,-0.070405,-0.060142,-0.027782,-0.016137,-0.041192,0.002113,-0.0082211,-0.0083753,-0.012661,0.0041393,-0.065459,0.020425,0.10913,-0.088188,0.074392,0.006591,0.081469,-0.048238,0.86646,0.092686,-0.012371,-0.012371,-0.012371,-0.071346,0.026468,-0.00011678,0.061263,0.065827
0.071888,-0.032915,0.099719,0.10458,0.060348,-0.071397,-0.047839,0.074325,0.054077,0.0013928,0.036881,0.023991,0.06202,0.018483,0.018333,-0.017835,0.01473,0.07772,0.013556,-0.022572,-0.022572,-0.022572,0.043065,0.055957,0.00025116,0.011749,0.19855,0.091202,0.03035,0.046591,-0.037358,0.04943,0.087181,0.017756,-0.048813,0.018232,0.032087,0.0095509,0.00027638,0.042074,0.02633,0.026016,-0.02719,0.064418,0.092686,0.76855,0.0065569,0.0065569,0.0065569,-0.0061601,-0.043792,0.00040628,-0.15691,0.040492
-0.016665,0.0031471,-0.03657,-0.045351,-0.00409,0.007148,0.014369,-0.019708,-0.05018,-0.0037231,-0.005341,-0.0085167,0.010115,-0.010388,-0.010639,-0.005641,-0.0027089,0.013496,0.013651,-0.084616,-0.084616,-0.084616,0.015928,-0.040678,-0.00019479,0.08323,0.0085155,0.0077394,0.027101,-0.029973,-0.018248,-0.026496,0.034683,0.063953,0.012989,-0.041195,-0.01552,0.0011828,-0.012806,-0.028289,-0.0099769,0.0016411,0.0058328,-0.036611,-0.012371,0.0065569,0.9312,-0.068804,-0.068804,0.0077035,0.021139,0.00032144,-0.040316,0.040078
-0.016665,0.0031471,-0.03657,-0.045351,-0.00409,0.007148,0.014369,-0.019708,-0.05018,-0.0037231,-0.005341,-0.0085167,0.010115,-0.010388,-0.010639,-0.005641,-0.0027089,0.013496,0.013651,-0.084616,-0.084616,-0.084616,0.015928,-0.040678,-0.00019479,0.08323,0.0085155,0.0077394,0.027101,-0.029973,-0.018248,-0.026496,0.034683,0.063953,0.012989,-0.041195,-0.01552,0.0011828,-0.012806,-0.028289,-0.0099769,0.0016411,0.0058328,-0.036611,-0.012371,0.0065569,-0.068804,0.9312,-0.068804,0.0077035,0.021139,0.00032144,-0.040316,0.040078
-0.016665,0.0031471,-0.03657,-0.045351,-0.00409,0.007148,0.014369,-0.019708,-0.05018,-0.0037231,-0.005341,-0.0085167,0.010115,-0.010388,-0.010639,-0.005641,-0.0027089,0.013496,0.013651,-0.084616,-0.084616,-0.084616,0.015928,-0.040678,-0.00019479,0.08323,0.0085155,0.0077394,0.027101,-0.029973,-0.018248,-0.026496,0.034683,0.063953,0.012989,-0.041195,-0.01552,0.0011828,-0.012806,-0.028289,-0.0099769,0.0016411,0.0058328,-0.036611,-0.012371,0.0065569,-0.068804,-0.068804,0.9312,0.0077035,0.021139,0.00032144,-0.040316,0.040078
0.040288,0.016863,0.021316,0.01981,0.072736,-0.0064259,0.0093401,0.012931,0.011849,0.0041585,-0.0080518,0.0079701,0.063096,0.0029558,-0.020965,-0.013775,0.031497,0.052626,-0.0043193,-0.0082427,-0.0082427,-0.0082427,0.030742,0.014234,-3.7934e-05,-0.057522,-0.030326,-0.10039,-0.13576,0.047342,-0.13906,-0.080876,0.14632,-0.14769,-0.015937,0.032919,-0.099768,0.097862,0.044517,-0.045429,0.050938,0.058277,0.19308,-0.13332,-0.071346,-0.0061601,0.0077035,0.0077035,0.0077035,0.67579,-0.0086868,4.9496e-06,-0.049347,-0.053512
-0.085853,-0.097603,0.015773,0.024468,0.043292,-0.107,-0.1012,0.039645,-0.013587,0.011153,0.025226,0.025941,-0.0073807,0.026807,0.024003,-0.00031649,-0.008424,0.0020982,-0.04446,0.046418,0.046418,0.046418,-0.006978,-0.14228,-0.00037289,-0.20125,-0.18297,0.059489,0.069261,-0.045659,-0.060825,0.036108,0.12103,0.074649,-0.0042636,-0.08868,0.1058,-0.018285,-0.0042894,-0.049199,0.084762,0.038998,0.0086101,0.01549,0.026468,-0.043792,0.021139,0.021139,0.021139,-0.0086868,0.62785,0.00064137,-0.11646,0.029925
-0.00034261,-0.00028784,7.5459e-06,-0.00010043,-0.0005781,-5.5448e-05,-0.00012581,7.5214e-05,-0.00021329,-8.7352e-06,-3.0649e-05,-0.00011171,3.6389e-05,-0.00010356,2.1942e-05,4.7295e-05,0.00010145,-4.7349e-05,1.442e-05,0.00019866,0.00019866,0.00019866,-0.00016299,-0.00024515,-1.5666e-06,-0.00016332,0.00033499,0.00032862,0.00022047,0.0004582,0.00010786,-5.4635e-05,0.00063819,0.0004609,0.00010765,0.00023494,-9.4708e-05,-8.0575e-05,-3.5557e-05,-0.00026129,3.117e-05,-9.5606e-05,3.895e-05,-0.00037905,-0.00011678,0.00040628,0.00032144,0.00032144,0.00032144,4.9496e-06,0.00064137,3.5055e-06,-0.00054554,3.572e-06
-0.016876,-0.073662,0.040313,0.043452,0.0096321,-0.089353,-0.078257,0.043655,-0.001127,-0.0030584,-0.035595,0.070876,0.0024926,0.069953,-0.042842,-0.0059503,-0.016231,0.023075,0.012062,-0.065037,-0.065037,-0.065037,0.014667,-0.052946,-0.00011939,-0.023534,0.11522,0.012291,-0.0024982,-0.0088957,-0.089913,0.014086,0.078812,0.015533,-0.03262,-0.046823,0.00021189,0.0882,-0.063819,0.011039,-0.040857,0.086484,0.014636,-0.0088615,0.061263,-0.15691,-0.040316,-0.040316,-0.040316,-0.049347,-0.11646,-0.00054554,0.75547,0.16416
-0.033012,-0.060629,0.016403,0.0014406,0.069796,-0.075485,-0.059356,-0.023451,0.026164,0.016492,-0.020685,-0.060863,0.15866,-0.071717,-0.038523,-0.022393,0.10988,0.099781,-0.0357,0.044168,0.044168,0.044168,0.040222,0.041311,-0.0002165,0.17255,-0.19361,0.054133,-0.013875,0.077451,-0.0089425,0.024947,0.078209,-0.037412,0.051154,0.06579,-0.0084813,-0.055347,0.024795,0.10396,-0.0049456,-0.1092,0.0028471,-0.0051263,0.065827,0.040492,0.040078,0.040078,0.040078,-0.053512,0.029925,3.572e-06,0.16416,0.52903
151.21,151.21,151.21,151.21,151.21,151.21,151.21,151.21,151.21,151.21,151.21,151.21,151.21,151.21,151.21,151.21,151.21,151.21,151.21,151.21,151.21,151.21,151.21,151.21,151.21,151.21,151.21,151.21,151.21,151.21,151.21,151.21,151.21,151.21,151.21,151.21,151.21,151.21,151.21,151.21,151.21,151.21,151.21,151.21,151.21,151.21,151.21,151.21,151.21,151.21,151.21,151.21,151.21,151.21
