290.88,278.26,-76.907,90.132,179.23,210.45,154.28,117.03,189.83,179.2,658.98,387.65,298.57,363.73,663.9,919.61,302.14,174.66,-225.32,113.16,113.16,113.16,4.7602,-132.85,-1.3884e+05,-47.97,20.915
183.49,182.96,-139.63,53.777,105.83,139.91,66.963,78.27,40.809,125.41,29.601,39.775,174.71,75.901,42.517,835.3,179.23,121.64,-266.29,8.677,8.677,8.677,2.7364,-140.77,-2.55e+05,-84.836,-19.608
360.73,332.61,-13.833,112.85,225.48,257.98,231.99,165.88,264.92,210.5,978.64,991.66,535.29,843.6,981.69,963.75,536.16,216.05,-187.56,176.92,176.92,176.92,8.6362,-117.05,76667,4.898,94.118
0.99385,-0.0058177,0.0025797,-0.0021253,-0.0042725,-0.0039592,-0.0040047,0.0024648,-0.0095675,-0.0036727,-0.040289,0.036713,0.014981,0.028622,-0.039673,-0.0053347,0.015349,-0.0041207,-0.0016633,0.00065625,0.00065625,0.00065625,2.0888e-05,0.0010163,-7.6681e-05,0.0029085,0.0045271
-0.0058177,0.99449,0.0024413,-0.0020112,-0.0040432,-0.0037467,-0.0037898,0.0023325,-0.0090541,-0.0034756,-0.038127,0.034743,0.014177,0.027086,-0.037544,-0.0050484,0.014525,-0.0038996,-0.001574,0.00062101,0.00062101,0.00062101,1.9768e-05,0.0009618,-1.8037e-05,0.0027524,0.0042842
0.0025797,0.0024413,0.99892,0.00089183,0.0017929,0.0016614,0.0016805,-0.0010343,0.0040148,0.0015412,0.016907,-0.015406,-0.0062864,-0.012011,0.016648,0.0022386,-0.0064408,0.0017292,0.00069792,-0.00027545,-0.00027545,-0.00027545,-8.7624e-06,-0.00042649,0.0001872,-0.0012205,-0.0018997
-0.0021253,-0.0020112,0.00089183,0.99927,-0.001477,-0.0013687,-0.0013845,0.00085211,-0.0033076,-0.0012697,-0.013928,0.012692,0.005179,0.0098949,-0.013715,-0.0018443,0.0053062,-0.0014246,-0.000575,0.00022687,0.00022687,0.00022687,7.2213e-06,0.00035136,-1.9859e-05,0.0010055,0.0015651
-0.0042725,-0.0040432,0.0017929,-0.001477,0.99703,-0.0027516,-0.0027832,0.001713,-0.0066493,-0.0025525,-0.028001,0.025515,0.010411,0.019892,-0.027572,-0.0037076,0.010667,-0.0028639,-0.0011559,0.00045608,0.00045608,0.00045608,1.4517e-05,0.00070635,-4.2636e-05,0.0020214,0.0031463
-0.0039592,-0.0037467,0.0016614,-0.0013687,-0.0027516,0.99745,-0.0025791,0.0015874,-0.0061617,-0.0023653,-0.025947,0.023644,0.009648,0.018433,-0.02555,-0.0034357,0.0098849,-0.0026538,-0.0010712,0.00042265,0.00042265,0.00042265,1.3452e-05,0.00065455,-6.1185e-05,0.0018731,0.0029156
-0.0040047,-0.0037898,0.0016805,-0.0013845,-0.0027832,-0.0025791,0.99739,0.0016057,-0.0062325,-0.0023925,-0.026246,0.023916,0.0097589,0.018645,-0.025844,-0.0034752,0.0099985,-0.0026843,-0.0010835,0.00042757,0.00042757,0.00042757,1.3604e-05,0.00066208,-0.00019938,0.0018947,0.0029491
0.0024648,0.0023325,-0.0010343,0.00085211,0.001713,0.0015874,0.0016057,0.99901,0.003836,0.0014725,0.016154,-0.01472,-0.0060064,-0.011476,0.015906,0.0021389,-0.0061539,0.0016521,0.00066685,-0.00026314,-0.00026314,-0.00026314,-8.374e-06,-0.00040749,8.0641e-05,-0.0011661,-0.0018151
-0.0095675,-0.0090541,0.0040148,-0.0033076,-0.0066493,-0.0061617,-0.0062325,0.003836,0.98511,-0.0057158,-0.062703,0.057136,0.023315,0.044545,-0.061743,-0.0083024,0.023887,-0.0064131,-0.0025886,0.0010213,0.0010213,0.0010213,3.2511e-05,0.0015817,3.6656e-05,0.0045264,0.0070456
-0.0036727,-0.0034756,0.0015412,-0.0012697,-0.0025525,-0.0023653,-0.0023925,0.0014725,-0.0057158,0.99781,-0.02407,0.021933,0.0089498,0.017099,-0.023701,-0.0031871,0.0091696,-0.0024618,-0.00099369,0.00039202,0.00039202,0.00039202,1.2481e-05,0.00060719,4.353e-05,0.0017376,0.0027046
-0.040289,-0.038127,0.016907,-0.013928,-0.028001,-0.025947,-0.026246,0.016154,-0.062703,-0.02407,0.73596,0.2406,0.098179,0.18758,-0.26,-0.034962,0.10059,-0.027006,-0.010901,0.0043006,0.0043006,0.0043006,0.00013691,0.0066608,0.00013838,0.019061,0.029669
0.036713,0.034743,-0.015406,0.012692,0.025515,0.023644,0.023916,-0.01472,0.057136,0.021933,0.2406,0.78076,-0.089463,-0.17093,0.23692,0.031858,-0.091661,0.024608,0.0099329,-0.0039189,-0.0039189,-0.0039189,-0.00012475,-0.0060695,0.0001365,-0.017369,-0.027036
0.014981,0.014177,-0.0062864,0.005179,0.010411,0.009648,0.0097589,-0.0060064,0.023315,0.0089498,0.098179,-0.089463,0.96349,-0.069748,0.096676,0.013,-0.037402,0.010042,0.0040532,-0.0015991,-0.0015991,-0.0015991,-5.0905e-05,-0.0024767,-2.8226e-05,-0.0070875,-0.011032
0.028622,0.027086,-0.012011,0.0098949,0.019892,0.018433,0.018645,-0.011476,0.044545,0.017099,0.18758,-0.17093,-0.069748,0.86674,0.18471,0.024838,-0.071461,0.019185,0.0077439,-0.0030553,-0.0030553,-0.0030553,-9.7256e-05,-0.004732,0.00018353,-0.013541,-0.021078
-0.039673,-0.037544,0.016648,-0.013715,-0.027572,-0.02555,-0.025844,0.015906,-0.061743,-0.023701,-0.26,0.23692,0.096676,0.18471,0.74398,-0.034427,0.099051,-0.026593,-0.010734,0.0042347,0.0042347,0.0042347,0.00013481,0.0065589,0.00012223,0.018769,0.029215
-0.0053347,-0.0050484,0.0022386,-0.0018443,-0.0037076,-0.0034357,-0.0034752,0.0021389,-0.0083024,-0.0031871,-0.034962,0.031858,0.013,0.024838,-0.034427,0.99537,0.013319,-0.0035758,-0.0014434,0.00056944,0.00056944,0.00056944,1.8128e-05,0.00088196,9.9435e-06,0.0025239,0.0039285
0.015349,0.014525,-0.0064408,0.0053062,0.010667,0.0098849,0.0099985,-0.0061539,0.023887,0.0091696,0.10059,-0.091661,-0.037402,-0.071461,0.099051,0.013319,0.96168,0.010288,0.0041527,-0.0016383,-0.0016383,-0.0016383,-5.2157e-05,-0.0025375,-0.00010221,-0.0072616,-0.011303
-0.0041207,-0.0038996,0.0017292,-0.0014246,-0.0028639,-0.0026538,-0.0026843,0.0016521,-0.0064131,-0.0024618,-0.027006,0.024608,0.010042,0.019185,-0.026593,-0.0035758,0.010288,0.99724,-0.0011149,0.00043981,0.00043981,0.00043981,1.4004e-05,0.00068126,0.00011191,0.0019495,0.0030345
-0.0016633,-0.001574,0.00069792,-0.000575,-0.0011559,-0.0010712,-0.0010835,0.00066685,-0.0025886,-0.00099369,-0.010901,0.0099329,0.0040532,0.0077439,-0.010734,-0.0014434,0.0041527,-0.0011149,0.99955,0.00017743,0.00017743,0.00017743,5.6567e-06,0.00027498,0.00025708,0.00078689,0.0012248
0.00065625,0.00062101,-0.00027545,0.00022687,0.00045608,0.00042265,0.00042757,-0.00026314,0.0010213,0.00039202,0.0043006,-0.0039189,-0.0015991,-0.0030553,0.0042347,0.00056944,-0.0016383,0.00043981,0.00017743,0.99993,-7.0257e-05,-7.0257e-05,-2.2212e-06,-0.00010849,0.0004584,-0.00031048,-0.00048324
0.00065625,0.00062101,-0.00027545,0.00022687,0.00045608,0.00042265,0.00042757,-0.00026314,0.0010213,0.00039202,0.0043006,-0.0039189,-0.0015991,-0.0030553,0.0042347,0.00056944,-0.0016383,0.00043981,0.00017743,-7.0257e-05,0.99993,-7.0257e-05,-2.2212e-06,-0.00010849,0.0004584,-0.00031048,-0.00048324
0.00065625,0.00062101,-0.00027545,0.00022687,0.00045608,0.00042265,0.00042757,-0.00026314,0.0010213,0.00039202,0.0043006,-0.0039189,-0.0015991,-0.0030553,0.0042347,0.00056944,-0.0016383,0.00043981,0.00017743,-7.0257e-05,-7.0257e-05,0.99993,-2.2212e-06,-0.00010849,0.0004584,-0.00031048,-0.00048324
2.0888e-05,1.9768e-05,-8.7624e-06,7.2213e-06,1.4517e-05,1.3452e-05,1.3604e-05,-8.374e-06,3.2511e-05,1.2481e-05,0.00013691,-0.00012475,-5.0905e-05,-9.7256e-05,0.00013481,1.8128e-05,-5.2157e-05,1.4004e-05,5.6567e-06,-2.2212e-06,-2.2212e-06,-2.2212e-06,1,-3.4536e-06,-1.8827e-05,-9.882e-06,-1.5383e-05
0.0010163,0.0009618,-0.00042649,0.00035136,0.00070635,0.00065455,0.00066208,-0.00040749,0.0015817,0.00060719,0.0066608,-0.0060695,-0.0024767,-0.004732,0.0065589,0.00088196,-0.0025375,0.00068126,0.00027498,-0.00010849,-0.00010849,-0.00010849,-3.4536e-06,0.99983,-4.1504e-06,-0.00048084,-0.00074844
-7.6681e-05,-1.8037e-05,0.0001872,-1.9859e-05,-4.2636e-05,-6.1185e-05,-0.00019938,8.0641e-05,3.6656e-05,4.353e-05,0.00013838,0.0001365,-2.8226e-05,0.00018353,0.00012223,9.9435e-06,-0.00010221,0.00011191,0.00025708,0.0004584,0.0004584,0.0004584,-1.8827e-05,-4.1504e-06,9.0681e-07,5.3998e-05,5.8152e-06
0.0029085,0.0027524,-0.0012205,0.0010055,0.0020214,0.0018731,0.0018947,-0.0011661,0.0045264,0.0017376,0.019061,-0.017369,-0.0070875,-0.013541,0.018769,0.0025239,-0.0072616,0.0019495,0.00078689,-0.00031048,-0.00031048,-0.00031048,-9.882e-06,-0.00048084,5.3998e-05,0.99862,-0.0021418
0.0045271,0.0042842,-0.0018997,0.0015651,0.0031463,0.0029156,0.0029491,-0.0018151,0.0070456,0.0027046,0.029669,-0.027036,-0.011032,-0.021078,0.029215,0.0039285,-0.011303,0.0030345,0.0012248,-0.00048324,-0.00048324,-0.00048324,-1.5383e-05,-0.00074844,5.8152e-06,-0.0021418,0.99667
37.855,37.855,37.855,37.855,37.855,37.855,37.855,37.855,37.855,37.855,37.855,37.855,37.855,37.855,37.855,37.855,37.855,37.855,37.855,37.855,37.855,37.855,37.855,37.855,37.855,37.855,37.855
