0.36295,0.32536,0.14626,0.15186,0.14247,0.27346,0.17911,0.083326,0.26589,0.022203,0.83274,0.39728,0.80937,0.18439,0.26212,0.35735,0.30568,0.69648,-0.05015,0.44395,0.44395,0.44395,0.00028294
0.13312,0.103,0.038675,0.049681,0.004391,0.070109,0.075359,0.0017056,0.00052688,0.00044469,0.11057,0.086918,0.0012919,0.0014661,0.016209,0.010148,0.024831,0.0063498,-0.20292,0.22732,0.22732,0.22732,3.5434e-06
0.81009,0.75639,0.29962,0.30683,0.39797,0.63896,0.29226,0.21721,0.76614,0.095176,0.99621,0.99375,0.99955,0.95487,0.98008,0.99967,0.93792,0.98898,0.016693,0.79548,0.79548,0.79548,0.0042396
684.01,-293.54,-90.471,-106.28,-72.792,-180.47,-83.332,-43.805,-128.59,15.417,2.1385,32.943,4.5028,0.52003,0.53232,0.37141,-34.117,20.612,-12.027,0.75546,0.75546,0.75546,-2.2505
-293.54,694.93,-21.28,-48.887,-113.8,-185.6,-72.922,-20.397,-146.25,-3.3232,-33.82,23.658,12.868,-58.352,8.8208,0.37284,-1.3867,-22.331,-42.851,22.06,22.06,22.06,-1.6252
-90.471,-21.28,821.99,-144.82,50.818,-18.831,-50.623,-43.481,-0.70242,65.372,22.292,-24.783,26.098,85.65,-4.9255,-38.267,-55.933,9.2844,57.983,-52.019,-52.019,-52.019,-1.692
-106.28,-48.887,-144.82,854.63,36.526,-22.51,-77.885,-78.299,21.91,25.16,10.137,-13.992,2.3895,40.512,-15.248,-27.44,-75.844,7.0486,44.376,-44.445,-44.445,-44.445,-1.8075
-72.792,-113.8,50.818,36.526,323.94,196.53,-153.39,26.924,-90.499,30.523,-71.909,-37.132,-3.6759,-37.025,-34.347,28.527,-44.102,2.3307,101.2,-4.859,-4.859,-4.859,-0.036794
-180.47,-185.6,-18.831,-22.51,196.53,523.5,25.891,-150.45,-156.36,-65.652,-27.086,6.2295,31.99,-20.554,16.716,29.774,18.659,19.11,-16.746,24.043,24.043,24.043,0.1576
-83.332,-72.922,-50.623,-77.885,-153.39,25.891,477.68,5.081,168.55,-76.13,90.857,76.328,-8.8596,34.043,35.998,-66.364,14.344,-9.167,-53.459,11.322,11.322,11.322,-1.782
-43.805,-20.397,-43.481,-78.299,26.924,-150.45,5.081,597.4,210.96,10.404,-33.167,26.729,-41.421,-68.233,-33.52,-36.67,-18.657,-22.718,95.835,-50.616,-50.616,-50.616,-1.4107
-128.59,-146.25,-0.70242,21.91,-90.499,-156.36,168.55,210.96,407.96,9.4525,46.963,-25.114,-61.836,6.9773,-20.456,-5.8126,48.253,-15.896,-16.791,-33.984,-33.984,-33.984,3.2667
15.417,-3.3232,65.372,25.16,30.523,-65.652,-76.13,10.404,9.4525,751.3,-28.226,27.501,-4.0519,-60.689,-17.049,79.699,-39.759,59.847,36.507,-15.067,-15.067,-15.067,0.7057
2.1385,-33.82,22.292,10.137,-71.909,-27.086,90.857,-33.167,46.963,-28.226,397.29,64.558,184.4,95.881,-203.53,116.76,-17.929,-244.37,8.2745,12.619,12.619,12.619,-1.8004
32.943,23.658,-24.783,-13.992,-37.132,6.2295,76.328,26.729,-25.114,27.501,64.558,483.91,57.526,-224,75.855,-66.027,-354.75,-11.452,-74.352,13.205,13.205,13.205,0.28464
4.5028,12.868,26.098,2.3895,-3.6759,31.99,-8.8596,-41.421,-61.836,-4.0519,184.4,57.526,360.32,69.995,-33.111,57.344,-156.74,-268,73.118,-3.7063,-3.7063,-3.7063,4.1654
0.52003,-58.352,85.65,40.512,-37.025,-20.554,34.043,-68.233,6.9773,-60.689,95.881,-224,69.995,425.23,98.22,-219.21,93.538,-91.526,141.83,9.9681,9.9681,9.9681,1.6916
0.53232,8.8208,-4.9255,-15.248,-34.347,16.716,35.998,-33.52,-20.456,-17.049,-203.53,75.855,-33.111,98.22,335.71,-321.74,-111.23,91.829,2.5937,2.9398,2.9398,2.9398,1.902
0.37141,0.37284,-38.267,-27.44,28.527,29.774,-66.364,-36.67,-5.8126,79.699,116.76,-66.027,57.344,-219.21,-321.74,448.76,130.43,-23.68,-75.312,-3.8481,-3.8481,-3.8481,1.619
-34.117,-1.3867,-55.933,-75.844,-44.102,18.659,14.344,-18.657,48.253,-39.759,-17.929,-354.75,-156.74,93.538,-111.23,130.43,411.13,86.021,-57.808,-2.7694,-2.7694,-2.7694,-0.55947
20.612,-22.331,9.2844,7.0486,2.3307,19.11,-9.167,-22.718,-15.896,59.847,-244.37,-11.452,-268,-91.526,91.829,-23.68,86.021,308.46,-47.699,3.1792,3.1792,3.1792,1.3805
-12.027,-42.851,57.983,44.376,101.2,-16.746,-53.459,95.835,-16.791,36.507,8.2745,-74.352,73.118,141.83,2.5937,-75.312,-57.808,-47.699,500.19,3.8325,3.8325,3.8325,-1.5899
0.75546,22.06,-52.019,-44.445,-4.859,24.043,11.322,-50.616,-33.984,-15.067,12.619,13.205,-3.7063,9.9681,2.9398,-3.8481,-2.7694,3.1792,3.8325,690.93,-309.07,-309.07,-0.094719
0.75546,22.06,-52.019,-44.445,-4.859,24.043,11.322,-50.616,-33.984,-15.067,12.619,13.205,-3.7063,9.9681,2.9398,-3.8481,-2.7694,3.1792,3.8325,-309.07,690.93,-309.07,-0.094719
0.75546,22.06,-52.019,-44.445,-4.859,24.043,11.322,-50.616,-33.984,-15.067,12.619,13.205,-3.7063,9.9681,2.9398,-3.8481,-2.7694,3.1792,3.8325,-309.07,-309.07,690.93,-0.094719
-2.2505,-1.6252,-1.692,-1.8075,-0.036794,0.1576,-1.782,-1.4107,3.2667,0.7057,-1.8004,0.28464,4.1654,1.6916,1.902,1.619,-0.55947,1.3805,-1.5899,-0.094719,-0.094719,-0.094719,999.91
