217.13,0.64051,0.72016,0.011818,0.39378,0.8419,1.0291,0.63527,0.0086674,0.21767,0.09381,0.060462
55.2,0.19841,0.21961,0.0018632,0.16144,0.17067,0.39347,0.017833,0.0036171,0.10639,0.066524,0.0010373
347.37,0.96629,0.93333,0.015213,0.46014,0.99852,1.224,0.83031,0.018199,0.25089,0.10668,0.113
0.00027662,0.007866,-0.052303,0.0063407,0.055471,0.0046223,-0.0095546,-0.065048,-0.0024456,0.053139,0.020916,-0.076519
0.007866,23.854,-6.6065,0.69746,8.3545,9.6892,-6.0396,-14.395,1.3368,10.04,-12.917,17.165
-0.052303,-6.6065,43.338,-2.6108,-21.209,-23.825,5.434,26.647,0.53999,-23.336,-6.802,40.542
0.0063407,0.69746,-2.6108,998.56,-15.23,-2.9976,-7.5913,7.6393,0.3327,-14.521,1.702,-1.9527
0.055471,8.3545,-21.209,-15.23,589.74,17.512,-244.69,165.57,-10.19,-168.99,-9.1048,-87.735
0.0046223,9.6892,-23.825,-2.9976,17.512,549.42,-269.69,-287.2,2.6375,-19.309,-13.987,-53.478
-0.0095546,-6.0396,5.434,-7.5913,-244.69,-269.69,515.57,-239.75,-8.8367,-90.039,-7.4724,-7.3551
-0.065048,-14.395,26.647,7.6393,165.57,-287.2,-239.75,594.68,1.3521,78.953,1.6363,80.382
-0.0024456,1.3368,0.53999,0.3327,-10.19,2.6375,-8.8367,1.3521,992.92,5.0889,-14.664,-18.998
0.053139,10.04,-23.336,-14.521,-168.99,-19.309,-90.039,78.953,5.0889,847.64,26.697,-19.157
0.020916,-12.917,-6.802,1.702,-9.1048,-13.987,-7.4724,1.6363,-14.664,26.697,918.18,-31.217
-0.076519,17.165,40.542,-1.9527,-87.735,-53.478,-7.3551,80.382,-18.998,-19.157,-31.217,531.83
