230.22,0.48016,0.67495,0.014444,0.43774,0.07091
100.23,0.31618,0.53333,0.011831,0.41485,0.049379
346.55,0.84793,0.85098,0.019879,0.46939,0.087951
0.0016591,-0.37626,0.23056,42.186,-2.2343,12.928
-0.37626,165.39,-87.515,-12293,761.82,-3561.5
0.23056,-87.515,132.41,7072.2,-227.92,1903.8
42.186,-12293,7072.2,1.3654e+06,-66548,3.6317e+05
-2.2343,761.82,-227.92,-66548,8317.6,-22059
12.928,-3561.5,1903.8,3.6317e+05,-22059,1.1463e+05
