692.72,602.06,719.69,1339.5,8.1784,334.33,713.68,850.01,515.68,56.371,234.48,141.13,421.22
3.3967,127.66,450.98,214.36,0.020078,25.654,479.89,632.49,242.16,2.7936,90.02,31.273,38.654
1349.3,975.51,984.31,4254.4,16.272,583.72,906.95,1055.2,777.32,365.02,586.12,278.62,984.48
1.2699e-05,-6.4995e-06,4.4678e-06,6.3436e-07,0.00036722,1.5473e-06,-6.2445e-06,7.2029e-06,5.8173e-06,5.3073e-05,-4.1881e-05,-2.7037e-05,-8.881e-06
-6.4995e-06,2.4966e-05,-2.111e-05,3.8751e-06,-0.00056621,2.0388e-05,-9.2808e-05,5.1129e-05,3.0033e-05,2.6384e-05,-1.8164e-05,-1.5103e-05,5.7661e-06
4.4678e-06,-2.111e-05,7.5916e-05,-5.3192e-06,0.0017085,2.3047e-06,8.1531e-05,-2.1638e-05,-2.2781e-05,-0.00018519,8.735e-05,1.5478e-05,3.6798e-05
6.3436e-07,3.8751e-06,-5.3192e-06,5.0003e-06,0.00023523,3.1627e-06,-9.3761e-05,4.0523e-05,3.7e-05,3.6441e-05,-4.1139e-05,-7.9659e-06,-4.3823e-07
0.00036722,-0.00056621,0.0017085,0.00023523,0.55676,-0.010374,0.01745,-0.013664,-0.0032129,0.017548,-0.014962,-0.0034362,-0.000598
1.5473e-06,2.0388e-05,2.3047e-06,3.1627e-06,-0.010374,0.33394,-0.0012976,-0.33235,0.33371,-0.00018386,5.7683e-05,-0.00058192,0.00014866
-6.2445e-06,-9.2808e-05,8.1531e-05,-9.3761e-05,0.01745,-0.0012976,0.0082747,-0.0046466,-0.0033591,0.00023032,0.00040976,0.0012705,-0.00020558
7.2029e-06,5.1129e-05,-2.1638e-05,4.0523e-05,-0.013664,-0.33235,-0.0046466,0.33615,-0.33149,-0.00011386,-0.00017853,-0.0010429,0.00018182
5.8173e-06,3.0033e-05,-2.2781e-05,3.7e-05,-0.0032129,0.33371,-0.0033591,-0.33149,0.3348,6.6486e-05,-0.00023397,-0.00046765,3.4576e-05
5.3073e-05,2.6384e-05,-0.00018519,3.6441e-05,0.017548,-0.00018386,0.00023032,-0.00011386,6.6486e-05,0.0045618,-0.0028452,-0.0015284,-0.00037211
-4.1881e-05,-1.8164e-05,8.735e-05,-4.1139e-05,-0.014962,5.7683e-05,0.00040976,-0.00017853,-0.00023397,-0.0028452,0.002166,0.00089353,0.00017149
-2.7037e-05,-1.5103e-05,1.5478e-05,-7.9659e-06,-0.0034362,-0.00058192,0.0012705,-0.0010429,-0.00046765,-0.0015284,0.00089353,0.0018161,-4.312e-05
-8.881e-06,5.7661e-06,3.6798e-05,-4.3823e-07,-0.000598,0.00014866,-0.00020558,0.00018182,3.4576e-05,-0.00037211,0.00017149,-4.312e-05,0.00011381
101.81,101.81,101.81,101.81,101.81,101.81,101.81,101.81,101.81,101.81,101.81,101.81,101.81
