1.2447,1.1402,-0.42227,-1.1278,0.4216,0.4216,0.4216,0.89856
0.87167,0.63845,-0.59346,-1.5702,0.29002,0.29002,0.29002,0.021119
1.9563,1.9031,-0.22025,-0.74295,0.65656,0.65656,0.65656,2.5957
872.97,-140.71,-2.8109,-28.578,10.21,10.21,10.21,-299.85
-140.71,812.24,-61.818,-160.82,-46.901,-46.901,-46.901,-310.23
-2.8109,-61.818,891.88,-238.4,-106.92,-106.92,-106.92,33.715
-28.578,-160.82,-238.4,470.42,-233.47,-233.47,-233.47,21.326
10.21,-46.901,-106.92,-233.47,892.93,-107.07,-107.07,64.111
10.21,-46.901,-106.92,-233.47,-107.07,892.93,-107.07,64.111
10.21,-46.901,-106.92,-233.47,-107.07,-107.07,892.93,64.111
-299.85,-310.23,33.715,21.326,64.111,64.111,64.111,277.13
