0.77265,0.68995,0.30152,0.30392,0.17013,0.65067,0.68339,0.15278,0.25276,0.013292,0.70428,0.67411,0.13306,0.66442,0.6809,0.97432,0.07178,0.10852,-0.00083121,0.64419,0.64419,0.64419,0.064226,0.26802,13.285,-0.049086,0.12222,0.62268,0.58128,0.14978,0.37903,0.15013,0.34324,0.51212,0.061904,0.24889,0.18844,0.5151,0.64041,0.19578,0.72455,0.60962,0.80138,0.25564,0.24642,-0.38714,0.59638,0.59638,0.59638,0.24789,0.29216,-34.406,0.014029,0.086928
0.46265,0.29236,0.19304,0.17096,0.011103,0.26753,0.27744,0.12488,0.05069,0.0061801,0.50463,0.42501,0.016146,0.3754,0.50487,0.85675,0.022292,0.0061345,-0.11261,0.34943,0.34943,0.34943,5.5486e-06,-0.1221,-262.46,-0.31572,-0.18039,0.30301,0.21669,-0.014388,0.12847,0.0011635,0.13212,0.087715,0.0062916,0.11454,0.010549,0.034087,0.02888,0.044245,0.47821,0.40748,0.0061912,0.042796,0.057708,-0.59085,0.34205,0.34205,0.34205,9.962e-06,0.16055,-187.93,-0.42209,-0.1098
1.2717,1.2538,0.39521,0.4129,0.64064,1.0852,1.2639,0.21044,0.37291,0.023728,0.90488,0.86318,0.51519,0.86305,0.86227,0.99973,0.20067,0.47509,0.066742,0.81167,0.81167,0.81167,0.37157,0.38701,212.86,0.17246,0.53726,1.268,1.2568,0.31393,1.2447,0.23336,0.93038,1.2516,0.13343,0.35662,0.999,0.82592,0.9069,0.50697,0.90439,0.74528,0.99742,0.74582,0.66612,-0.24012,0.6971,0.6971,0.6971,1.4872,0.41824,138.18,0.19095,0.24314
9220.7,-875.65,105.64,139.85,-501.66,-735.14,-898.41,26.402,230.29,-12.139,-184.74,275.91,-402.62,318.55,-64.241,127.21,-128.65,-394.76,-22.553,286.67,286.67,286.67,-333.85,36.77,0.3669,290.16,-472.46,-700.73,-785.64,250.28,-166.24,108.1,-603.04,-859.64,-58.647,197.71,-229.49,466.03,-64.53,174.32,-236.44,285.89,199.51,-31.271,-42.07,363.73,291.56,291.56,291.56,-343.07,-81.572,-2.2563,-8.3563,-385.45
-875.65,8970.9,203.57,205.18,-539.65,-874.9,-1035.9,53.706,284.78,-11.059,-238.94,364.1,-360.95,403.55,-123.15,121.25,-99.334,-367.27,66.083,318.86,318.86,318.86,-322.44,332.12,-0.70359,334.35,-512.43,-648.43,-800.65,413.86,-265.41,272.71,-490.97,-826.7,-55.339,258.26,-303.74,665,-115.47,115.34,-319.31,449.25,280.61,-132.68,-109.68,532.24,330.69,330.69,330.69,-441.56,91.014,-3.9605,112.7,-661.91
105.64,203.57,9803.1,-138.09,94.355,171.58,171.68,-55.203,-115.88,-3.3181,120.13,-183.5,-58.723,-178.9,125.68,7.6437,-45.709,-35.565,-158.34,-86.854,-86.854,-86.854,-13.169,-569.73,0.76434,-152.95,143.46,-245.35,-127.32,-309.75,12.347,-323.8,-187.15,-236.22,2.499,-105.06,-22.71,-257.95,197.38,175.08,140.05,-323.85,-5.9595,110.01,73.342,-332.23,-69.204,-69.204,-69.204,-62.036,-327.65,1.8551,-313.22,511.49
139.85,205.18,-138.09,9887.8,153.46,159.2,189.67,-38.355,-113.56,-0.70969,111.54,-162.44,47.775,-167.96,92.165,-19.494,2.1165,57.218,-80.321,-115.33,-115.33,-115.33,54.35,-338.91,0.82174,-182.89,207.14,-120.77,-45.353,-219.19,-83.024,-211.44,11.397,-107.32,17.197,-86.888,-84.259,-145.94,191.61,113.4,108.5,-243.01,62.34,12.955,12.21,-259.99,-85.337,-85.337,-85.337,-144.97,-174.13,1.2633,-234.17,349.19
-501.66,-539.65,94.355,153.46,9444.5,-386.39,-565.24,24.15,244.54,-8.829,-213.57,285.84,-487.36,334.72,-79.646,142.11,-173.75,-461.32,-94.703,352.61,352.61,352.61,-367.5,-73.452,4.5588,483.65,-664.53,-280.79,-304.78,172.94,419.84,66.549,-738.15,-346.78,-87.563,140.31,306.88,7.7594,-350.57,9.0534,-146.08,253.48,-292.04,269.6,158.37,325.16,259.49,259.49,259.49,466.19,-162.84,-5.3446,191.32,-217.57
-735.14,-874.9,171.58,159.2,-386.39,9236.8,-875.8,45.366,214.85,-8.7608,-177.33,280.78,-231.23,307.17,-97.572,83.072,-53.954,-243.77,86.287,220.83,220.83,220.83,-223.48,333.07,-2.1914,199.24,-328.63,-578.51,-720.14,356.65,-376.17,244.01,-297.7,-738.2,-31.668,216.6,-385.26,652.54,-15.368,117.85,-274.82,369.96,357.37,-200.83,-149.32,433.23,258.03,258.03,258.03,-566.32,124.15,-2.3411,51.596,-585.68
-898.41,-1035.9,171.68,189.67,-565.24,-875.8,8948.8,44.568,281.16,-12.485,-231.78,350.27,-411.5,394.55,-104.12,134.19,-122.18,-411.24,27.279,329.3,329.3,329.3,-354.63,212.54,-1.2496,340.66,-535.4,-725.62,-856.7,366.38,-235.5,213.32,-587.25,-908.5,-61.631,249.16,-289.52,618.91,-100.92,153.29,-304.02,404.97,261.3,-92.022,-84.307,492.18,338.24,338.24,338.24,-425.45,12.628,-2.9104,62.816,-578.44
26.402,53.706,-55.203,-38.355,24.15,45.366,44.568,9984.5,-31.625,-0.99414,33.031,-50.533,-18.706,-49.014,35.213,2.8086,-13.623,-12.093,-44.994,-23.07,-23.07,-23.07,-5.4143,-161.12,-2.2587,-41.586,38.004,-72.313,-39.266,-86.489,3.4352,-91.116,-56.09,-70.393,0.3801,-28.821,-6.8574,-71.264,55.143,50.172,38.566,-90.24,-1.3423,31.358,20.801,-92.236,-18.182,-18.182,-18.182,-18.187,-93.194,2.1788,-88.384,143.01
230.29,284.78,-115.88,-113.56,244.54,214.85,281.16,-31.625,9861.8,1.9224,128.43,-181.31,156.35,-197.52,81.087,-49.514,45.519,156.25,-30.121,-166.2,-166.2,-166.2,130.76,-207.03,2.1769,-241.52,304.71,4.7465,62.293,-191.55,-148.74,-157.75,196.46,33.264,33.404,-95.349,-121.4,-110.26,210.12,67.99,111.96,-227.06,104.27,-53.846,-27.975,-257.11,-124.74,-124.74,-124.74,-195.75,-74.393,-0.54874,-198.9,291.22
-12.139,-11.059,-3.3181,-0.70969,-8.829,-8.7608,-12.485,-0.99414,1.9224,9999.7,-0.90574,0.98636,-11.202,2.1061,2.0166,3.141,-4.4775,-10.236,-5.5211,4.3804,4.3804,4.3804,-8.0071,-16.129,-0.0081961,3.5539,-7.8413,-19.249,-17.328,-3.8099,1.1092,-7.0794,-19.644,-21.801,-1.4446,0.96581,-1.6563,-0.45873,1.9895,7.5529,-0.58343,-3.0814,0.52215,4.6959,2.6604,-1.6442,4.246,4.246,4.246,-3.214,-11.682,-0.13809,-7.5295,7.211
-184.74,-238.94,120.13,111.54,-213.57,-177.33,-231.78,33.031,128.43,-0.90574,9878.1,172.31,-122.97,185.13,-83.712,39.777,-33.016,-125.06,42.077,149.96,149.96,149.96,-105.69,239.57,-5.4391,227.17,-276.81,53.958,-5.3372,193.04,151.78,169.73,-140.51,34.961,-28.967,88.233,131.72,98.552,-213.23,-88.487,-104.6,226.23,-111.38,45.431,23.883,251.29,108.46,108.46,108.46,212.73,100.68,0.66786,215.24,-296.23
275.91,364.1,-183.5,-162.44,285.84,280.78,350.27,-50.533,-181.31,0.98636,172.31,9752.2,145.08,-263.3,124.49,-49.443,33.148,152.35,-81.709,-201.29,-201.29,-201.29,132.81,-396.78,4.8708,-300.49,363.76,-70.353,27.378,-298.61,-149.48,-267.44,146.52,-37.172,35.682,-133.27,-132.07,-198.77,281.14,125.63,161.84,-340.09,105.29,-20.523,-5.3772,-374.25,-152.7,-152.7,-152.7,-221.19,-181.43,-0.96889,-306.2,466.98
-402.62,-360.95,-58.723,47.775,-487.36,-231.23,-411.5,-18.706,156.35,-11.202,-122.97,145.08,9460.3,198.06,16.485,149.39,-212.61,-494.48,-222.41,290.61,290.61,290.61,-380.88,-522.35,1.2295,379.27,-567.88,-443.62,-372.18,-71.735,469.5,-186.89,-894.02,-496.52,-87.776,55.451,325.78,-222.57,-217.6,133.71,-31.941,1.0837,-330.14,375.56,228.94,66.051,204.41,204.41,204.41,473.21,-422.5,0.46576,-37.546,189.31
318.55,403.55,-178.9,-167.96,334.72,307.17,394.55,-49.014,-197.52,2.1061,185.13,-263.3,198.06,9715.9,123.5,-64.214,53.804,201.07,-60.929,-230.4,-230.4,-230.4,170.54,-348.78,4.7093,-338.02,420.08,-24.82,66.887,-293.82,-192.47,-251.01,233.76,14.301,44.272,-139.82,-161.24,-181.08,302.2,112.27,166.46,-342.36,135.02,-55.399,-26.489,-383.1,-173.73,-173.73,-173.73,-263.55,-141.75,-0.88986,-303.04,452.26
-64.241,-123.15,125.68,92.165,-79.646,-97.572,-104.12,35.213,81.087,2.0166,-83.712,124.49,16.485,123.5,9917.8,0.52025,20.475,3.9101,91.829,69.461,69.461,69.461,-5.1745,348.04,-5.9835,122.95,-122.48,171.57,100.66,194.68,42.016,202.46,86.116,169.66,-6.0808,66.588,57.395,133.18,-152.54,-119.88,-86.636,208.83,-36.148,-41.766,-28.51,215.9,49.367,49.367,49.367,104.11,195.31,1.0906,214.83,-316.86
127.21,121.25,7.6437,-19.494,142.11,83.072,134.19,2.8086,-49.514,3.141,39.777,-49.443,149.39,-64.214,0.52025,9958,57.52,137.98,54.547,-85.215,-85.215,-85.215,107.39,120.8,-0.55637,-110.13,163.66,126.96,113.46,4.5413,-118.06,37.78,243.55,144.96,24.433,-22.094,-79.878,39.85,63.454,-34.754,17.82,-15.711,81.027,-94.409,-56.818,-34.821,-62.388,-62.388,-62.388,-116.53,103.9,0.41034,1.9807,-26.684
-128.65,-99.334,-45.709,2.1165,-173.75,-53.954,-122.18,-13.623,45.519,-4.4775,-33.016,33.148,-212.61,53.804,20.475,57.52,9913.2,-192.22,-104.79,101.21,101.21,101.21,-145.75,-267.35,0.33344,131.29,-203.16,-180.36,-137.4,-66.301,198.85,-109.9,-362.58,-195.78,-33.698,6.3365,138.97,-130.55,-68.695,64.908,7.8091,-39.009,-142.37,164.83,101.84,-15.833,67.403,67.403,67.403,199.51,-200.23,0.79609,-43.882,137.53
-394.76,-367.27,-35.565,57.218,-461.32,-243.77,-411.24,-12.093,156.25,-10.236,-125.06,152.35,-494.48,201.07,3.9101,137.98,-192.22,9544.9,-189.7,276.84,276.84,276.84,-352.53,-428.69,1.1379,361.4,-536.3,-404.39,-351.15,-34.677,416.29,-141.88,-810.67,-457.73,-81.046,63.653,287.41,-167.14,-211.81,113.57,-46.207,32.988,-290.26,329.19,199.5,94.54,198.18,198.18,198.18,419.2,-359.71,0.12695,-11.966,121.91
-22.553,66.083,-158.34,-80.321,-94.703,86.287,27.279,-44.994,-30.121,-5.5211,42.077,-81.709,-222.41,-60.929,91.829,54.547,-104.79,-189.7,9809.9,38.782,38.782,38.782,-134.14,-578.86,1.9035,34.868,-101.35,-266.24,-153.73,-249.18,223.88,-291.65,-430.97,-266.19,-29.405,-62.658,147.95,-303.58,37.349,146.96,98.426,-230.88,-164.45,230.56,146.88,-216.81,12.754,12.754,12.754,197.89,-373.73,-0.17102,-209.59,438.53
286.67,318.86,-86.854,-115.33,352.61,220.83,329.3,-23.07,-166.2,4.3804,149.96,-201.29,290.61,-230.4,69.461,-85.215,101.21,276.84,38.782,9768.4,-231.6,-231.6,220.9,-36.106,-0.41539,-334.2,440.51,82.943,109.73,-144.84,-311.69,-87.441,425.06,113.82,55.789,-94.524,-244.55,3.0787,271.86,40.578,100.06,-200.03,226.26,-175.59,-104.29,-243.52,-162.63,-162.63,-162.63,-375.35,53.16,2.1122,-186.17,194.26
286.67,318.86,-86.854,-115.33,352.61,220.83,329.3,-23.07,-166.2,4.3804,149.96,-201.29,290.61,-230.4,69.461,-85.215,101.21,276.84,38.782,-231.6,9768.4,-231.6,220.9,-36.106,-0.41539,-334.2,440.51,82.943,109.73,-144.84,-311.69,-87.441,425.06,113.82,55.789,-94.524,-244.55,3.0787,271.86,40.578,100.06,-200.03,226.26,-175.59,-104.29,-243.52,-162.63,-162.63,-162.63,-375.35,53.16,2.1122,-186.17,194.26
286.67,318.86,-86.854,-115.33,352.61,220.83,329.3,-23.07,-166.2,4.3804,149.96,-201.29,290.61,-230.4,69.461,-85.215,101.21,276.84,38.782,-231.6,-231.6,9768.4,220.9,-36.106,-0.41539,-334.2,440.51,82.943,109.73,-144.84,-311.69,-87.441,425.06,113.82,55.789,-94.524,-244.55,3.0787,271.86,40.578,100.06,-200.03,226.26,-175.59,-104.29,-243.52,-162.63,-162.63,-162.63,-375.35,53.16,2.1122,-186.17,194.26
-333.85,-322.44,-13.169,54.35,-367.5,-223.48,-354.63,-5.4143,130.76,-8.0071,-105.69,132.81,-380.88,170.54,-5.1745,107.39,-145.75,-352.53,-134.14,220.9,220.9,220.9,9724.9,-290.67,1.6488,285.4,-422.65,-323.77,-293.65,-0.71914,295.39,-86.139,-618.06,-371.52,-62.488,60.888,199.04,-88.188,-165.69,85.814,-51.457,51.191,-201.66,235.16,141.05,100.64,162.95,162.95,162.95,290.95,-255.39,-1.4523,2.3907,49.964
36.77,332.12,-569.73,-338.91,-73.452,333.07,212.54,-161.12,-207.03,-16.129,239.57,-396.78,-522.35,-348.78,348.04,120.8,-267.35,-428.69,-578.86,-36.106,-36.106,-36.106,-290.67,8112.3,5.6654,-146.04,-4.6006,-924.78,-555.43,-886.64,386.63,-998.34,-1106.7,-928.72,-53.603,-250,193.35,-874.51,366.32,548.11,362.09,-873.04,-270.2,566.77,363.61,-852.9,-52.814,-52.814,-52.814,204.83,-1167.9,-2.7005,-853.56,1514
0.3669,-0.70359,0.76434,0.82174,4.5588,-2.1914,-1.2496,-2.2587,2.1769,-0.0081961,-5.4391,4.8708,1.2295,4.7093,-5.9835,-0.55637,0.33344,1.1379,1.9035,-0.41539,-0.41539,-0.41539,1.6488,5.6654,0.071355,-6.8501,11.506,-0.82383,-0.31,-2.324,0.618,-0.22778,-3.0643,-1.5319,-0.2515,-2.4461,2.1093,3.7873,-6.1765,6.7649,-6.5316,3.2261,-4.2565,4.9138,7.0582,-0.73805,-1.507,-1.507,-1.507,2.7323,-1.9344,0.0083052,-6.6759,2.4479
290.16,334.35,-152.95,-182.89,483.65,199.24,340.66,-41.586,-241.52,3.5539,227.17,-300.49,379.27,-338.02,122.95,-110.13,131.29,361.4,34.868,-334.2,-334.2,-334.2,285.4,-146.04,-6.8501,9477.3,653.22,-99.45,-58.03,-230.49,-588.7,-174.16,533.95,-90.335,80.489,-124.44,-495.99,98.127,486.96,150.07,128.6,-318.53,450.72,-296.56,-181.63,-373.01,-209.83,-209.83,-209.83,-763.09,14.867,-1.236,-378.06,310.51
-472.46,-512.43,143.46,207.14,-664.53,-328.63,-535.4,38.004,304.71,-7.8413,-276.81,363.76,-567.88,420.08,-122.48,163.66,-203.16,-536.3,-101.35,440.51,440.51,440.51,-422.65,-4.6006,11.506,653.22,9146.7,-91.936,-119.49,229,705.19,127.29,-841.76,-130.22,-110.38,156.56,565.99,-121.49,-551.1,-94.382,-157.18,340.49,-525.06,400.36,242.9,420.14,292.68,292.68,292.68,863.49,-145.05,9.802,362.55,-285.69
-700.73,-648.43,-245.35,-120.77,-280.79,-578.51,-725.62,-72.313,4.7465,-19.249,53.958,-70.353,-443.62,-24.82,171.57,126.96,-180.36,-404.39,-266.24,82.943,82.943,82.943,-323.77,-924.78,-0.82383,-99.45,-91.936,8671.4,-1230.8,-274.16,-446.85,-453.68,-837.4,-1512.9,-36.085,31.006,-543.42,225.8,442.85,566.54,-22.844,-289.23,439.88,7.3975,-15.21,-226.79,171.07,171.07,171.07,-866.52,-620.23,3.5819,-673.55,457.97
-785.64,-800.65,-127.32,-45.353,-304.78,-720.14,-856.7,-39.266,62.293,-17.328,-5.3372,27.378,-372.18,66.887,100.66,113.46,-137.4,-351.15,-153.73,109.73,109.73,109.73,-293.65,-555.43,-0.31,-58.03,-119.49,-1230.8,8786.3,-80.375,-564.8,-252,-668.01,-1432.2,-29.11,97.847,-627,454.68,382.53,484.64,-115.97,-97.497,533.37,-119.11,-98.549,-32.247,206.56,206.56,206.56,-975.77,-399.51,1.4918,-521.58,128.62
250.28,413.86,-309.75,-219.19,172.94,356.65,366.38,-86.489,-191.55,-3.8099,193.04,-298.61,-71.735,-293.82,194.68,4.5413,-66.301,-34.677,-249.18,-144.84,-144.84,-144.84,-0.71914,-886.64,-2.324,-230.49,229,-274.16,-80.375,9499.6,102.28,-507.47,-260.02,-237.64,4.4121,-181.49,47.091,-483.05,271.15,235.03,241.71,-518.95,-83.305,207.12,139.56,-538,-130.21,-130.21,-130.21,28.39,-504.86,4.7546,-453.59,829.27
-166.24,-265.41,12.347,-83.024,419.84,-376.17,-235.5,3.4352,-148.74,1.1092,151.78,-149.48,469.5,-192.47,42.016,-118.06,198.85,416.29,223.88,-311.69,-311.69,-311.69,295.39,386.63,0.618,-588.7,705.19,-446.85,-564.8,102.28,8757.1,115.27,749.37,-560.74,103.41,33.817,-1078.4,824.43,644.12,219.38,-94.286,-19.922,1002.6,-701.4,-453.64,-53.479,-94.568,-94.568,-94.568,-1621.5,329.42,1.813,-366.96,-279.04
108.1,272.71,-323.8,-211.44,66.549,244.01,213.32,-91.116,-157.75,-7.0794,169.73,-267.44,-186.89,-251.01,202.46,37.78,-109.9,-141.88,-291.65,-87.441,-87.441,-87.441,-86.139,-998.34,-0.22778,-174.16,127.29,-453.68,-252,-507.47,115.27,9451.7,-452.54,-445.46,-11.634,-159.55,33.824,-461.11,269.57,296.69,220.14,-516.38,-78.952,246.94,161.01,-518.95,-76.623,-76.623,-76.623,3.7226,-595.23,-0.38638,-499.47,851.08
-603.04,-490.97,-187.15,11.397,-738.15,-297.7,-587.25,-56.09,196.46,-19.644,-140.51,146.52,-894.02,233.76,86.116,243.55,-362.58,-810.67,-430.97,425.06,425.06,425.06,-618.06,-1106.7,-3.0643,533.95,-841.76,-837.4,-668.01,-260.02,749.37,-452.54,8476.6,-919.98,-139.41,40.714,502.69,-470.66,-251.19,300.88,12.95,-150.44,-524.1,649.97,398.86,-49.804,296.68,296.68,296.68,715.87,-832.47,4.4727,-212.1,542.52
-859.64,-826.7,-236.22,-107.32,-346.78,-738.2,-908.5,-70.393,33.264,-21.801,34.961,-37.172,-496.52,14.301,169.66,144.96,-195.78,-457.73,-266.19,113.82,113.82,113.82,-371.52,-928.72,-1.5319,-90.335,-130.22,-1512.9,-1432.2,-237.64,-560.74,-445.46,-919.98,8264.3,-40.779,65.742,-661.32,355.94,485.04,626.84,-66.996,-254.58,545,-37.823,-48.655,-179.42,218.32,218.32,218.32,-1045.2,-635.86,2.6494,-719.46,395.97
-58.647,-55.339,2.499,17.197,-87.563,-31.668,-61.631,0.3801,33.404,-1.4446,-28.967,35.682,-87.776,44.272,-6.0808,24.433,-33.698,-81.046,-29.405,55.789,55.789,55.789,-62.488,-53.603,-0.2515,80.489,-110.38,-36.085,-29.11,4.4121,103.41,-11.634,-139.41,-40.779,9984.2,12.928,79.974,-41.609,-61.569,2.5724,-9.7676,19.266,-76.702,68.277,42.039,30.031,35.993,35.993,35.993,119.47,-51.469,-0.1741,23.467,6.1214
197.71,258.26,-105.06,-86.888,140.31,216.6,249.16,-28.821,-95.349,0.96581,88.233,-133.27,55.451,-139.82,66.588,-22.094,6.3365,63.653,-62.658,-94.524,-94.524,-94.524,60.888,-250,-2.4461,-124.44,156.56,31.006,97.847,-181.49,33.817,-159.55,40.714,65.742,12.928,9916.3,31.762,-199.27,99.353,41.5,106.1,-194.93,-38.409,50.947,38.179,-213.91,-87.206,-87.206,-87.206,35.421,-123.25,3.0295,-133.75,293.87
-229.49,-303.74,-22.71,-84.259,306.88,-385.26,-289.52,-6.8574,-121.4,-1.6563,131.72,-132.07,325.78,-161.24,57.395,-79.878,138.97,287.41,147.95,-244.55,-244.55,-244.55,199.04,193.35,2.1093,-495.99,565.99,-543.42,-627,47.091,-1078.4,33.824,502.69,-661.32,79.974,31.762,9043.5,705.7,587.18,255.42,-80.216,-55.116,880.53,-573.93,-373.86,-74.319,-54.809,-54.809,-54.809,-1444.7,187.21,0.095123,-390.78,-167.35
466.03,665,-257.95,-145.94,7.7594,652.54,618.91,-71.264,-110.26,-0.45873,98.552,-198.77,-222.57,-181.08,133.18,39.85,-130.55,-167.14,-303.58,3.0787,3.0787,3.0787,-88.188,-874.51,3.7873,98.127,-121.49,225.8,454.68,-483.05,824.43,-461.11,-470.66,355.94,-41.609,-199.27,705.7,9064.9,-154.93,3.3585,286.99,-435.41,-681.5,558.71,370.73,-448.98,-111.44,-111.44,-111.44,1029.8,-535.46,-1.8946,-118.31,855.95
-64.53,-115.47,197.38,191.61,-350.57,-15.368,-100.92,55.143,210.12,1.9895,-213.23,281.14,-217.6,302.2,-152.54,63.454,-68.695,-211.81,37.349,271.86,271.86,271.86,-165.69,366.32,-6.1765,486.96,-551.1,442.85,382.53,271.15,644.12,269.57,-251.19,485.04,-61.569,99.353,587.18,-154.93,9452.6,-282.6,-104.39,353.03,-519.61,263.97,167.19,384.2,138,138,138,910.97,146.94,-0.093451,510.49,-386.98
174.32,115.34,175.08,113.4,9.0534,117.85,153.29,50.172,67.99,7.5529,-88.487,125.63,133.71,112.27,-119.88,-34.754,64.908,113.57,146.96,40.578,40.578,40.578,85.814,548.11,6.7649,150.07,-94.382,566.54,484.64,235.03,219.38,296.69,300.88,626.84,2.5724,41.5,255.42,3.3585,-282.6,9720.5,-57.547,255.48,-203.52,-8.7698,-0.6165,242.83,-10.931,-10.931,-10.931,413.5,334.95,0.26284,393.22,-381.96
-236.44,-319.31,140.05,108.5,-146.08,-274.82,-304.02,38.566,111.96,-0.58343,-104.6,161.84,-31.941,166.46,-86.636,17.82,7.8091,-46.207,98.426,100.06,100.06,100.06,-51.457,362.09,-6.5316,128.6,-157.18,-22.844,-115.97,241.71,-94.286,220.14,12.95,-66.996,-9.7676,106.1,-80.216,286.99,-104.39,-57.547,9862.3,252.66,87.687,-100.99,-71.292,272.91,99.603,99.603,99.603,-103.63,190.66,0.55859,169,-397.73
285.89,449.25,-323.85,-243.01,253.48,369.96,404.97,-90.24,-227.06,-3.0814,226.23,-340.09,1.0837,-342.36,208.83,-15.711,-39.009,32.988,-230.88,-200.03,-200.03,-200.03,51.191,-873.04,3.2261,-318.53,340.49,-289.23,-97.497,-518.95,-19.922,-516.38,-150.44,-254.58,19.266,-194.93,-55.116,-435.41,353.03,255.48,252.66,9446.5,11.373,138.86,96.874,-581.33,-161.65,-161.65,-161.65,-126.66,-479.14,-1.875,-506.41,846.38
199.51,280.61,-5.9595,62.34,-292.04,357.37,261.3,-1.3423,104.27,0.52215,-111.38,105.29,-330.14,135.02,-36.148,81.027,-142.37,-290.26,-164.45,226.26,226.26,226.26,-201.66,-270.2,-4.2565,450.72,-525.06,439.88,533.37,-83.305,1002.6,-78.952,-524.1,545,-76.702,-38.409,880.53,-681.5,-519.61,-203.52,87.687,11.373,9184.6,552.47,359.27,31.144,52.022,52.022,52.022,1325.7,-230.59,-1.7374,314.65,222.39
-31.271,-132.68,110.01,12.955,269.6,-200.83,-92.022,31.358,-53.846,4.6959,45.431,-20.523,375.56,-55.399,-41.766,-94.409,164.83,329.19,230.56,-175.59,-175.59,-175.59,235.16,566.77,4.9138,-296.56,400.36,7.3975,-119.11,207.12,-701.4,246.94,649.97,-37.823,68.277,50.947,-573.93,558.71,263.97,-8.7698,-100.99,138.86,552.47,9530.7,-301.2,111.54,-61.152,-61.152,-61.152,-846.23,405.22,-0.37795,-20.074,-410.6
-42.07,-109.68,73.342,12.21,158.37,-149.32,-84.307,20.801,-27.975,2.6604,23.883,-5.3772,228.94,-26.489,-28.51,-56.818,101.84,199.5,146.88,-104.29,-104.29,-104.29,141.05,363.61,7.0582,-181.63,242.9,-15.21,-98.549,139.56,-453.64,161.01,398.86,-48.655,42.039,38.179,-373.86,370.73,167.19,-0.6165,-71.292,96.874,359.27,-301.2,9806,81.591,-30.899,-30.899,-30.899,-551.38,256.94,2.1259,-13.184,-273.56
363.73,532.24,-332.23,-259.99,325.16,433.23,492.18,-92.236,-257.11,-1.6442,251.29,-374.25,66.051,-383.1,215.9,-34.821,-15.833,94.54,-216.81,-243.52,-243.52,-243.52,100.64,-852.9,-0.73805,-373.01,420.14,-226.79,-32.247,-538,-53.479,-518.95,-49.804,-179.42,30.031,-213.91,-74.319,-448.98,384.2,242.83,272.91,-581.33,31.144,111.54,81.591,9380.9,-196.89,-196.89,-196.89,-155.36,-451.73,-2.5353,-516.33,870.15
291.56,330.69,-69.204,-85.337,259.49,258.03,338.24,-18.182,-124.74,4.246,108.46,-152.7,204.41,-173.73,49.367,-62.388,67.403,198.18,12.754,-162.63,-162.63,-162.63,162.95,-52.814,-1.507,-209.83,292.68,171.07,206.56,-130.21,-94.568,-76.623,296.68,218.32,35.993,-87.206,-54.809,-111.44,138,-10.931,99.603,-161.65,52.022,-61.152,-30.899,-196.89,9866.2,-133.84,-133.84,-87.497,22.469,3.9871,-92.644,190.27
291.56,330.69,-69.204,-85.337,259.49,258.03,338.24,-18.182,-124.74,4.246,108.46,-152.7,204.41,-173.73,49.367,-62.388,67.403,198.18,12.754,-162.63,-162.63,-162.63,162.95,-52.814,-1.507,-209.83,292.68,171.07,206.56,-130.21,-94.568,-76.623,296.68,218.32,35.993,-87.206,-54.809,-111.44,138,-10.931,99.603,-161.65,52.022,-61.152,-30.899,-196.89,-133.84,9866.2,-133.84,-87.497,22.469,3.9871,-92.644,190.27
291.56,330.69,-69.204,-85.337,259.49,258.03,338.24,-18.182,-124.74,4.246,108.46,-152.7,204.41,-173.73,49.367,-62.388,67.403,198.18,12.754,-162.63,-162.63,-162.63,162.95,-52.814,-1.507,-209.83,292.68,171.07,206.56,-130.21,-94.568,-76.623,296.68,218.32,35.993,-87.206,-54.809,-111.44,138,-10.931,99.603,-161.65,52.022,-61.152,-30.899,-196.89,-133.84,-133.84,9866.2,-87.497,22.469,3.9871,-92.644,190.27
-343.07,-441.56,-62.036,-144.97,466.19,-566.32,-425.45,-18.187,-195.75,-3.214,212.73,-221.19,473.21,-263.55,104.11,-116.53,199.51,419.2,197.89,-375.35,-375.35,-375.35,290.95,204.83,2.7323,-763.09,863.49,-866.52,-975.77,28.39,-1621.5,3.7226,715.87,-1045.2,119.47,35.421,-1444.7,1029.8,910.97,413.5,-103.63,-126.66,1325.7,-846.23,-551.38,-155.36,-87.497,-87.497,-87.497,7813.6,230.12,1.7248,-634.77,-180.98
-81.572,91.014,-327.65,-174.13,-162.84,124.15,12.628,-93.194,-74.393,-11.682,100.68,-181.43,-422.5,-141.75,195.31,103.9,-200.23,-359.71,-373.73,53.16,53.16,53.16,-255.39,-1167.9,-1.9344,14.867,-145.05,-620.23,-399.51,-504.86,329.42,-595.23,-832.47,-635.86,-51.469,-123.25,187.21,-535.46,146.94,334.95,190.66,-479.14,-230.59,405.22,256.94,-451.73,22.469,22.469,22.469,230.12,9252.4,5.3446,-478.57,878.83
-2.2563,-3.9605,1.8551,1.2633,-5.3446,-2.3411,-2.9104,2.1788,-0.54874,-0.13809,0.66786,-0.96889,0.46576,-0.88986,1.0906,0.41034,0.79609,0.12695,-0.17102,2.1122,2.1122,2.1122,-1.4523,-2.7005,0.0083052,-1.236,9.802,3.5819,1.4918,4.7546,1.813,-0.38638,4.4727,2.6494,-0.1741,3.0295,0.095123,-1.8946,-0.093451,0.26284,0.55859,-1.875,-1.7374,-0.37795,2.1259,-2.5353,3.9871,3.9871,3.9871,1.7248,5.3446,0.048129,-9.7016,3.1096
-8.3563,112.7,-313.22,-234.17,191.32,51.596,62.816,-88.384,-198.9,-7.5295,215.24,-306.2,-37.546,-303.04,214.83,1.9807,-43.882,-11.966,-209.59,-186.17,-186.17,-186.17,2.3907,-853.56,-6.6759,-378.06,362.55,-673.55,-521.58,-453.59,-366.96,-499.47,-212.1,-719.46,23.467,-133.75,-390.78,-118.31,510.49,393.22,169,-506.41,314.65,-20.074,-13.184,-516.33,-92.644,-92.644,-92.644,-634.77,-478.57,-9.7016,9358.6,722.34
-385.45,-661.91,511.49,349.19,-217.57,-585.68,-578.44,143.01,291.22,7.211,-296.23,466.98,189.31,452.26,-316.86,-26.684,137.53,121.91,438.53,194.26,194.26,194.26,49.964,1514,2.4479,310.51,-285.69,457.97,128.62,829.27,-279.04,851.08,542.52,395.97,6.1214,293.87,-167.35,855.95,-386.98,-381.96,-397.73,846.38,222.39,-410.6,-273.56,870.15,190.27,190.27,190.27,-180.98,878.83,3.1096,722.34,8613.4
