1.8053,1.7692,-0.094107,-1.2034,1.0411,1.0411,1.0411,1.7327
0.49315,0.41668,-0.73599,-1.6008,-0.13438,-0.13438,-0.13438,7.56e-06
4.6044,4.604,0.58988,-0.45565,1.5879,1.5879,1.5879,10.01
461.9,-457.35,-35.359,14.728,14.41,14.41,14.41,-0.77428
-457.35,459.87,41.06,-15.017,-15.343,-15.343,-15.343,-1.4606
-35.359,41.06,81.131,-35.184,-15.355,-15.355,-15.355,-1.8886
14.728,-15.017,-35.184,23.322,6.4069,6.4069,6.4069,0.19109
14.41,-15.343,-15.355,6.4069,6670.3,-3329.7,-3329.7,0.25875
14.41,-15.343,-15.355,6.4069,-3329.7,6670.3,-3329.7,0.25875
14.41,-15.343,-15.355,6.4069,-3329.7,-3329.7,6670.3,0.25875
-0.77428,-1.4606,-1.8886,0.19109,0.25875,0.25875,0.25875,0.8392
