817.33,558.54,697.39,102.53,82.036,1079.7,834.95,1354.3,274.64,82.439
7.2863,253.01,443.14,58.609,32.428,737.83,355.38,806.27,14.941,45.923
1266.7,868.13,925.49,234.05,155.29,1514.2,1169.3,1536.3,675,149.37
0.041201,0.03696,0.13893,-0.053198,0.0017916,0.022218,0.055938,-0.056226,-0.07845,0.055237
0.03696,0.050796,0.11752,0.054953,-0.041693,0.034691,0.10223,-0.069553,-0.10424,0.029822
0.13893,0.11752,0.48066,-0.17501,0.062529,0.064592,0.15367,-0.17033,-0.23495,0.26435
-0.053198,0.054953,-0.17501,0.90441,0.021379,0.02986,0.18452,0.0036396,-0.026229,0.11772
0.0017916,-0.041693,0.062529,0.021379,0.97646,-0.10264,0.011204,-0.036398,0.066249,-0.022357
0.022218,0.034691,0.064592,0.02986,-0.10264,0.36315,0.066908,-0.3762,0.26065,0.0054284
0.055938,0.10223,0.15367,0.18452,0.011204,0.066908,0.30579,-0.18668,-0.25358,-0.193
-0.056226,-0.069553,-0.17033,0.0036396,-0.036398,-0.3762,-0.18668,0.46941,-0.1544,0.10235
-0.07845,-0.10424,-0.23495,-0.026229,0.066249,0.26065,-0.25358,-0.1544,0.58494,0.096934
0.055237,0.029822,0.26435,0.11772,-0.022357,0.0054284,-0.193,0.10235,0.096934,0.82346
55.398,55.398,55.398,55.398,55.398,55.398,55.398,55.398,55.398,55.398
