0.69586,0.57222,-0.31185,0.45387,0.28783,0.23106,0.30437,0.14967,0.49737,0.060215,0.75718,0.44902,0.36574,0.23362,0.72689,0.755,0.29004,0.16853,-0.78527,0.051881,0.051881,0.051881,0.016496
0.28753,0.092067,-0.36008,0.082302,0.012557,0.0044188,0.26018,0.088334,0.029565,0.0093059,0.062903,0.091773,0.031314,0.0073695,0.095143,0.0013365,0.015812,0.028585,-0.87365,-0.036188,-0.036188,-0.036188,4.8604e-06
1.7058,1.6673,-0.26366,1.6305,0.60687,0.3592,0.35661,0.29593,1.6672,0.13128,0.98709,0.99345,0.99544,0.50947,0.99354,0.99947,0.99799,0.53832,-0.71708,0.088622,0.088622,0.088622,0.082195
805.04,-218.54,25.771,-178.65,-46.757,-11.953,-22.345,-32.124,-201.59,-11.514,52.513,23.607,34.428,96.116,13.056,53.325,-48.473,108.43,22.371,7.3567,7.3567,7.3567,-7.6895
-218.54,740.26,13.296,-150.76,-112.26,-12.388,-11.851,-7.5983,-260.41,-30.509,67.378,6.4071,77.548,69.91,7.2885,35.698,-35.523,144.86,3.7831,7.942,7.942,7.942,-8.0705
25.771,13.296,973.9,70.95,-65.263,17.231,22.652,48.554,-21.579,-18.267,22.842,-57.904,-0.535,-69.165,17.357,-11.474,4.9146,-11.769,-36.851,0.90933,0.90933,0.90933,0.45205
-178.65,-150.76,70.95,593.14,263.67,-2.977,-73.096,-136.69,-14.431,58.68,108.45,-54.941,-50.509,108.28,82.93,141,-81.857,111.92,58.407,22.789,22.789,22.789,-14
-46.757,-112.26,-65.263,263.67,562.76,20.881,75.641,162.26,-302.28,-92.836,-36.405,59.607,-2.7818,-8.6191,-29.48,-48.897,-29.053,-74.879,-58.568,-16.927,-16.927,-16.927,5.317
-11.953,-12.388,17.231,-2.977,20.881,965.03,-15.813,-37.5,17.981,3.3452,-45.881,81.229,86.623,46.906,-61.511,-44.291,45.899,57.042,29.491,-4.6534,-4.6534,-4.6534,2.1599
-22.345,-11.851,22.652,-73.096,75.641,-15.813,978.02,-46.451,30.019,17.499,-8.0517,31.041,17.289,43.583,-12.366,7.2586,4.9359,31.152,27.841,1.4223,1.4223,1.4223,-1.0558
-32.124,-7.5983,48.554,-136.69,162.26,-37.5,-46.451,899.71,80.807,38.294,-32.449,82.372,40.906,96.758,-37.424,5.1754,18.486,58.224,63.091,0.96731,0.96731,0.96731,-1.0342
-201.59,-260.41,-21.579,-14.431,-302.28,17.981,30.019,80.807,632.24,-65.044,50.303,16.346,-12.756,61.746,25.577,43.629,-84.334,29.456,-26.842,-0.55179,-0.55179,-0.55179,-5.1632
-11.514,-30.509,-18.267,58.68,-92.836,3.3452,17.499,38.294,-65.044,976.4,6.2284,-11.139,29.415,-28.349,-6.6241,-20.7,8.9495,13.44,-22.54,-1.5279,-1.5279,-1.5279,0.62066
52.513,67.378,22.842,108.45,-36.405,-45.881,-8.0517,-32.449,50.303,6.2284,839.98,233.21,15.224,143.48,-113.69,-65.452,31.499,-75.891,68.499,-22.285,-22.285,-22.285,9.7311
23.607,6.4071,-57.904,-54.941,59.607,81.229,31.041,82.372,16.346,-11.139,233.21,601.14,-26.95,-301.73,173.39,65.826,-15.804,72.536,-132.29,31.825,31.825,31.825,-11.224
34.428,77.548,-0.535,-50.509,-2.7818,86.623,17.289,40.906,-12.756,29.415,15.224,-26.95,586.77,83.951,150.48,184.9,-213.78,-327.49,10.2,-1.492,-1.492,-1.492,-2.4372
96.116,69.91,-69.165,108.28,-8.6191,46.906,43.583,96.758,61.746,-28.349,143.48,-301.73,83.951,692.47,77.902,-38.973,69.812,85.989,-127.04,18.39,18.39,18.39,-3.2056
13.056,7.2885,17.357,82.93,-29.48,-61.511,-12.366,-37.424,25.577,-6.6241,-113.69,173.39,150.48,77.902,871.17,-104.3,90.158,62.483,45.452,-14.684,-14.684,-14.684,7.159
53.325,35.698,-11.474,141,-48.897,-44.291,7.2586,5.1754,43.629,-20.7,-65.452,65.826,184.9,-38.973,-104.3,874.95,119.04,90.545,-4.101,-8.9916,-8.9916,-8.9916,6.5573
-48.473,-35.523,4.9146,-81.857,-29.053,45.899,4.9359,18.486,-84.334,8.9495,31.499,-15.804,-213.78,69.812,90.158,119.04,865.93,-141.39,7.7444,2.0601,2.0601,2.0601,-4.0936
108.43,144.86,-11.769,111.92,-74.879,57.042,31.152,58.224,29.456,13.44,-75.891,72.536,-327.49,85.989,62.483,90.545,-141.39,664.68,16.851,-15.422,-15.422,-15.422,5.5673
22.371,3.7831,-36.851,58.407,-58.568,29.491,27.841,63.091,-26.842,-22.54,68.499,-132.29,10.2,-127.04,45.452,-4.101,7.7444,16.851,937.67,7.1831,7.1831,7.1831,-1.8252
7.3567,7.942,0.90933,22.789,-16.927,-4.6534,1.4223,0.96731,-0.55179,-1.5279,-22.285,31.825,-1.492,18.39,-14.684,-8.9916,2.0601,-15.422,7.1831,996.53,-3.4706,-3.4706,1.4686
7.3567,7.942,0.90933,22.789,-16.927,-4.6534,1.4223,0.96731,-0.55179,-1.5279,-22.285,31.825,-1.492,18.39,-14.684,-8.9916,2.0601,-15.422,7.1831,-3.4706,996.53,-3.4706,1.4686
7.3567,7.942,0.90933,22.789,-16.927,-4.6534,1.4223,0.96731,-0.55179,-1.5279,-22.285,31.825,-1.492,18.39,-14.684,-8.9916,2.0601,-15.422,7.1831,-3.4706,-3.4706,996.53,1.4686
-7.6895,-8.0705,0.45205,-14,5.317,2.1599,-1.0558,-1.0342,-5.1632,0.62066,9.7311,-11.224,-2.4372,-3.2056,7.159,6.5573,-4.0936,5.5673,-1.8252,1.4686,1.4686,1.4686,999.22
