211.86,0.64439,0.69227,0.52648,0.011512,0.40033,0.90507,1.0952,0.69484,0.012302,0.22422,0.19118,0.028452
14.819,0.22689,0.27059,0.37546,0.0012428,0.15451,0.838,1.0319,0.62251,0.0014803,0.14008,0.062002,0.00023252
358.7,0.9452,0.96863,1.0067,0.014449,0.45132,0.99569,1.2165,0.898,0.028718,0.24658,0.22924,0.15056
0.0001063,-0.027439,0.00044623,-0.004663,-0.0020319,0.0034771,-0.012143,-0.0087254,-0.012207,-0.015952,-0.027053,0.017698,0.080233
-0.027439,29.342,-9.7438,16.906,-1.6793,-0.70105,11.655,-9.8705,-9.1709,0.17882,3.7619,-15.608,-59.565
0.00044623,-9.7438,31.267,-22.597,-1.0399,14.833,29.033,31.683,16.857,6.0488,18.773,21.346,16.323
-0.004663,16.906,-22.597,74.223,-3.2808,-17.803,-30.762,-67.53,-49.729,-20.984,0.73121,-45.306,-52.759
-0.0020319,-1.6793,-1.0399,-3.2808,998.19,-20.334,7.7035,-9.023,11.31,-0.24036,-9.1427,-8.6729,5.2862
0.0034771,-0.70105,14.833,-17.803,-20.334,526.54,30.221,-193.24,280.23,-18.387,-145.41,-167.2,-0.24246
-0.012143,11.655,29.033,-30.762,7.7035,30.221,721.82,-205.5,-235.71,-3.4842,24.505,78.4,-15.524
-0.0087254,-9.8705,31.683,-67.53,-9.023,-193.24,-205.5,670.37,-136.39,-3.784,-70.535,-48.675,-7.2733
-0.012207,-9.1709,16.857,-49.729,11.31,280.23,-235.71,-136.39,583.38,14.603,74.873,118.54,-7.0361
-0.015952,0.17882,6.0488,-20.984,-0.24036,-18.387,-3.4842,-3.784,14.603,985.25,-11.331,-11.106,-50.804
-0.027053,3.7619,18.773,0.73121,-9.1427,-145.41,24.505,-70.535,74.873,-11.331,909.75,-78.273,-0.64786
0.017698,-15.608,21.346,-45.306,-8.6729,-167.2,78.4,-48.675,118.54,-11.106,-78.273,753.22,-7.9861
0.080233,-59.565,16.323,-52.759,5.2862,-0.24246,-15.524,-7.2733,-7.0361,-50.804,-0.64786,-7.9861,526
