0.69586,0.57222,-0.31185,0.45387,0.28783,0.23106,0.30437,0.14967,0.49737,0.060215,0.75718,0.44902,0.36574,0.23362,0.72689,0.755,0.29004,0.16853,-0.78527,0.051881,0.051881,0.051881,0.016496,-0.22527,-26.412,0.0118,0.042353
0.28753,0.092067,-0.36008,0.082302,0.012557,0.0044188,0.26018,0.088334,0.029565,0.0093059,0.062903,0.091773,0.031314,0.0073695,0.095143,0.0013365,0.015812,0.028585,-0.87365,-0.036188,-0.036188,-0.036188,4.8604e-06,-1.0192,-123.47,-0.22358,-0.80392
1.7058,1.6673,-0.26366,1.6305,0.60687,0.3592,0.35661,0.29593,1.6672,0.13128,0.98709,0.99345,0.99544,0.50947,0.99354,0.99947,0.99799,0.53832,-0.71708,0.088622,0.088622,0.088622,0.082195,0.11998,191.96,0.29927,0.31373
849.44,-165.39,12.76,-167.33,-21.992,15.614,-12.042,-9.7261,-159.87,-5.4746,83.805,-50.246,-36.1,42.322,61.225,82.163,-72.981,54.479,-0.65742,11.27,11.27,11.27,-8.5802,89.912,-0.71949,42.841,62.521
-165.39,814.96,10.872,-181.81,-22.522,16.398,-12.295,-8.2089,-174.26,-8.4827,102.12,-72.909,-18.122,26.696,67.099,82.702,-68.899,80.792,-8.027,13.905,13.905,13.905,-9.7759,119.12,-1.0287,52.648,39.212
12.76,10.872,994.46,19.688,-6.0375,1.5398,4.1509,8.1652,7.6811,-2.8732,2.5891,-12.756,8.9911,-19.937,-0.44526,-8.5581,8.7016,2.4392,-7.9392,0.13158,0.13158,0.13158,0.39806,13.255,0.049628,-10.747,-58.768
-167.33,-181.81,19.688,804.13,-2.8429,9.2651,-19.347,-24.32,-161.41,-2.1469,86.448,-44.185,-18.994,53.696,56.439,82.746,-68.647,78.027,6.4205,12.428,12.428,12.428,-9.3239,83.352,0.6393,73.818,149.13
-21.992,-22.522,-6.0375,-2.8429,937.36,24.824,11.833,28.635,-68.359,-6.0023,9.1633,-1.5806,-103.97,29.164,39.411,49.636,-65.968,-80.067,-3.8066,-1.2051,-1.2051,-1.2051,-1.0911,14.784,-1.4417,-73.17,-137.77
15.614,16.398,1.5398,9.2651,24.824,989.82,-3.8553,-10.262,33.658,2.4368,-7.1262,2.3265,41.941,-13.872,-17.882,-23.059,28.941,28.484,1.1802,-0.029451,-0.029451,-0.029451,0.81456,-9.1371,-0.47087,25.824,47.907
-12.042,-12.295,4.1509,-19.347,11.833,-3.8553,995.41,-8.952,-2.5372,1.78,3.4816,1.5732,12.284,5.6687,-2.3413,0.52732,2.9782,17.201,3.711,0.9839,0.9839,0.9839,-0.58705,-1.2129,0.012324,20.255,51.787
-9.7261,-8.2089,8.1652,-24.32,28.635,-10.262,-8.952,980.89,12.322,4.8759,-2.9514,11.306,28.873,10.171,-12.136,-7.2461,13.565,29.613,9.2024,0.73026,0.73026,0.73026,-0.29179,-15.316,0.0029265,39.556,111.67
-159.87,-174.26,7.6811,-161.41,-68.359,33.658,-2.5372,12.322,796.16,-9.663,86.312,-48.386,-113.73,63.005,88.062,115.97,-119.72,-9.4582,-3.2529,9.7573,9.7573,9.7573,-8.976,96.018,-1.2556,-14.782,-43.716
-5.4746,-8.4827,-2.8732,-2.1469,-6.0023,2.4368,1.78,4.8759,-9.663,997.29,10.625,-15.136,4.8514,-11.525,5.4311,1.1553,0.17307,8.8504,-6.1767,1.2989,1.2989,1.2989,-0.57023,19.462,-0.3324,-2.7197,-36.953
83.805,102.12,2.5891,86.448,9.1633,-7.1262,3.4816,-2.9514,86.312,10.625,923.23,81.009,-41.538,35.196,-34.557,-24.213,8.4816,-90.53,22.426,-10.769,-10.769,-10.769,5.8247,-111.24,-0.70875,-38.177,58.263
-50.246,-72.909,-12.756,-44.185,-1.5806,2.3265,1.5732,11.306,-48.386,-15.136,81.009,889.83,97.007,-89.426,21.099,-10.678,32.538,124.66,-39.029,11.691,11.691,11.691,-4.7104,137.7,1.452,39.978,-142.1
-36.1,-18.122,8.9911,-18.994,-103.97,41.941,12.284,28.873,-113.73,4.8514,-41.538,97.007,720.77,156.91,61.416,119.14,-164.6,-238.13,35.657,-10.235,-10.235,-10.235,0.17416,-91.286,1.4113,-140.92,-39.095
42.322,26.696,-19.937,53.696,29.164,-13.872,5.6687,10.171,63.005,-11.525,35.196,-89.426,156.91,868.63,-25.047,-75.254,98.152,125.64,-41.13,6.2879,6.2879,6.2879,0.35066,91.801,0.80253,38.302,-154.16
61.225,67.099,-0.44526,56.439,39.411,-17.882,-2.3413,-12.136,88.062,5.4311,-34.557,21.099,61.416,-25.047,959.34,-51.368,56.031,19.166,3.6957,-3.4193,-3.4193,-3.4193,3.4775,-41.612,-1.0159,22.601,56.798
82.163,82.702,-8.5581,82.746,49.636,-23.059,0.52732,-7.2461,115.97,1.1553,-24.213,-10.678,119.14,-75.254,-51.368,918.54,93.984,62.374,-11.828,-1.5042,-1.5042,-1.5042,3.9003,-10.086,-0.77459,33.596,-6.8471
-72.981,-68.899,8.7016,-68.647,-65.968,28.941,2.9782,13.565,-119.72,0.17307,8.4816,32.538,-164.6,98.152,56.031,93.984,884.53,-109.9,17.972,-1.4394,-1.4394,-1.4394,-2.9918,-14.752,0.51854,-63.141,-8.0495
54.479,80.792,2.4392,78.027,-80.067,28.484,17.201,29.613,-9.4582,8.8504,-90.53,124.66,-238.13,125.64,19.166,62.374,-109.9,746.54,36.07,-16.376,-16.376,-16.376,5.2768,-143.89,0.82492,-152.13,-53.251
-0.65742,-8.027,-7.9392,6.4205,-3.8066,1.1802,3.711,9.2024,-3.2529,-6.1767,22.426,-39.029,35.657,-41.13,3.6957,-11.828,17.972,36.07,983.24,3.1003,3.1003,3.1003,-0.79993,46.001,0.24342,2.8153,-83.663
11.27,13.905,0.13158,12.428,-1.2051,-0.029451,0.9839,0.73026,9.7573,1.2989,-10.769,11.691,-10.235,6.2879,-3.4193,-1.5042,-1.4394,-16.376,3.1003,998.39,-1.6113,-1.6113,0.801,-15.543,-0.11755,-8.5001,2.8809
11.27,13.905,0.13158,12.428,-1.2051,-0.029451,0.9839,0.73026,9.7573,1.2989,-10.769,11.691,-10.235,6.2879,-3.4193,-1.5042,-1.4394,-16.376,3.1003,-1.6113,998.39,-1.6113,0.801,-15.543,-0.11755,-8.5001,2.8809
11.27,13.905,0.13158,12.428,-1.2051,-0.029451,0.9839,0.73026,9.7573,1.2989,-10.769,11.691,-10.235,6.2879,-3.4193,-1.5042,-1.4394,-16.376,3.1003,-1.6113,-1.6113,998.39,0.801,-15.543,-0.11755,-8.5001,2.8809
-8.5802,-9.7759,0.39806,-9.3239,-1.0911,0.81456,-0.58705,-0.29179,-8.976,-0.57023,5.8247,-4.7104,0.17416,0.35066,3.4775,3.9003,-2.9918,5.2768,-0.79993,0.801,0.801,0.801,999.47,7.2469,0.037818,3.0129,0.46852
89.912,119.12,13.255,83.352,14.784,-9.1371,-1.2129,-15.316,96.018,19.462,-111.24,137.7,-91.286,91.801,-41.612,-10.086,-14.752,-143.89,46.001,-15.543,-15.543,-15.543,7.2469,820.96,-0.70856,-44.271,172.61
-0.71949,-1.0287,0.049628,0.6393,-1.4417,-0.47087,0.012324,0.0029265,-1.2556,-0.3324,-0.70875,1.452,1.4113,0.80253,-1.0159,-0.77459,0.51854,0.82492,0.24342,-0.11755,-0.11755,-0.11755,0.037818,-0.70856,0.015554,-0.98583,-0.3318
42.841,52.648,-10.747,73.818,-73.17,25.824,20.255,39.556,-14.782,-2.7197,-38.177,39.978,-140.92,38.302,22.601,33.596,-63.141,-152.13,2.8153,-8.5001,-8.5001,-8.5001,3.0129,-44.271,-0.98583,878.17,-179.81
62.521,39.212,-58.768,149.13,-137.77,47.907,51.787,111.67,-43.716,-36.953,58.263,-142.1,-39.095,-154.16,56.798,-6.8471,-8.0495,-53.251,-83.663,2.8809,2.8809,2.8809,0.46852,172.61,-0.3318,-179.81,272.66
