90.88,50,152.94,414.5,11.819,468.57,357.32,699.24,230.66,234.32,8.2196e-15,7.9155e-15,8.2488e-15,7.7681e-15
664.06,384.62,541.18,878.57,20.007,528.49,625.57,925.08,415.26,1137.7,3.924e-13,2.5092e-13,5.0397e-13,2.5664e-13
0.47579,0.30089,-0.12323,0.35453,-0.005554,-0.024456,-0.036452,-0.011948,0.012509,0.12547,-4.6326e-17,-1.3518e-16,-1.0019e-18,-1.304e-16
0.30089,0.82232,0.060843,-0.22384,0.0035108,0.0095316,0.024675,0.025399,0.015867,-0.012623,-3.3293e-18,4.0571e-17,-2.81e-17,3.8276e-17
-0.12323,0.060843,0.30958,-0.13724,0.00058098,-0.15773,-0.28486,0.07559,0.23333,-0.098591,-3.2619e-17,-3.572e-16,1.4284e-16,-3.4077e-16
0.35453,-0.22384,-0.13724,0.62645,0.0054263,-0.042034,-0.039637,0.095583,0.13762,0.089007,-8.0461e-17,-1.3069e-16,-6.0461e-17,-1.2804e-16
-0.005554,0.0035108,0.00058098,0.0054263,0.99992,0.00031077,-7.9491e-05,-0.0014107,-0.0017215,-0.0020488,1.3782e-18,1.4594e-18,1.4628e-18,1.4529e-18
-0.024456,0.0095316,-0.15773,-0.042034,0.00031077,0.9629,-0.061535,0.025497,0.062594,0.0048019,-2.0853e-17,-9.5965e-17,1.8566e-17,-9.2122e-17
-0.036452,0.024675,-0.28486,-0.039637,-7.9491e-05,-0.061535,0.86919,0.0035456,0.065082,-0.14491,3.6041e-17,-9.2807e-17,1.1002e-16,-8.644e-17
-0.011948,0.025399,0.07559,0.095583,-0.0014107,0.025497,0.0035456,0.92792,-0.097577,-0.20262,1.0804e-16,1.5122e-16,9.3922e-17,1.4872e-16
0.012509,0.015867,0.23333,0.13762,-0.0017215,0.062594,0.065082,-0.097577,0.83983,-0.20742,1.2889e-16,2.4719e-16,7.5356e-17,2.4085e-16
0.12547,-0.012623,-0.098591,0.089007,-0.0020488,0.0048019,-0.14491,-0.20262,-0.20742,0.16633,3.8284e-16,3.7784e-16,4.194e-16,3.7685e-16
-4.6326e-17,-3.3293e-18,-3.2619e-17,-8.0461e-17,1.3782e-18,-2.0853e-17,3.6041e-17,1.0804e-16,1.2889e-16,3.8284e-16,1,-2.1983e-31,-1.8435e-31,-2.1755e-31
-1.3518e-16,4.0571e-17,-3.572e-16,-1.3069e-16,1.4594e-18,-9.5965e-17,-9.2807e-17,1.5122e-16,2.4719e-16,3.7784e-16,-2.1983e-31,1,-1.3518e-31,-3.9898e-31
-1.0019e-18,-2.81e-17,1.4284e-16,-6.0461e-17,1.4628e-18,1.8566e-17,1.1002e-16,9.3922e-17,7.5356e-17,4.194e-16,-1.8435e-31,-1.3518e-31,1,-1.3707e-31
-1.304e-16,3.8276e-17,-3.4077e-16,-1.2804e-16,1.4529e-18,-9.2122e-17,-8.644e-17,1.4872e-16,2.4085e-16,3.7685e-16,-2.1755e-31,-3.9898e-31,-1.3707e-31,1
32.838,32.838,32.838,32.838,32.838,32.838,32.838,32.838,32.838,32.838,32.838,32.838,32.838,32.838
370.38,213.68,411.76,642.7,16.241,506.86,527.64,831.79,324.94,754.08,1.6114e-13,1.3027e-13,1.9116e-13,1.3109e-13
1,1,1,1,1,1,1,1,1,1,1,1,1,1
