182.41,0.63186,0.7703,0.14271,0.084124,1.0866,0.95766,1.3721,0.28548,0.20856,0.95042,0.45223,0.0567
4.2581,0.018779,0.24706,0.029112,0.0078362,0.43561,0.37073,0.5803,-0.13891,0.019915,0.27554,0.075778,0.00065546
358.61,0.98312,0.99608,2.7029,0.23716,1.7473,1.3011,1.6795,0.89634,0.80101,1.844,0.89087,0.31251
0.00013271,-0.00073382,0.018507,-0.00049196,-0.035257,-0.00047045,0.030291,-0.01508,-0.014605,0.0090174,0.00010757,0.019506,0.0055801
-0.00073382,19.333,-3.3054,-1.3486,-3.2262,2.475,-6.9532,5.5428,3.0695,7.0898,0.030324,-1.4531,-1.8275
0.018507,-3.3054,35.964,3.8952,-5.605,0.52876,13.622,-7.6282,-8.1548,1.1909,0.58205,-2.9145,5.8651
-0.00049196,-1.3486,3.8952,13.623,-2.1115,1.1101,16.54,-5.1432,-6.2526,6.0355,-2.4913,-9.7104,-10.918
-0.035257,-3.2262,-5.605,-2.1115,641.5,-66.838,50.337,-53.904,12.932,9.9094,-2.9985,-4.1578,40.866
-0.00047045,2.475,0.52876,1.1101,-66.838,351.38,-14.03,-316.18,332.44,7.3103,-0.48735,-26.388,-15.368
0.030291,-6.9532,13.622,16.54,50.337,-14.03,150.54,-76.218,-62.19,9.8001,-13.579,0.12593,9.6421
-0.01508,5.5428,-7.6282,-5.1432,-53.904,-316.18,-76.218,384.64,-299.18,0.39482,4.0338,-13.767,-20.039
-0.014605,3.0695,-8.1548,-6.2526,12.932,332.44,-62.19,-299.18,368.38,-6.9196,4.5215,12.624,-4.6742
0.0090174,7.0898,1.1909,6.0355,9.9094,7.3103,9.8001,0.39482,-6.9196,184.64,-46.973,-53.909,-141.45
0.00010757,0.030324,0.58205,-2.4913,-2.9985,-0.48735,-13.579,4.0338,4.5215,-46.973,24.27,1.0765,36.001
0.019506,-1.4531,-2.9145,-9.7104,-4.1578,-26.388,0.12593,-13.767,12.624,-53.909,1.0765,122.15,53.842
0.0055801,-1.8275,5.8651,-10.918,40.866,-15.368,9.6421,-20.039,-4.6742,-141.45,36.001,53.842,359.45
