316.17,293.89,100.39,96.906,119.62,255.04,73.028,152.61,248.3,955.65,181.77,27.587,182.45,931.17,146.95,29.084,143.14,974.35,40.228,160.77,160.77,160.77,5.5901,-59.933,39388,98.495,93.558,397.94,388.24,-44.057,32.153,89.516,373.75,69.862,37.754,380.47,187.32,953.69,48.349,923.58,173.48,226.02,213.3,83.966,963.31,-389.36,141.65,141.65,141.65,9.4621,-60.533,-42066,215.33,17.367,613.62,568.54,-219.77,532.92,28.582,291.79,241.86,144.88,535.05,36.006,41.732,997.61,536.83,790.02,32.633,789.86,535.32,48.429,-538.66,66.746,66.746,66.746,70.934,-374.18,-49878,269.97,-126.05
157.57,126.97,84.278,68.049,70.058,85.024,7.2998,68.694,82.28,737.68,18.409,1.356,20.837,737.63,12.374,3.4357,11.965,858.74,4.5801,128.57,128.57,128.57,0.44179,-132.65,-2.1484e+05,-227.45,-235.29,74.639,62.285,-143.18,7.5722,2.5243,19.967,34.584,14.98,20.558,15.548,739.67,2.2602,706.46,5.9175,43.338,38.231,30.502,876.53,-620.36,89.516,89.516,89.516,0.044969,-186.26,-1.3302e+05,-314.39,-188.24,459.34,395.31,-267.06,346.51,3.807,239,147.98,25.855,336.15,3.2958,0.67054,991.92,34.444,483.36,3.8657,482.02,34.123,20.826,-626.88,29.864,29.864,29.864,34.743,-489.48,-2.952e+05,-269.96,-368.63
650.13,644.65,130.66,136.88,168.62,636.97,100.54,236.87,599.55,999.67,675.03,56.192,674.4,998.01,510.02,76.52,512.33,999.92,72.092,220.49,220.49,220.49,14.301,9.6808,2.2318e+05,511.67,329.41,752.9,751.24,46.861,72.83,174.23,745.59,140.96,78.966,750.04,672.91,998.08,135.95,988.39,646.4,461.75,445.88,187.23,998.79,-236.88,217.3,217.3,217.3,47.023,67.341,66431,577.77,145.1,705.17,690.17,-128.79,659.91,41.77,341.55,311.98,231.8,650.67,73.3,110.59,999.69,873.09,999.37,71.351,998.8,875.42,104.91,-274.21,107.26,107.26,107.26,136.71,-223.35,1.3221e+05,731.99,247.06
0.89765,-0.10662,-0.0023601,0.0033335,-0.0093484,-0.11149,-0.00012484,-0.023881,-0.10778,-0.006603,0.011298,-0.008914,0.0092722,0.013066,-0.061869,-0.0039488,-0.062138,0.01991,-0.011552,-0.0014664,-0.0014664,-0.0014664,-0.0004796,0.020946,8.1657e-05,0.067404,-0.0069845,0.060137,0.066003,0.020734,-0.011774,-0.0090699,0.072926,-0.015398,-0.0089235,0.071407,0.016509,-0.0079607,-0.0027999,-0.010823,0.011215,0.024191,0.021468,0.010324,-0.0033711,0.058321,-0.0047239,-0.0047239,-0.0047239,0.0064312,-0.0019119,-0.00027384,0.015651,-0.0059769,-0.0024884,-0.0078484,-0.018017,-0.0077231,0.0043654,0.010324,0.019329,0.0076882,-0.01219,-0.0094828,0.0091058,0.00014752,-0.0315,0.029147,-0.0039939,0.029424,-0.032012,0.00075405,-0.058855,0.0032285,0.0032285,0.0032285,-0.010562,0.023546,0.00044452,-0.010991,0.08799
-0.10662,0.88877,-0.0020861,0.0037213,-0.0093978,-0.11657,-0.00060361,-0.024497,-0.11252,-0.0080008,0.015193,-0.0092261,0.01301,0.012664,-0.065376,-0.003818,-0.065767,0.020905,-0.011582,-0.00094523,-0.00094523,-0.00094523,-0.00044531,0.021655,9.5523e-05,0.06617,-0.0066199,0.061888,0.067974,0.021114,-0.01223,-0.010021,0.075134,-0.016046,-0.0089367,0.073405,0.020603,-0.0093988,-0.0030599,-0.012599,0.014911,0.025844,0.02269,0.011398,-0.0037909,0.059616,-0.0044863,-0.0044863,-0.0044863,0.0067178,-0.0028015,-0.00023411,0.014263,-0.0052486,-0.0043033,-0.010015,-0.018695,-0.010138,0.0045293,0.010904,0.02061,0.0065606,-0.014559,-0.0098393,0.0093559,0.00015028,-0.037323,0.033152,-0.0041405,0.033444,-0.037863,0.0007116,-0.061734,0.0037775,0.0037775,0.0037775,-0.011468,0.024266,0.00046023,-0.01104,0.088136
-0.0023601,-0.0020861,0.99903,-0.00048662,-0.00095516,-0.0018589,0.00093798,-0.0012858,-0.0021759,0.0016675,-0.0066204,-0.00017807,-0.0065012,0.0015108,0.0017393,-0.00062268,0.0019453,-0.00013454,-0.0012729,-0.0013997,-0.0013997,-0.0013997,-0.00011391,0.00056722,-4.2775e-05,0.015428,-0.00011383,0.0026655,0.0028456,0.0011471,-0.00039065,0.0011035,0.0032871,-0.00030328,-0.00094577,0.0036145,-0.0064507,0.0015829,0.0006696,0.0017406,-0.0064277,0.00055614,0.00099239,-0.00032599,0.00018522,0.0022174,-0.00075929,-0.00075929,-0.00075929,-0.00010021,0.0011749,3.4456e-05,0.0088565,-0.0036869,0.0032571,0.0033117,-0.00064174,0.0038147,0.0001937,-7.4747e-05,-0.00065943,0.0034086,0.0031723,-9.1588e-06,0.00065611,-1.1394e-05,0.0086326,-0.0059437,-1.7635e-05,-0.0059501,0.0086185,0.0005106,-4.3327e-05,-0.00096542,-0.00096542,-0.00096542,0.00096217,0.00096463,-2.8735e-05,0.0044236,0.0080647
0.0033335,0.0037213,-0.00048662,0.99952,-0.00019322,0.0042201,0.00068072,0.00023904,0.0038301,0.001745,-0.0052745,0.00023173,-0.0051009,0.00080559,0.0035796,-0.00028352,0.0037454,-0.0009317,-0.00028864,-0.00082191,-0.00082191,-0.00082191,-6.1039e-05,-0.00049116,-9.3159e-05,0.0046349,-0.00046585,-0.00091849,-0.0010755,-3.5833e-05,0.00032436,0.0011454,-0.0011955,0.00051721,-0.00022685,-0.00092291,-0.0054156,0.0017622,0.00037699,0.0021297,-0.005027,-0.0014787,-0.00095965,-0.0011281,0.00045624,-0.00052635,-0.00042865,-0.00042865,-0.00042865,-0.00027415,0.001149,7.3542e-05,0.0032063,-0.0014916,0.0025108,0.0028549,0.00046792,0.0032121,-0.00010616,-0.00055306,-0.0013378,0.0018826,0.003012,0.00030514,-7.7472e-05,-3.848e-06,0.0075415,-0.0051296,0.00012231,-0.0051444,0.0075654,0.00014346,0.0026094,-0.00073634,-0.00073634,-0.00073634,0.0010595,-0.00041065,-3.814e-05,0.00076355,0.0019929
-0.0093484,-0.0093978,-0.00095516,-0.00019322,0.99846,-0.0093042,0.00094483,-0.0029486,-0.0093332,0.0016928,-0.0058764,-0.00094438,-0.0059164,0.0031516,-0.0038705,-0.00096116,-0.0036706,0.0015051,-0.001959,-0.0012948,-0.0012948,-0.0012948,-0.00015377,0.0022621,-3.2861e-05,0.013905,-0.0020574,0.0070358,0.0076207,0.0028932,-0.0011428,0.00031585,0.0083434,-0.0013972,-0.0015374,0.0084972,-0.0053643,0.0015373,1.5782e-06,0.0017323,-0.0054746,0.00081611,0.0012188,-0.00040981,0.00027691,0.0077182,-0.0013241,-0.0013241,-0.0013241,0.00056496,0.0014881,0.00024125,0.0052335,-0.0024047,0.0032343,0.0030094,-0.001787,0.0035325,0.00043093,0.00064149,0.00081672,0.0036011,0.0026616,-0.00096475,0.0010797,2.1843e-05,0.0062007,-0.0028962,-0.00041285,-0.002877,0.0061694,0.00019335,-0.0045494,-0.00052657,-0.00052657,-0.00052657,-4.5335e-05,0.0026861,-0.00013534,-0.0022198,0.015217
-0.11149,-0.11657,-0.0018589,0.0042201,-0.0093042,0.87691,-0.0015703,-0.02482,-0.11858,-0.011573,0.02249,-0.0091828,0.020115,0.0097654,-0.067047,-0.0032746,-0.067695,0.02155,-0.011477,-0.0003332,-0.0003332,-0.0003332,-0.00034611,0.021741,9.2046e-05,0.075132,-0.002398,0.062684,0.068992,0.020416,-0.012837,-0.011197,0.076809,-0.016696,-0.0086992,0.074875,0.028142,-0.013053,-0.0024102,-0.017335,0.021342,0.031362,0.027116,0.01491,-0.0052156,0.056784,-0.0033209,-0.0033209,-0.0033209,0.0065562,-0.0054665,-0.00034154,0.021482,-0.0073908,-0.0080973,-0.014508,-0.0196,-0.015146,0.0048377,0.011664,0.022111,0.0048356,-0.019496,-0.0095277,0.0099779,9.9018e-05,-0.047017,0.03764,-0.0040186,0.037936,-0.047634,0.0014253,-0.06428,0.0042547,0.0042547,0.0042547,-0.012242,0.024621,0.00055463,0.0023791,0.082886
-0.00012484,-0.00060361,0.00093798,0.00068072,0.00094483,-0.0015703,0.99858,0.0011274,-0.0010537,-0.0037889,0.010203,0.00031392,0.010005,-0.0034987,-0.0015238,0.00093679,-0.0018649,0.00024838,0.0012291,0.0015332,0.0015332,0.0015332,0.00016722,-0.00071149,3.0338e-05,-0.006143,0.0033208,-0.002419,-0.0024879,-0.001725,4.1154e-05,-0.0015523,-0.0024504,3.7994e-06,0.0010372,-0.0028236,0.010167,-0.0037628,2.0694e-05,-0.0046344,0.0094188,0.0032561,0.0021655,0.0026695,-0.0011366,-0.0047315,0.0015123,0.0015123,0.0015123,-0.00015006,-0.0028245,0.000106,-0.0016122,0.0013002,-0.0052208,-0.0056896,0.00011469,-0.0064523,9.3091e-06,0.0004465,0.0012873,-0.0039751,-0.0058412,0.00039395,-0.00018655,-3.1706e-05,-0.013158,0.0073203,0.00016948,0.0073239,-0.013197,0.00012924,-0.00087485,0.001028,0.001028,0.001028,-0.0011237,-0.00085527,-8.4661e-05,0.0067557,-0.011423
-0.023881,-0.024497,-0.0012858,0.00023904,-0.0029486,-0.02482,0.0011274,0.99348,-0.024364,0.0016117,-0.0056474,-0.0023703,-0.0059646,0.0060306,-0.013492,-0.001698,-0.013276,0.0045107,-0.0036881,-0.0015548,-0.0015548,-0.0015548,-0.00024945,0.0055308,-0.00015085,0.019753,-0.0045822,0.016101,0.017533,0.0063156,-0.0027836,-0.00089234,0.019092,-0.0036183,-0.0029307,0.019028,-0.0043998,0.001276,-0.00075322,0.0013528,-0.0049937,0.0027882,0.0030621,0.00011697,0.00018782,0.017766,-0.0023765,-0.0023765,-0.0023765,0.0016669,0.0019217,-0.00017715,0.0041864,-0.0021723,0.0036839,0.0028234,-0.0043006,0.0034744,0.001005,0.0020582,0.0035094,0.0049753,0.0019441,-0.002594,0.0022518,6.4232e-05,0.0032631,0.0010599,-0.0010942,0.0011229,0.0031773,9.5487e-06,-0.013162,-4.2008e-05,-4.2008e-05,-4.2008e-05,-0.0016101,0.0062314,-5.3508e-05,-0.0090578,0.030092
-0.10778,-0.11252,-0.0021759,0.0038301,-0.0093332,-0.11858,-0.0010537,-0.024364,0.88559,-0.01012,0.018378,-0.0089238,0.016155,0.010315,-0.0638,-0.0034509,-0.064319,0.02065,-0.011547,-0.00090955,-0.00090955,-0.00090955,-0.00038741,0.021159,0.00016369,0.077057,-0.0028541,0.061321,0.067442,0.020188,-0.012448,-0.010249,0.075064,-0.016131,-0.0087634,0.073344,0.023861,-0.011568,-0.0021539,-0.01551,0.017445,0.029786,0.025984,0.013838,-0.0047912,0.055898,-0.0036195,-0.0036195,-0.0036195,0.006303,-0.0045214,-0.00026653,0.023119,-0.0082301,-0.0061566,-0.012234,-0.019025,-0.012603,0.0046988,0.011127,0.020896,0.0061224,-0.017042,-0.0092259,0.0097876,9.7339e-05,-0.040998,0.033566,-0.0038953,0.033848,-0.04159,0.0014777,-0.061686,0.0036896,0.0036896,0.0036896,-0.011356,0.02405,0.00049764,0.0023336,0.083504
-0.006603,-0.0080008,0.0016675,0.001745,0.0016928,-0.011573,-0.0037889,0.0016117,-0.01012,0.98789,0.027547,0.00086169,0.026981,-0.011152,-0.0026462,0.0024696,-0.0036027,0.0008317,0.0021334,0.0031694,0.0031694,0.0031694,0.00043545,-0.0015636,0.00015806,0.01076,0.013724,-0.0036344,-0.0034717,-0.0044785,-0.00080597,-0.0040009,-0.0022377,-0.00077599,0.0021071,-0.0030499,0.027823,-0.012203,0.0016521,-0.015528,0.02469,0.015186,0.011594,0.01056,-0.0043812,-0.014467,0.0045748,0.0045748,0.0045748,-0.00083802,-0.0091705,0.00017773,0.014147,-0.0032296,-0.014388,-0.016266,-0.0011187,-0.018301,0.00051781,0.0017616,0.0039798,-0.0087176,-0.017257,0.0015951,0.0008043,-0.00016006,-0.035389,0.017056,0.0006543,0.017058,-0.035587,0.0017535,-0.0040922,0.0020827,0.0020827,0.0020827,-0.0025313,-0.001221,-0.00029792,0.038911,-0.028801
0.011298,0.015193,-0.0066204,-0.0052745,-0.0058764,0.02249,0.010203,-0.0056474,0.018378,0.027547,0.92559,-0.0012372,-0.072764,0.023271,0.018212,-0.0062783,0.020681,-0.0040057,-0.0077263,-0.011008,-0.011008,-0.011008,-0.0011472,0.0027942,-0.00036767,0.041605,-0.022103,0.011076,0.010972,0.010048,0.00086432,0.01219,0.010134,0.0015677,-0.0065551,0.013019,-0.074672,0.027482,0.00047325,0.033869,-0.068921,-0.024859,-0.016858,-0.019664,0.0082779,0.026981,-0.010211,-0.010211,-0.010211,0.00026429,0.020166,-0.00066277,0.013309,-0.0099272,0.037646,0.041497,0.00094734,0.046953,-0.00046746,-0.0042642,-0.011321,0.028004,0.042964,-0.0016478,0.00055466,0.00019634,0.097906,-0.056287,-0.00072464,-0.056346,0.09822,-0.00074399,0.01261,-0.0078661,-0.0078661,-0.0078661,0.0093469,0.0036695,0.00040431,-0.043235,0.072292
-0.008914,-0.0092261,-0.00017807,0.00023173,-0.00094438,-0.0091828,0.00031392,-0.0023703,-0.0089238,0.00086169,-0.0012372,0.99895,-0.0013992,0.0028761,-0.0068994,-0.00063633,-0.0068337,0.0020545,-0.0011377,-0.00018742,-0.00018742,-0.00018742,-8.7104e-05,0.0023303,0.00010257,-0.00084749,-0.0032509,0.0061189,0.0066519,0.0026157,-0.00096933,-0.0006809,0.0069967,-0.0014019,-0.00097877,0.0068521,-0.000792,0.00076629,-0.00087588,0.0010092,-0.00079402,-0.00041487,-0.00021851,-0.00070756,0.0003724,0.008106,-0.0010554,-0.0010554,-0.0010554,0.00089112,0.0010223,3.9979e-05,-0.0044553,0.0014211,0.0010957,0.00084156,-0.001487,0.0010313,0.00029937,0.00082103,0.0016181,0.001087,0.00061056,-0.0013179,0.00057499,5.0141e-05,-0.00029955,0.0023666,-0.00054634,0.0023988,-0.00031275,-0.0004466,-0.0055948,0.00034874,0.00034874,0.00034874,-0.0010581,0.0023898,-3.8646e-05,-0.010156,0.01164
0.0092722,0.01301,-0.0065012,-0.0051009,-0.0059164,0.020115,0.010005,-0.0059646,0.016155,0.026981,-0.072764,-0.0013992,0.92881,0.023185,0.016513,-0.0062383,0.018931,-0.0035252,-0.0077609,-0.010782,-0.010782,-0.010782,-0.0011347,0.0031577,-0.00038908,0.040865,-0.022064,0.011969,0.011972,0.010279,0.00064921,0.011762,0.011238,0.0012577,-0.0065817,0.014026,-0.072934,0.026897,0.00032758,0.033151,-0.067346,-0.024203,-0.016377,-0.019243,0.0081159,0.027762,-0.010139,-0.010139,-0.010139,0.00041389,0.019821,-0.00071211,0.012469,-0.0095307,0.036896,0.040593,0.00062646,0.045947,-0.00039245,-0.0039969,-0.010731,0.027534,0.041971,-0.0018393,0.00066836,0.00019935,0.095392,-0.054483,-0.00080338,-0.054535,0.095695,-0.00078353,0.011237,-0.007616,-0.007616,-0.007616,0.0089262,0.0040343,0.00044779,-0.043663,0.072645
0.013066,0.012664,0.0015108,0.00080559,0.0031516,0.0097654,-0.0034987,0.0060306,0.010315,-0.011152,0.023271,0.0028761,0.023185,0.98533,0.012809,0.0031895,0.011948,-0.0037013,0.003847,0.0026425,0.0026425,0.0026425,0.00050858,-0.0060541,0.00010559,0.01353,0.017806,-0.01528,-0.016239,-0.0088675,0.0013233,-0.0015336,-0.015891,0.0022786,0.0035574,-0.016168,0.022586,-0.011045,0.0033056,-0.014181,0.020092,0.013121,0.009926,0.0098637,-0.0042487,-0.028223,0.0057286,0.0057286,0.0057286,-0.0025715,-0.0092456,0.00056765,0.022516,-0.0063314,-0.013144,-0.014097,0.0021156,-0.016021,-0.00017898,-0.00034165,-0.00037156,-0.0085649,-0.014429,0.0040554,-0.00043798,-0.00023606,-0.02588,0.0074173,0.0016728,0.0073492,-0.026013,0.0024478,0.0085359,0.0007307,0.0007307,0.0007307,0.00040808,-0.0058251,-0.00035199,0.053433,-0.045942
-0.061869,-0.065376,0.0017393,0.0035796,-0.0038705,-0.067047,-0.0015238,-0.013492,-0.0638,-0.0026462,0.018212,-0.0068994,0.016513,0.012809,0.94437,-0.0021268,-0.056035,0.015644,-0.0043261,0.0033281,0.0033281,0.0033281,-0.00018198,0.014978,0.00026084,-0.039627,-0.017932,0.036639,0.040149,0.014473,-0.0064351,-0.0092685,0.042077,-0.0097915,-0.0039787,0.039896,0.021154,-0.0031731,-0.0073634,-0.0031198,0.019828,0.0016965,0.00062206,-0.00013218,0.00050726,0.047888,-0.0040056,-0.0040056,-0.0040056,0.0064075,0.00090647,-0.00090802,-0.048499,0.01809,-0.005744,-0.0084834,-0.0097211,-0.0091456,0.0019163,0.0068756,0.015007,-0.0039072,-0.010223,-0.0089491,0.0029096,0.00032939,-0.037485,0.038635,-0.0036788,0.038886,-0.037626,-0.0038035,-0.042331,0.0057399,0.0057399,0.0057399,-0.011084,0.014577,-3.3954e-05,-0.069299,0.053602
-0.0039488,-0.003818,-0.00062268,-0.00028352,-0.00096116,-0.0032746,0.00093679,-0.001698,-0.0034509,0.0024696,-0.0062783,-0.00063633,-0.0062383,0.0031895,-0.0021268,0.99919,-0.0019069,0.00076079,-0.001212,-0.00096361,-0.00096361,-0.00096361,-0.00013242,0.0014252,0.00011079,0.0036334,-0.0031917,0.0040915,0.00437,0.002116,-0.00046492,0.00057949,0.0045223,-0.00063015,-0.0010247,0.004673,-0.0060564,0.0024099,-0.00036226,0.0029867,-0.0056587,-0.0018842,-0.0011981,-0.0017432,0.00077558,0.0061673,-0.0013017,-0.0013017,-0.0013017,0.00046496,0.0020039,0.0001724,-0.00066757,-0.00024551,0.003409,0.0035495,-0.00074252,0.0040617,0.0001354,0.00011857,-7.1944e-06,0.0027509,0.0035221,-0.00078653,0.00038224,3.8241e-05,0.0072724,-0.0031379,-0.00032998,-0.0031261,0.0072863,-0.00023962,-0.0019861,-0.00043977,-0.00043977,-0.00043977,0.00017995,0.0015466,-0.00010737,-0.0078207,0.01155
-0.062138,-0.065767,0.0019453,0.0037454,-0.0036706,-0.067695,-0.0018649,-0.013276,-0.064319,-0.0036027,0.020681,-0.0068337,0.018931,0.011948,-0.056035,-0.0019069,0.94347,0.01573,-0.0040666,0.0036764,0.0036764,0.0036764,-0.00014258,0.014838,0.00026352,-0.04049,-0.017047,0.036181,0.039689,0.014085,-0.0064566,-0.0096486,0.041656,-0.0098235,-0.0037528,0.039388,0.023627,-0.0041282,-0.00733,-0.004307,0.022093,0.0026338,0.001281,0.00058821,0.00020396,0.046782,-0.0036372,-0.0036372,-0.0036372,0.00637,0.00019397,-0.00091422,-0.048505,0.018263,-0.0070093,-0.0098796,-0.009742,-0.010725,0.0019332,0.0070057,0.015348,-0.0048156,-0.011672,-0.0088544,0.0029008,0.00032045,-0.040685,0.040377,-0.0036386,0.040629,-0.040838,-0.0037439,-0.042642,0.0059773,0.0059773,0.0059773,-0.011357,0.014419,-3.0252e-05,-0.067278,0.050992
0.01991,0.020905,-0.00013454,-0.0009317,0.0015051,0.02155,0.00024838,0.0045107,0.02065,0.0008317,-0.0040057,0.0020545,-0.0035252,-0.0037013,0.015644,0.00076079,0.01573,0.99541,0.0017707,-0.00049147,-0.00049147,-0.00049147,7.9565e-05,-0.0045775,-6.1152e-05,0.0028052,0.0042849,-0.011876,-0.013013,-0.0045089,0.0021555,0.0024544,-0.013903,0.0030941,0.0015006,-0.013371,-0.0049794,0.0010379,0.00169,0.0011932,-0.0043632,-0.001943,-0.0015808,-0.00059507,8.7987e-05,-0.014125,0.0012238,0.0012238,0.0012238,-0.001767,-0.00017963,0.00038541,0.0085716,-0.0031532,0.0010893,0.0020088,0.0032755,0.0020967,-0.00070325,-0.0021157,-0.0043699,3.934e-05,0.0026678,0.0025132,-0.0012574,-7.8692e-05,0.0092198,-0.009561,0.0010405,-0.0096317,0.0092836,0.00071882,0.012773,-0.0013433,-0.0013433,-0.0013433,0.0029496,-0.0046922,-4.6849e-05,0.015104,-0.017753
-0.011552,-0.011582,-0.0012729,-0.00028864,-0.001959,-0.011477,0.0012291,-0.0036881,-0.011547,0.0021334,-0.0077263,-0.0011377,-0.0077609,0.003847,-0.0043261,-0.001212,-0.0040666,0.0017707,0.99749,-0.0017288,-0.0017288,-0.0017288,-0.00019579,0.002755,9.0577e-07,0.019193,-0.0022846,0.008735,0.0094601,0.0035634,-0.0014293,0.00050911,0.010405,-0.0017156,-0.0019533,0.010632,-0.0070879,0.0019338,0.00013491,0.0021496,-0.0072539,0.0012499,0.0017552,-0.00040796,0.00030422,0.0093331,-0.0016385,-0.0016385,-0.0016385,0.00064187,0.0018451,0.00014461,0.0078613,-0.0035073,0.0041973,0.0039164,-0.0022384,0.004595,0.00054941,0.00076938,0.00090661,0.004728,0.0034688,-0.0011243,0.001399,2.1958e-05,0.0083497,-0.0042139,-0.0004838,-0.0041922,0.0083079,0.00033663,-0.0054473,-0.00075956,-0.00075956,-0.00075956,7.5999e-05,0.0033281,-2.4878e-05,-0.0014004,0.019016
-0.0014664,-0.00094523,-0.0013997,-0.00082191,-0.0012948,-0.0003332,0.0015332,-0.0015548,-0.00090955,0.0031694,-0.011008,-0.00018742,-0.010782,0.0026425,0.0033281,-0.00096361,0.0036764,-0.00049147,-0.0017288,0.9979,-0.002099,-0.002099,-0.00017825,0.00061158,-8.5663e-05,0.0194,-0.00099359,0.0031083,0.0032679,0.0015998,-0.00032759,0.001886,0.0036972,-0.00016487,-0.0013155,0.0042166,-0.010862,0.003078,0.00083447,0.0035533,-0.010551,-0.00057632,0.00029415,-0.0012876,0.00059062,0.003254,-0.0012818,-0.0012818,-0.0012818,-0.00016115,0.0022416,2.1061e-05,0.01089,-0.00472,0.005433,0.0057021,-0.00056881,0.006522,0.00017311,-0.00035151,-0.0014106,0.0051269,0.0056345,-6.1798e-08,0.00072252,-6.5499e-06,0.01453,-0.0096047,-1.758e-05,-0.0096171,0.014531,0.00056635,0.0009634,-0.0014945,-0.0014945,-0.0014945,0.0016134,0.0010959,-3.3466e-05,0.0035259,0.011798
-0.0014664,-0.00094523,-0.0013997,-0.00082191,-0.0012948,-0.0003332,0.0015332,-0.0015548,-0.00090955,0.0031694,-0.011008,-0.00018742,-0.010782,0.0026425,0.0033281,-0.00096361,0.0036764,-0.00049147,-0.0017288,-0.002099,0.9979,-0.002099,-0.00017825,0.00061158,-8.5663e-05,0.0194,-0.00099359,0.0031083,0.0032679,0.0015998,-0.00032759,0.001886,0.0036972,-0.00016487,-0.0013155,0.0042166,-0.010862,0.003078,0.00083447,0.0035533,-0.010551,-0.00057632,0.00029415,-0.0012876,0.00059062,0.003254,-0.0012818,-0.0012818,-0.0012818,-0.00016115,0.0022416,2.1061e-05,0.01089,-0.00472,0.005433,0.0057021,-0.00056881,0.006522,0.00017311,-0.00035151,-0.0014106,0.0051269,0.0056345,-6.1798e-08,0.00072252,-6.5499e-06,0.01453,-0.0096047,-1.758e-05,-0.0096171,0.014531,0.00056635,0.0009634,-0.0014945,-0.0014945,-0.0014945,0.0016134,0.0010959,-3.3466e-05,0.0035259,0.011798
-0.0014664,-0.00094523,-0.0013997,-0.00082191,-0.0012948,-0.0003332,0.0015332,-0.0015548,-0.00090955,0.0031694,-0.011008,-0.00018742,-0.010782,0.0026425,0.0033281,-0.00096361,0.0036764,-0.00049147,-0.0017288,-0.002099,-0.002099,0.9979,-0.00017825,0.00061158,-8.5663e-05,0.0194,-0.00099359,0.0031083,0.0032679,0.0015998,-0.00032759,0.001886,0.0036972,-0.00016487,-0.0013155,0.0042166,-0.010862,0.003078,0.00083447,0.0035533,-0.010551,-0.00057632,0.00029415,-0.0012876,0.00059062,0.003254,-0.0012818,-0.0012818,-0.0012818,-0.00016115,0.0022416,2.1061e-05,0.01089,-0.00472,0.005433,0.0057021,-0.00056881,0.006522,0.00017311,-0.00035151,-0.0014106,0.0051269,0.0056345,-6.1798e-08,0.00072252,-6.5499e-06,0.01453,-0.0096047,-1.758e-05,-0.0096171,0.014531,0.00056635,0.0009634,-0.0014945,-0.0014945,-0.0014945,0.0016134,0.0010959,-3.3466e-05,0.0035259,0.011798
-0.0004796,-0.00044531,-0.00011391,-6.1039e-05,-0.00015377,-0.00034611,0.00016722,-0.00024945,-0.00038741,0.00043545,-0.0011472,-8.7104e-05,-0.0011347,0.00050858,-0.00018198,-0.00013242,-0.00014258,7.9565e-05,-0.00019579,-0.00017825,-0.00017825,-0.00017825,0.99998,0.00019683,-1.5145e-05,0.00077198,-0.00049064,0.00058704,0.00062367,0.00031801,-5.9371e-05,0.00013127,0.00064405,-7.6726e-05,-0.00016435,0.00067748,-0.0011185,0.00042681,-3.7478e-05,0.00052605,-0.0010457,-0.00032911,-0.00020705,-0.00029986,0.00013198,0.00090694,-0.00021171,-0.00021171,-0.00021171,5.892e-05,0.00034313,1.8861e-05,5.3617e-05,-0.00010558,0.00060898,0.00064216,-9.6668e-05,0.00073302,1.7241e-05,-2.1738e-06,-5.1078e-05,0.0004899,0.00064299,-0.00010606,5.6986e-05,5.4886e-06,0.0013836,-0.00067294,-4.4754e-05,-0.00067173,0.0013864,-2.8208e-05,-0.00020327,-9.5524e-05,-9.5524e-05,-9.5524e-05,6.83e-05,0.00021948,3.9583e-06,-0.001114,0.0018208
0.020946,0.021655,0.00056722,-0.00049116,0.0022621,0.021741,-0.00071149,0.0055308,0.021159,-0.0015636,0.0027942,0.0023303,0.0031577,-0.0060541,0.014978,0.0014252,0.014838,-0.0045775,0.002755,0.00061158,0.00061158,0.00061158,0.00019683,0.99477,-7.4046e-05,-0.0034672,0.0062903,-0.01412,-0.015367,-0.0058338,0.0023239,0.0014618,-0.01635,0.0032557,0.0023067,-0.01607,0.0017364,-0.0013199,0.0016288,-0.0016737,0.0019529,-0.00030568,-0.00062055,0.00092985,-0.00057561,-0.017639,0.0022489,0.0022489,0.0022489,-0.0018892,-0.0019783,5.2397e-05,0.0062613,-0.0018294,-0.0023971,-0.0017182,0.0035693,-0.002147,-0.00075824,-0.0019228,-0.0036723,-0.0028189,-0.0010949,0.0028161,-0.0015277,-9.6699e-05,0.00056456,-0.0046725,0.001172,-0.0047422,0.00061182,0.00071647,0.012715,-0.00063176,-0.00063176,-0.00063176,0.0022383,-0.0055058,0.00020721,0.018504,-0.026222
8.1657e-05,9.5523e-05,-4.2775e-05,-9.3159e-05,-3.2861e-05,9.2046e-05,3.0338e-05,-0.00015085,0.00016369,0.00015806,-0.00036767,0.00010257,-0.00038908,0.00010559,0.00026084,0.00011079,0.00026352,-6.1152e-05,9.0577e-07,-8.5663e-05,-8.5663e-05,-8.5663e-05,-1.5145e-05,-7.4046e-05,5.8798e-06,1.3634e-05,0.00016053,0.00051395,0.00051391,-0.00027131,-2.3934e-05,0.00015997,0.00052506,2.0329e-05,-3.9528e-05,0.00055796,-0.0002975,0.00013472,0.00022238,-5.1479e-05,-0.00040106,0.00071485,0.0007334,0.00017825,-0.00023126,-0.00021994,-7.7264e-05,-7.7264e-05,-7.7264e-05,-1.7169e-05,-0.000525,2.2628e-07,-0.0010195,-0.00065583,-0.00019253,-0.00019536,6.829e-05,-0.00026325,-4.0052e-05,3.3052e-05,-9.2446e-05,-5.1398e-05,-0.00015564,9.0616e-05,0.00017169,-1.5534e-05,-6.0335e-05,0.00015315,0.00015392,0.00015524,-7.494e-05,0.00014189,0.00023195,-6.5423e-05,-6.5423e-05,-6.5423e-05,3.0025e-05,-8.1754e-05,9.5916e-07,-0.00010909,-0.0005989
0.067404,0.06617,0.015428,0.0046349,0.013905,0.075132,-0.006143,0.019753,0.077057,0.01076,0.041605,-0.00084749,0.040865,0.01353,-0.039627,0.0036334,-0.04049,0.0028052,0.019193,0.0194,0.0194,0.0194,0.00077198,-0.0034672,1.3634e-05,0.60121,-0.056388,-0.038025,-0.042034,-0.0048689,0.010761,-0.010565,-0.056568,0.0080012,0.012002,-0.061103,0.03726,0.012948,-0.02322,0.02282,0.049117,-0.07345,-0.068998,-0.035287,0.013606,0.018013,-0.0021596,-0.0021596,-0.0021596,0.0069206,0.010717,0.0011977,-0.26623,0.099684,-0.016454,-0.010654,0.017021,-0.013904,-0.0060678,-0.0040478,0.001798,-0.042373,-0.0038689,-0.0080204,-0.017439,0.00096828,-0.059138,0.072774,-0.0029785,0.072964,-0.058054,-0.019335,0.0090136,0.014488,0.014488,0.014488,-0.013675,-0.01388,0.00012357,-0.27047,-0.054688
-0.0069845,-0.0066199,-0.00011383,-0.00046585,-0.0020574,-0.002398,0.0033208,-0.0045822,-0.0028541,0.013724,-0.022103,-0.0032509,-0.022064,0.017806,-0.017932,-0.0031917,-0.017047,0.0042849,-0.0022846,-0.00099359,-0.00099359,-0.00099359,-0.00049064,0.0062903,0.00016053,-0.056388,0.97425,0.012834,0.013456,0.0093217,-0.00029512,0.00073318,0.011526,-0.0016212,-0.0027123,0.01139,-0.021818,0.013837,-0.006063,0.018402,-0.017754,-0.022472,-0.018394,-0.014798,0.0062027,0.033141,-0.0066363,-0.0066363,-0.0066363,0.0035464,0.011531,-0.0018521,-0.052591,0.017324,0.013167,0.014877,-0.00049773,0.016715,-0.00045326,-0.00011635,0.00043337,0.0052798,0.015979,-0.0053048,-0.0013587,0.0003633,0.023437,-0.0012155,-0.0021543,-0.0011219,0.023702,-0.004732,-0.0081941,0.0006213,0.0006213,0.0006213,-0.0017582,0.0049513,-0.00037317,-0.087644,0.045464
0.060137,0.061888,0.0026655,-0.00091849,0.0070358,0.062684,-0.002419,0.016101,0.061321,-0.0036344,0.011076,0.0061189,0.011969,-0.01528,0.036639,0.0040915,0.036181,-0.011876,0.008735,0.0031083,0.0031083,0.0031083,0.00058704,-0.01412,0.00051395,-0.038025,0.012834,0.95981,-0.043778,-0.015883,0.0069098,0.0029976,-0.047408,0.0091721,0.0070241,-0.047019,0.0079687,-0.0028328,0.0026502,-0.0031258,0.0093324,-0.0058114,-0.0064038,0.00013201,-0.00063206,-0.045657,0.0058962,0.0058962,0.0058962,-0.004509,-0.0046631,-0.0011713,-0.002551,0.0023638,-0.007879,-0.0057055,0.010651,-0.0071246,-0.0024351,-0.0053367,-0.0094822,-0.010752,-0.0035856,0.0068968,-0.0052926,-0.00018873,-0.0036637,-0.0066341,0.0028961,-0.0068044,-0.0034643,0.00052413,0.034173,-0.00056288,-0.00056288,-0.00056288,0.0048587,-0.015597,0.00097923,0.030091,-0.073997
0.066003,0.067974,0.0028456,-0.0010755,0.0076207,0.068992,-0.0024879,0.017533,0.067442,-0.0034717,0.010972,0.0066519,0.011972,-0.016239,0.040149,0.00437,0.039689,-0.013013,0.0094601,0.0032679,0.0032679,0.0032679,0.00062367,-0.015367,0.00051391,-0.042034,0.013456,-0.043778,0.95229,-0.017174,0.007586,0.0034405,-0.051725,0.010057,0.0075907,-0.051266,0.007564,-0.0025914,0.0028263,-0.0027737,0.0091847,-0.0069839,-0.0074827,-0.00029431,-0.0005089,-0.049301,0.0062551,0.0062551,0.0062551,-0.0048928,-0.0047173,-0.001106,-0.0033926,0.0027248,-0.0080186,-0.0055651,0.011688,-0.0070323,-0.0026832,-0.0059056,-0.010527,-0.011395,-0.0032069,0.0074711,-0.005819,-0.00019958,-0.0025483,-0.0079488,0.0031379,-0.008135,-0.0023221,0.00049891,0.037518,-0.00070001,-0.00070001,-0.00070001,0.0054136,-0.016997,0.00096747,0.031259,-0.079688
0.020734,0.021114,0.0011471,-3.5833e-05,0.0028932,0.020416,-0.001725,0.0063156,0.020188,-0.0044785,0.010048,0.0026157,0.010279,-0.0088675,0.014473,0.002116,0.014085,-0.0045089,0.0035634,0.0015998,0.0015998,0.0015998,0.00031801,-0.0058338,-0.00027131,-0.0048689,0.0093217,-0.015883,-0.017174,0.99281,0.0023145,0.00043033,-0.018032,0.0032599,0.0030224,-0.017986,0.0089777,-0.0042283,0.0018632,-0.0053118,0.0085509,0.0026818,0.0015198,0.0032026,-0.0015354,-0.021632,0.0034278,0.0034278,0.0034278,-0.0020935,-0.0041895,0.00059935,0.0073358,-0.0017065,-0.006167,-0.005867,0.0035893,-0.0068413,-0.00071791,-0.0015995,-0.0028105,-0.0054695,-0.0053976,0.003228,-0.0015562,-0.00012982,-0.0086621,5.2398e-05,0.0013447,-1.7521e-05,-0.0086509,0.00098149,0.012253,-2.0402e-06,-2.0402e-06,-2.0402e-06,0.0015637,-0.0061363,-0.00024931,0.026035,-0.034741
-0.011774,-0.01223,-0.00039065,0.00032436,-0.0011428,-0.012837,4.1154e-05,-0.0027836,-0.012448,-0.00080597,0.00086432,-0.00096933,0.00064921,0.0013233,-0.0064351,-0.00046492,-0.0064566,0.0021555,-0.0014293,-0.00032759,-0.00032759,-0.00032759,-5.9371e-05,0.0023239,-2.3934e-05,0.010761,-0.00029512,0.0069098,0.007586,0.0023145,0.99862,-0.00090046,0.0084666,-0.0017533,-0.0010804,0.0083394,0.0014716,-0.00097314,-0.0001104,-0.0013681,0.00079342,0.0032621,0.0029287,0.0014228,-0.00048165,0.0062422,-0.00050201,-0.00050201,-0.00050201,0.00064588,-0.00029403,-4.3953e-05,0.0039659,-0.0014992,-0.00012263,-0.00075744,-0.0021164,-0.00071469,0.00052913,0.0011635,0.0020981,0.0012078,-0.0012897,-0.00097117,0.0011446,8.0349e-06,-0.0029217,0.0025609,-0.00041241,0.0025896,-0.0029868,0.00024563,-0.0065174,0.00022891,0.00022891,0.00022891,-0.0010384,0.0026967,-5.5854e-05,0.0010679,0.010118
-0.0090699,-0.010021,0.0011035,0.0011454,0.00031585,-0.011197,-0.0015523,-0.00089234,-0.010249,-0.0040009,0.01219,-0.0006809,0.011762,-0.0015336,-0.0092685,0.00057949,-0.0096486,0.0024544,0.00050911,0.001886,0.001886,0.001886,0.00013127,0.0014618,0.00015997,-0.010565,0.00073318,0.0029976,0.0034405,0.00043033,-0.00090046,0.99723,0.0037833,-0.001407,0.00039247,0.0031289,0.012584,-0.0040561,-0.00097456,-0.0048991,0.011658,0.0035021,0.0023029,0.0025981,-0.0010388,0.0022732,0.00087238,0.00087238,0.00087238,0.00075279,-0.002579,-0.00029262,-0.0078236,0.003581,-0.0057403,-0.0065885,-0.0013122,-0.0073999,0.00029516,0.0014113,0.0033531,-0.0042364,-0.0069953,-0.00088002,0.00027618,1.451e-05,-0.017699,0.012284,-0.00035538,0.012323,-0.017758,-0.00037406,-0.0068716,0.0017601,0.0017601,0.0017601,-0.0026129,0.0012918,2.2373e-06,-0.0028201,-0.0031078
0.072926,0.075134,0.0032871,-0.0011955,0.0083434,0.076809,-0.0024504,0.019092,0.075064,-0.0022377,0.010134,0.0069967,0.011238,-0.015891,0.042077,0.0045223,0.041656,-0.013903,0.010405,0.0036972,0.0036972,0.0036972,0.00064405,-0.01635,0.00052506,-0.056568,0.011526,-0.047408,-0.051725,-0.018032,0.0084666,0.0037833,0.94347,0.011029,0.0082201,-0.056077,0.0063524,-0.00123,0.0022379,-0.00083668,0.0087053,-0.0109,-0.010963,-0.0022866,0.00024729,-0.050754,0.0061752,0.0061752,0.0061752,-0.0049586,-0.0038559,-0.0011335,-0.012102,0.0058825,-0.0075958,-0.0046377,0.013045,-0.0060923,-0.0030777,-0.0065865,-0.011583,-0.012446,-0.0018418,0.0076087,-0.0067574,-0.00017168,-0.00084013,-0.0082149,0.0032077,-0.0084089,-0.00055039,-0.00015394,0.040705,-0.00056483,-0.00056483,-0.00056483,0.0056639,-0.018401,0.0010482,0.02237,-0.083742
-0.015398,-0.016046,-0.00030328,0.00051721,-0.0013972,-0.016696,3.7994e-06,-0.0036183,-0.016131,-0.00077599,0.0015677,-0.0014019,0.0012577,0.0022786,-0.0097915,-0.00063015,-0.0098235,0.0030941,-0.0017156,-0.00016487,-0.00016487,-0.00016487,-7.6726e-05,0.0032557,2.0329e-05,0.0080012,-0.0016212,0.0091721,0.010057,0.0032599,-0.0017533,-0.001407,0.011029,0.99767,-0.0013487,0.01078,0.0023473,-0.00097266,-0.00059377,-0.0013088,0.0016422,0.0030977,0.0027562,0.0012363,-0.00037731,0.0093806,-0.00081636,-0.00081636,-0.00081636,0.0010511,-9.3304e-05,-0.00024393,0.00067794,-0.00030426,-0.0002588,-0.0010285,-0.0026817,-0.0009963,0.00063472,0.0015522,0.0029494,0.0010841,-0.001648,-0.0015429,0.0013007,3.0945e-05,-0.0046838,0.0046803,-0.00064727,0.0047243,-0.0047539,-2.1311e-05,-0.0090212,0.00055243,0.00055243,0.00055243,-0.0016792,0.003594,0.0001598,-0.0038643,0.013788
-0.0089235,-0.0089367,-0.00094577,-0.00022685,-0.0015374,-0.0086992,0.0010372,-0.0029307,-0.0087634,0.0021071,-0.0065551,-0.00097877,-0.0065817,0.0035574,-0.0039787,-0.0010247,-0.0037528,0.0015006,-0.0019533,-0.0013155,-0.0013155,-0.0013155,-0.00016435,0.0023067,-3.9528e-05,0.012002,-0.0027123,0.0070241,0.0075907,0.0030224,-0.0010804,0.00039247,0.0082201,-0.0013487,0.99844,0.0083801,-0.0060665,0.0019628,-0.00014414,0.0022988,-0.0060349,6.3185e-05,0.00059351,-0.00087302,0.00046535,0.0082666,-0.0014765,-0.0014765,-0.0014765,0.00062181,0.0018139,-4.7963e-05,0.0037326,-0.0019073,0.0036116,0.0034653,-0.001693,0.0040383,0.00039267,0.00057591,0.00071048,0.0037038,0.0031733,-0.001051,0.00098926,3.0754e-05,0.007041,-0.0031161,-0.00044705,-0.0030961,0.00702,6.1818e-05,-0.0044158,-0.00053105,-0.00053105,-0.00053105,-2.7306e-05,0.0026795,9.2299e-05,-0.0045156,0.015929
0.071407,0.073405,0.0036145,-0.00092291,0.0084972,0.074875,-0.0028236,0.019028,0.073344,-0.0030499,0.013019,0.0068521,0.014026,-0.016168,0.039896,0.004673,0.039388,-0.013371,0.010632,0.0042166,0.0042166,0.0042166,0.00067748,-0.01607,0.00055796,-0.061103,0.01139,-0.047019,-0.051266,-0.017986,0.0083394,0.0031289,-0.056077,0.01078,0.0083801,0.94421,0.0092944,-0.002041,0.001902,-0.0017764,0.011514,-0.010553,-0.010852,-0.001918,9.6419e-05,-0.05022,0.0063597,0.0063597,0.0063597,-0.004763,-0.0043615,-0.0011716,-0.015267,0.0072108,-0.0089401,-0.0061311,0.012868,-0.0077812,-0.0030502,-0.0063097,-0.010858,-0.013611,-0.0033833,0.0073825,-0.0068003,-0.00016344,-0.0050056,-0.0051605,0.0031179,-0.0053452,-0.0047224,-0.0003409,0.039308,-0.00010432,-0.00010432,-0.00010432,0.0050285,-0.018217,0.001011,0.020306,-0.084809
0.016509,0.020603,-0.0064507,-0.0054156,-0.0053643,0.028142,0.010167,-0.0043998,0.023861,0.027823,-0.074672,-0.000792,-0.072934,0.022586,0.021154,-0.0060564,0.023627,-0.0049794,-0.0070879,-0.010862,-0.010862,-0.010862,-0.0011185,0.0017364,-0.0002975,0.03726,-0.021818,0.0079687,0.007564,0.0089777,0.0014716,0.012584,0.0063524,0.0023473,-0.0060665,0.0092944,0.92479,0.027831,0.00056029,0.034364,-0.06918,-0.026156,-0.018031,-0.020201,0.0084527,0.024044,-0.0099519,-0.0099519,-0.0099519,-4.1321e-05,0.020229,-0.00075055,0.011908,-0.0093833,0.03763,0.041749,0.0018788,0.047177,-0.00069676,-0.0047751,-0.012247,0.027451,0.043444,-0.0011889,6.1625e-05,0.00019059,0.099073,-0.057422,-0.00053044,-0.057494,0.099415,-0.00082194,0.015524,-0.0079732,-0.0079732,-0.0079732,0.0098167,0.0024571,0.00038784,-0.043163,0.067592
-0.0079607,-0.0093988,0.0015829,0.0017622,0.0015373,-0.013053,-0.0037628,0.001276,-0.011568,-0.012203,0.027482,0.00076629,0.026897,-0.011045,-0.0031731,0.0024099,-0.0041282,0.0010379,0.0019338,0.003078,0.003078,0.003078,0.00042681,-0.0013199,0.00013472,0.012948,0.013837,-0.0028328,-0.0025914,-0.0042283,-0.00097314,-0.0040561,-0.00123,-0.00097266,0.0019628,-0.002041,0.027831,0.98768,0.0017047,-0.01571,0.0246,0.015701,0.012067,0.010789,-0.0044624,-0.013878,0.0045253,0.0045253,0.0045253,-0.0007921,-0.009219,0.00018516,0.015278,-0.0036572,-0.014336,-0.016292,-0.0013767,-0.018311,0.00058715,0.001887,0.0041793,-0.0084666,-0.017353,0.0015189,0.00096687,-0.0001618,-0.03547,0.017085,0.00062077,0.017089,-0.035677,0.0018306,-0.0047632,0.002062,0.002062,0.002062,-0.0025932,-0.00091107,-0.00027997,0.039735,-0.027601
-0.0027999,-0.0030599,0.0006696,0.00037699,1.5782e-06,-0.0024102,2.0694e-05,-0.00075322,-0.0021539,0.0016521,0.00047325,-0.00087588,0.00032758,0.0033056,-0.0073634,-0.00036226,-0.00733,0.00169,0.00013491,0.00083447,0.00083447,0.00083447,-3.7478e-05,0.0016288,0.00022238,-0.02322,-0.006063,0.0026502,0.0028263,0.0018632,-0.0001104,-0.00097456,0.0022379,-0.00059377,-0.00014414,0.001902,0.00056029,0.0017047,0.99799,0.0025487,0.0013225,-0.0049074,-0.0043921,-0.002851,0.0011852,0.0076381,-0.0010727,-0.0010727,-0.0010727,0.0010903,0.0016752,0.00029762,-0.018685,0.0067411,0.0003886,0.00058047,-0.00014452,0.00061044,-0.00012768,0.00034032,0.0011988,-0.0012487,0.00081552,-0.0015008,-0.00056137,9.7318e-05,-0.0023599,0.0052927,-0.00060259,0.0053277,-0.002303,-0.0014744,-0.0036141,0.0010038,0.0010038,0.0010038,-0.0014828,0.0010825,-0.00015555,-0.024068,0.0067437
-0.010823,-0.012599,0.0017406,0.0021297,0.0017323,-0.017335,-0.0046344,0.0013528,-0.01551,-0.015528,0.033869,0.0010092,0.033151,-0.014181,-0.0031198,0.0029867,-0.004307,0.0011932,0.0021496,0.0035533,0.0035533,0.0035533,0.00052605,-0.0016737,-5.1479e-05,0.02282,0.018402,-0.0031258,-0.0027737,-0.0053118,-0.0013681,-0.0048991,-0.00083668,-0.0013088,0.0022988,-0.0017764,0.034364,-0.01571,0.0025487,0.97987,0.030112,0.020934,0.016292,0.014149,-0.0058385,-0.017976,0.0057511,0.0057511,0.0057511,-0.001136,-0.011785,0.00015216,0.023687,-0.0062706,-0.017768,-0.020311,-0.0019612,-0.022799,0.0008274,0.0024104,0.0051683,-0.009972,-0.021748,0.0020801,0.001482,-0.00022062,-0.043565,0.020189,0.00084548,0.02019,-0.043842,0.0026296,-0.0059544,0.0023412,0.0023412,0.0023412,-0.0029994,-0.00099151,-0.0001805,0.054648,-0.03413
0.011215,0.014911,-0.0064277,-0.005027,-0.0054746,0.021342,0.0094188,-0.0049937,0.017445,0.02469,-0.068921,-0.00079402,-0.067346,0.020092,0.019828,-0.0056587,0.022093,-0.0043632,-0.0072539,-0.010551,-0.010551,-0.010551,-0.0010457,0.0019529,-0.00040106,0.049117,-0.017754,0.0093324,0.0091847,0.0085509,0.00079342,0.011658,0.0087053,0.0016422,-0.0060349,0.011514,-0.06918,0.0246,0.0013225,0.030112,0.93577,-0.020673,-0.01352,-0.016853,0.0071056,0.021798,-0.0089794,-0.0089794,-0.0089794,-0.00021221,0.01788,-0.00075069,0.020705,-0.012208,0.034605,0.038053,0.00085638,0.043083,-0.00035481,-0.0040446,-0.010907,0.026472,0.039284,-0.00089739,0.00080517,0.00013873,0.091384,-0.054242,-0.00041943,-0.054311,0.091647,-2.6456e-05,0.012992,-0.007702,-0.007702,-0.007702,0.0092501,0.0030174,0.00054665,-0.029272,0.064207
0.024191,0.025844,0.00055614,-0.0014787,0.00081611,0.031362,0.0032561,0.0027882,0.029786,0.015186,-0.024859,-0.00041487,-0.024203,0.013121,0.0016965,-0.0018842,0.0026338,-0.001943,0.0012499,-0.00057632,-0.00057632,-0.00057632,-0.00032911,-0.00030568,0.00071485,-0.07345,-0.022472,-0.0058114,-0.0069839,0.0026818,0.0032621,0.0035021,-0.0109,0.0030977,6.3185e-05,-0.010553,-0.026156,0.015701,-0.0049074,0.020934,-0.020673,0.97125,-0.024009,-0.01727,0.006952,0.0141,-0.0049452,-0.0049452,-0.0049452,0.0014344,0.011646,-1.7288e-05,-0.054492,0.018163,0.013491,0.016749,0.0049461,0.018491,-0.0017441,-0.0032401,-0.0054706,0.0028884,0.019108,-0.0021949,-0.0040202,0.00030163,0.032353,-0.010288,-0.00084852,-0.010282,0.032759,-0.0047203,0.0099896,-0.00043343,-0.00043343,-0.00043343,0.0015673,-0.0023512,-0.00014347,-0.080124,0.017188
0.021468,0.02269,0.00099239,-0.00095965,0.0012188,0.027116,0.0021655,0.0030621,0.025984,0.011594,-0.016858,-0.00021851,-0.016377,0.009926,0.00062206,-0.0011981,0.001281,-0.0015808,0.0017552,0.00029415,0.00029415,0.00029415,-0.00020705,-0.00062055,0.0007334,-0.068998,-0.018394,-0.0064038,-0.0074827,0.0015198,0.0029287,0.0023029,-0.010963,0.0027562,0.00059351,-0.010852,-0.018031,0.012067,-0.0043921,0.016292,-0.01352,-0.024009,0.97966,-0.01405,0.0056241,0.010216,-0.0036379,-0.0036379,-0.0036379,0.0012157,0.0089395,2.1767e-05,-0.049678,0.016962,0.0093211,0.011986,0.004468,0.013143,-0.0015521,-0.0026525,-0.0041929,0.00049271,0.014013,-0.0017725,-0.0036892,0.00025379,0.021978,-0.0052977,-0.00067661,-0.0052906,0.022321,-0.0041616,0.0084045,0.00016128,0.00016128,0.00016128,0.00079367,-0.0025265,-0.00018557,-0.068257,0.0094796
0.010324,0.011398,-0.00032599,-0.0011281,-0.00040981,0.01491,0.0026695,0.00011697,0.013838,0.01056,-0.019664,-0.00070756,-0.019243,0.0098637,-0.00013218,-0.0017432,0.00058821,-0.00059507,-0.00040796,-0.0012876,-0.0012876,-0.0012876,-0.00029986,0.00092985,0.00017825,-0.035287,-0.014798,0.00013201,-0.00029431,0.0032026,0.0014228,0.0025981,-0.0022866,0.0012363,-0.00087302,-0.001918,-0.020201,0.010789,-0.002851,0.014149,-0.016853,-0.01727,-0.01405,0.98906,0.004465,0.012609,-0.003827,-0.003827,-0.003827,0.0011005,0.0081512,7.236e-05,-0.029049,0.0092017,0.0106,0.012532,0.0021207,0.013969,-0.00084167,-0.001749,-0.0032112,0.0042445,0.013804,-0.0017707,-0.0018463,0.00019266,0.024979,-0.0092031,-0.00070534,-0.0091934,0.025213,-0.0026967,0.0042212,-0.00075393,-0.00075393,-0.00075393,0.0012098,-4.5921e-05,-6.7976e-05,-0.049271,0.019299
-0.0033711,-0.0037909,0.00018522,0.00045624,0.00027691,-0.0052156,-0.0011366,0.00018782,-0.0047912,-0.0043812,0.0082779,0.0003724,0.0081159,-0.0042487,0.00050726,0.00077558,0.00020396,8.7987e-05,0.00030422,0.00059062,0.00059062,0.00059062,0.00013198,-0.00057561,-0.00023126,0.013606,0.0062027,-0.00063206,-0.0005089,-0.0015354,-0.00048165,-0.0010388,0.00024729,-0.00037731,0.00046535,9.6419e-05,0.0084527,-0.0044624,0.0011852,-0.0058385,0.0071056,0.006952,0.0056241,0.004465,0.99817,-0.0057813,0.0016511,0.0016511,0.0016511,-0.00050634,-0.0034046,-5.6299e-05,0.011649,-0.0036539,-0.0044819,-0.0052418,-0.00071223,-0.0058548,0.00030743,0.00064367,0.0011951,-0.0019323,-0.0057297,0.00081297,0.00067099,-8.0817e-05,-0.010382,0.0037684,0.00032608,0.0037623,-0.010474,0.001097,-0.0012681,0.00031692,0.00031692,0.00031692,-0.00044592,-0.0002045,0.00013709,0.0204,-0.0089862
