0,45,286.27,445.63,11.573,408.33,507.08,700.07,-29.845,146.51,2.1521e-14,1.9012e-14,1.8021e-14,1.3862e-14
1372.8,616.44,784.31,2145.3,67.303,897.11,572.18,867.27,291.74,1928,1.3361e-12,1.7025e-12,1.9857e-12,2.0457e-12
0.003331,-0.026212,-0.018272,0.0077045,-0.0065778,0.021655,-0.011309,-0.01445,-0.036105,-0.0090752,1.0161e-15,1.3131e-15,1.5138e-15,1.5749e-15
-0.026212,0.35365,0.36393,-0.013382,-0.051047,-0.23318,0.087916,-0.076961,0.15622,-0.01468,-4.7849e-18,7.1846e-17,6.7711e-17,1.1059e-16
-0.018272,0.36393,0.63969,0.18811,0.015819,-0.016545,-0.057164,0.0041051,0.02065,-0.24099,6.2938e-16,7.761e-16,9.6549e-16,9.5771e-16
0.0077045,-0.013382,0.18811,0.17983,0.01414,0.22181,0.025951,0.094554,-0.12725,-0.19145,-9.6248e-16,-1.2573e-15,-1.5008e-15,-1.5386e-15
-0.0065778,-0.051047,0.015819,0.01414,0.99489,-0.030621,0.0062767,-0.0093654,0.021255,-0.021626,5.3413e-17,7.574e-17,9.1268e-17,9.6124e-17
0.021655,-0.23318,-0.016545,0.22181,-0.030621,0.76667,0.023908,-0.069299,0.16404,-0.20335,5.6131e-16,7.6082e-16,9.2979e-16,9.5915e-16
-0.011309,0.087916,-0.057164,0.025951,0.0062767,0.023908,0.98709,0.0071942,-0.016714,0.0026761,5.0081e-17,5.456e-17,6.7297e-17,6.357e-17
-0.01445,-0.076961,0.0041051,0.094554,-0.0093654,-0.069299,0.0071942,0.97671,0.046011,-0.024442,1.8201e-16,2.4678e-16,2.9657e-16,3.0775e-16
-0.036105,0.15622,0.02065,-0.12725,0.021255,0.16404,-0.016714,0.046011,0.88198,0.17891,-3.793e-16,-5.1404e-16,-6.3322e-16,-6.5139e-16
-0.0090752,-0.01468,-0.24099,-0.19145,-0.021626,-0.20335,0.0026761,-0.024442,0.17891,0.21622,7.5869e-16,9.8748e-16,1.2557e-15,1.2635e-15
1.0161e-15,-4.7849e-18,6.2938e-16,-9.6248e-16,5.3413e-17,5.6131e-16,5.0081e-17,1.8201e-16,-3.793e-16,7.5869e-16,1,-4.4555e-30,-5.367e-30,-5.4919e-30
1.3131e-15,7.1846e-17,7.761e-16,-1.2573e-15,7.574e-17,7.6082e-16,5.456e-17,2.4678e-16,-5.1404e-16,9.8748e-16,-4.4555e-30,1,-6.9857e-30,-7.1529e-30
1.5138e-15,6.7711e-17,9.6549e-16,-1.5008e-15,9.1268e-17,9.2979e-16,6.7297e-17,2.9657e-16,-6.3322e-16,1.2557e-15,-5.367e-30,-6.9857e-30,1,-8.6206e-30
1.5749e-15,1.1059e-16,9.5771e-16,-1.5386e-15,9.6124e-17,9.5915e-16,6.357e-17,3.0775e-16,-6.5139e-16,1.2635e-15,-5.4919e-30,-7.1529e-30,-8.6206e-30,1
48.545,48.545,48.545,48.545,48.545,48.545,48.545,48.545,48.545,48.545,48.545,48.545,48.545,48.545
326.03,212.04,480,1275.7,32.762,652.33,548.79,762.77,110.44,684.91,4.5458e-13,5.4772e-13,5.8524e-13,6.1178e-13
1,1,1,1,1,1,1,1,1,1,1,1,1,1
