173.77,0.6629,0.78092,1.667,0.009578,0.359,0.67229,0.83118,0.47218,0.034768,0.22584,0.1351,0.27571
15.938,0.01875,0.25882,0.90284,0.0022883,0.21177,0.47376,0.66142,0.16438,0.0045474,0.14817,0.055596,0.047921
330.88,0.9697,0.95294,4.4589,0.03314,0.64438,0.86628,0.96253,0.67416,0.065241,0.3829,0.21257,0.4577
0.00028432,-0.018174,-0.085123,0.002283,-0.053801,-0.057308,-0.029921,-0.0011319,0.056138,0.093551,0.22141,0.13052,-0.095269
-0.018174,70.769,2.6464,-1.8125,0.024038,-10.329,143.23,-76.428,-66.095,-164.09,7.1083,-54.734,159.92
-0.085123,2.6464,61.127,-1.6639,22.951,-5.4239,46.614,-34.943,-29.508,-78.585,-49.197,10.032,5.7001
0.002283,-1.8125,-1.6639,1.555,10.648,-6.984,-12.229,0.39078,7.3752,-20.616,16.767,-1.1928,-2.5566
-0.053801,0.024038,22.951,10.648,9923.9,-302.9,110.4,-194.01,108.88,-94.726,-493.56,107.98,71.96
-0.057308,-10.329,-5.4239,-6.984,-302.9,3641,186.19,-3236.6,3122.4,455.31,-691.5,-75.106,1.3388
-0.029921,143.23,46.614,-12.229,110.4,186.19,2235,-1080.8,-1267,193.6,-553.87,-119.65,267.18
-0.0011319,-76.428,-34.943,0.39078,-194.01,-3236.6,-1080.8,4006.2,-2757.2,120.27,-96.954,52.809,-131.09
0.056138,-66.095,-29.508,7.3752,108.88,3122.4,-1267,-2757.2,4120.5,-335.07,594.57,127.85,-132.39
0.093551,-164.09,-78.585,-20.616,-94.726,455.31,193.6,120.27,-335.07,8128.3,-1720.7,-1885.4,-506.16
0.22141,7.1083,-49.197,16.767,-493.56,-691.5,-553.87,-96.954,594.57,-1720.7,2307.9,393.15,-81.325
0.13052,-54.734,10.032,-1.1928,107.98,-75.106,-119.65,52.809,127.85,-1885.4,393.15,1638.1,-363.57
-0.095269,159.92,5.7001,-2.5566,71.96,1.3388,267.18,-131.09,-132.39,-506.16,-81.325,-363.57,532.62
