150.38,0.54819,0.74627,1.2694,0.0076672,0.33673,0.70708,0.83678,0.50005,0.058014,0.24051,0.13826,0.41313
0.86957,0.20976,0.48235,0.21436,0.00015566,0.055477,0.47989,0.63248,0.24216,0.0027936,0.15331,0.031329,0.038654
357.65,0.97551,0.98431,4.2544,0.014291,0.55975,0.90695,1.0354,0.72483,0.36502,0.58612,0.27862,0.95312
0.00019823,-0.0094105,-0.044245,0.0059346,0.016287,-0.05442,-0.0080246,-0.027244,0.027113,0.22778,-0.12027,-0.079715,-0.070665
-0.0094105,37.254,-7.2773,2.5654,-20.894,55.639,1.9345,27.101,-28.499,66.65,-88.326,-63.309,34.065
-0.044245,-7.2773,73.375,-3.9103,43.506,4.5407,-13.225,6.9191,2.3783,-267.15,142.43,97.097,28.856
0.0059346,2.5654,-3.9103,2.9883,0.41857,6.2552,-32.238,14.176,7.9196,5.7519,-12.758,-5.1725,2.965
0.016287,-20.894,43.506,0.41857,9912.9,-266.46,294.67,-283.53,-17.084,114.4,-140.91,91.159,-18.793
-0.05442,55.639,4.5407,6.2552,-266.46,3733.1,-443.51,-2898.7,3368.3,111.52,-218.35,-544.4,174.47
-0.0080246,1.9345,-13.225,-32.238,294.67,-443.51,2369.1,-1345.9,-902.5,593.92,-157.56,396.41,-174.76
-0.027244,27.101,6.9191,14.176,-283.53,-2898.7,-1345.9,4244.5,-2856.7,-104.84,-71.041,-549.71,165.36
0.027113,-28.499,2.3783,7.9196,-17.084,3368.3,-902.5,-2856.7,3775,-216.37,147.29,-5.4335,-9.06
0.22778,66.65,-267.15,5.7519,114.4,111.52,593.92,-104.84,-216.37,3511.4,-2191.9,-1184.6,-192.84
-0.12027,-88.326,142.43,-12.758,-140.91,-218.35,-157.56,-71.041,147.29,-2191.9,1752.1,674.44,3.3739
-0.079715,-63.309,97.097,-5.1725,91.159,-544.4,396.41,-549.71,-5.4335,-1184.6,674.44,1513.9,-93.078
-0.070665,34.065,28.856,2.965,-18.793,174.47,-174.76,165.36,-9.06,-192.84,3.3739,-93.078,127.57
