0.22252,0.22147,-0.003965,0.20919,0.072106,0.017432,0.066042,0.081033,0.17829,0.045661,0.4235,0.80652,0.99575,0.067332,0.033985,0.051002,0.80471,0.42538,-0.37194,0.37309,0.37309,0.37309,1.1376e-05
0.17308,0.17289,-0.044161,0.16025,0.064801,0.0031052,0.043329,0.027822,0.062175,0.00013011,0.051938,0.45024,0.98749,0.021349,0.0027737,0.014399,0.44063,0.052626,-0.39766,0.33976,0.33976,0.33976,2.1624e-06
0.26364,0.26336,0.021039,0.25351,0.078403,0.046086,0.078432,0.15561,0.25105,0.12353,0.88432,0.99848,0.99977,0.15436,0.082854,0.098027,0.99786,0.89232,-0.32743,0.38636,0.38636,0.38636,3.2933e-05
961.47,-40.607,-18.419,-39.887,-8.0199,19.406,-26.857,1.0729,-27.308,101.11,46.44,15.325,-3.7181,17.287,35.361,-59.483,21.157,53.038,-13.757,-5.3154,-5.3154,-5.3154,-0.0065657
-40.607,956.17,-28.373,-43.51,-7.3757,30.96,-26,1.303,-29.241,96.956,45.944,14.199,-3.3443,9.3419,36.479,-64.766,20.452,52.092,-20.055,-5.168,-5.168,-5.168,0.00086519
-18.419,-28.373,871.46,-30.228,-0.47371,101.93,-10.184,-2.8178,-39.057,26.545,-75.057,-84.592,-2.0423,-11.124,-38.699,-40.244,-87.069,-71.333,-77.352,3.6506,3.6506,3.6506,0.043517
-39.887,-43.51,-30.228,956.41,-6.0153,34.196,-23.82,1.7319,-28.342,87.91,49.468,15.746,-2.873,3.6496,35.56,-64.741,22.071,54.908,-26.824,-1.7744,-1.7744,-1.7744,0.0049026
-8.0199,-7.3757,-0.47371,-6.0153,994.32,-3.452,-10.436,-0.88887,-7.8327,41.992,-6.2642,-7.1236,-1.9482,18.755,8.138,-8.677,-6.5851,-3.2111,21.81,-13.863,-13.863,-13.863,-0.01146
19.406,30.96,101.93,34.196,-3.452,878.39,-9.5935,-3.3818,20.375,42.261,15.334,26.452,-3.977,81.863,-18.056,47.069,22.5,20.358,28.18,18.322,18.322,18.322,-0.076935
-26.857,-26,-10.184,-23.82,-10.436,-9.5935,968.2,-4.4359,-24.116,120.32,-4.5231,-1.5104,-6.0161,54.725,6.9343,-38.791,0.25723,5.2345,-9.6119,-2.7239,-2.7239,-2.7239,-0.031655
1.0729,1.303,-2.8178,1.7319,-0.88887,-3.3818,-4.4359,990.62,7.2527,16.808,-54.212,34.841,-0.62065,5.9343,-4.4057,-11.074,35.422,-52.499,-9.0376,2.2591,2.2591,2.2591,-0.0075718
-27.308,-29.241,-39.057,-28.342,-7.8327,20.375,-24.116,7.2527,959.89,87.817,41.239,-73.025,-5.0839,39.992,-3.4368,-25.96,-73.585,48.579,-18.427,-2.9618,-2.9618,-2.9618,-0.0078594
101.11,96.956,26.545,87.91,41.992,42.261,120.32,16.808,87.817,541.09,18.41,-1.2512,22.531,-206.58,-38.649,144.13,-8.7102,-18.157,5.02,24.718,24.718,24.718,0.12341
46.44,45.944,-75.057,49.468,-6.2642,15.334,-4.5231,-54.212,41.239,18.41,552.48,62.169,-2.2624,34.295,-91.519,9.0439,53.555,-441.32,5.878,-26.039,-26.039,-26.039,-0.021837
15.325,14.199,-84.592,15.746,-7.1236,26.452,-1.5104,34.841,-73.025,-1.2512,62.169,636.77,-6.3301,83.128,-102.16,100.62,-383.22,66.557,26.266,-21.068,-21.068,-21.068,0.0024411
-3.7181,-3.3443,-2.0423,-2.873,-1.9482,-3.977,-6.0161,-0.62065,-5.0839,22.531,-2.2624,-6.3301,998.66,13.832,-2.7049,-3.9569,-6.6069,-0.22736,-2.8101,0.53427,0.53427,0.53427,-0.0075922
17.287,9.3419,-11.124,3.6496,18.755,81.863,54.725,5.9343,39.992,-206.58,34.295,83.128,13.832,836.01,50.881,-0.94004,90.359,14.153,10.653,-9.745,-9.745,-9.745,0.097908
35.361,36.479,-38.699,35.56,8.138,-18.056,6.9343,-4.4057,-3.4368,-38.649,-91.519,-102.16,-2.7049,50.881,887.76,59.76,-115.78,-88.904,-89.793,49.547,49.547,49.547,-0.014324
-59.483,-64.766,-40.244,-64.741,-8.677,47.069,-38.791,-11.074,-25.96,144.13,9.0439,100.62,-3.9569,-0.94004,59.76,880.89,112.91,18.06,-52.953,1.9647,1.9647,1.9647,0.0015321
21.157,20.452,-87.069,22.071,-6.5851,22.5,0.25723,35.422,-73.585,-8.7102,53.555,-383.22,-6.6069,90.359,-115.78,112.91,594.71,58.009,24.021,-18.638,-18.638,-18.638,0.000165
53.038,52.092,-71.333,54.908,-3.2111,20.358,5.2345,-52.499,48.579,-18.157,-441.32,66.557,-0.22736,14.153,-88.904,18.06,58.009,561.66,11.385,-26.912,-26.912,-26.912,-0.010451
-13.757,-20.055,-77.352,-26.824,21.81,28.18,-9.6119,-9.0376,-18.427,5.02,5.878,26.266,-2.8101,10.653,-89.793,-52.953,24.021,11.385,703.02,141.82,141.82,141.82,0.013636
-5.3154,-5.168,3.6506,-1.7744,-13.863,18.322,-2.7239,2.2591,-2.9618,24.718,-26.039,-21.068,0.53427,-9.745,49.547,1.9647,-18.638,-26.912,141.82,919.78,-80.224,-80.224,0.0041924
-5.3154,-5.168,3.6506,-1.7744,-13.863,18.322,-2.7239,2.2591,-2.9618,24.718,-26.039,-21.068,0.53427,-9.745,49.547,1.9647,-18.638,-26.912,141.82,-80.224,919.78,-80.224,0.0041924
-5.3154,-5.168,3.6506,-1.7744,-13.863,18.322,-2.7239,2.2591,-2.9618,24.718,-26.039,-21.068,0.53427,-9.745,49.547,1.9647,-18.638,-26.912,141.82,-80.224,-80.224,919.78,0.0041924
-0.0065657,0.00086519,0.043517,0.0049026,-0.01146,-0.076935,-0.031655,-0.0075718,-0.0078594,0.12341,-0.021837,0.0024411,-0.0075922,0.097908,-0.014324,0.0015321,0.000165,-0.010451,0.013636,0.0041924,0.0041924,0.0041924,1000
