624.96,540.27,739.22,669.51,34.189,649.07,797.53,1111,461.95,117.92
436.68,84.158,654.9,599.25,13.837,429.18,549.98,1027.9,31.897,39.089
952.62,904.76,823.53,734.43,75.594,1010,926.59,1194.9,629.55,217.57
0.57225,0.022714,0.24648,0.071781,-0.0065049,0.020384,0.24955,0.25015,0.22976,0.015823
0.022714,0.026471,-0.054085,0.073286,-0.0051032,-0.0023421,0.051074,0.0042315,0.006568,0.11936
0.24648,-0.054085,0.78481,-0.030419,-0.015657,-0.21031,-0.11166,-0.20806,0.0022426,-0.063529
0.071781,0.073286,-0.030419,0.98101,0.0035884,0.018053,-0.050147,-0.036403,-0.054456,-0.0057822
-0.0065049,-0.0051032,-0.015657,0.0035884,0.99472,-0.052983,0.012054,-0.013455,0.039528,-0.015052
0.020384,-0.0023421,-0.21031,0.018053,-0.052983,0.44742,0.069959,-0.19158,0.36101,-0.16588
0.24955,0.051074,-0.11166,-0.050147,0.012054,0.069959,0.83803,-0.12046,-0.19042,0.0073166
0.25015,0.0042315,-0.20806,-0.036403,-0.013455,-0.19158,-0.12046,0.79487,-0.01355,-0.065257
0.22976,0.006568,0.0022426,-0.054456,0.039528,0.36101,-0.19042,-0.01355,0.62544,0.10062
0.015823,0.11936,-0.063529,-0.0057822,-0.015052,-0.16588,0.0073166,-0.065257,0.10062,0.93503
34.103,34.103,34.103,34.103,34.103,34.103,34.103,34.103,34.103,34.103
