0,0,882.35,270.83,0.0076838,18.396,564.96,579.33,553.73,18.225,99.324,46.931,916.8
1328.1,71.111,996.08,1455.5,1.8085,223.64,1198.7,1228.3,1167,352.2,406.2,277.15,999.92
7.3769e-06,5.5873e-05,7.7788e-05,1.5468e-06,5.2408e-05,3.5144e-05,6.83e-05,-1.5855e-05,-5.1976e-05,-8.382e-07,1.5181e-05,-1.8206e-05,8.6785e-05
5.5873e-05,0.012992,0.0035658,0.00020469,-0.00056577,0.0015019,-0.0050748,0.0034503,0.001941,-0.0027277,0.0019623,0.0012015,0.0043612
7.7788e-05,0.0035658,0.0026631,1.1892e-05,-0.00057534,0.00099014,0.00018672,0.00043179,-0.00059666,-0.00058158,0.0003525,0.00024709,0.002935
1.5468e-06,0.00020469,1.1892e-05,2.1971e-05,6.5163e-05,9.1593e-05,-0.00018032,0.00014263,5.269e-05,-5.5871e-05,5.954e-05,-5.8035e-05,0.00023712
5.2408e-05,-0.00056577,-0.00057534,6.5163e-05,0.99455,-0.003035,0.00183,-0.0023423,0.00072773,0.0019719,-0.00085496,-0.0017118,0.0072237
3.5144e-05,0.0015019,0.00099014,9.1593e-05,-0.003035,0.33637,0.0032298,-0.3334,0.33023,0.00038153,-0.00017599,-0.001542,0.0080006
6.83e-05,-0.0050748,0.00018672,-0.00018032,0.00183,0.0032298,0.039506,-0.018237,-0.021466,0.005111,-0.002517,-0.0043819,0.0036098
-1.5855e-05,0.0034503,0.00043179,0.00014263,-0.0023423,-0.3334,-0.018237,0.34249,-0.3241,-0.0023487,0.0011709,0.0013784,0.0022629
-5.1976e-05,0.001941,-0.00059666,5.269e-05,0.00072773,0.33023,-0.021466,-0.3241,0.34567,-0.002726,0.0013551,0.0029028,-0.005747
-8.382e-07,-0.0027277,-0.00058158,-5.5871e-05,0.0019719,0.00038153,0.005111,-0.0023487,-0.002726,0.0045918,-0.0023856,-0.0036983,-0.00082293
1.5181e-05,0.0019623,0.0003525,5.954e-05,-0.00085496,-0.00017599,-0.002517,0.0011709,0.0013551,-0.0023856,0.0016436,0.0014394,0.00012343
-1.8206e-05,0.0012015,0.00024709,-5.8035e-05,-0.0017118,-0.001542,-0.0043819,0.0013784,0.0029028,-0.0036983,0.0014394,0.0045131,-0.0024311
8.6785e-05,0.0043612,0.002935,0.00023712,0.0072237,0.0080006,0.0036098,0.0022629,-0.005747,-0.00082293,0.00012343,-0.0024311,0.026722
81.355,81.355,81.355,81.355,81.355,81.355,81.355,81.355,81.355,81.355,81.355,81.355,81.355
509.43,11.377,959.7,716.6,0.16159,56.671,812.9,843.49,786.81,111.82,223.04,141.5,991.81
1,1,1,1,1,1,1,1,1,1,1,1,1
