709.18,707.59,835.78,603.58,22.068,536.54,883.92,1147.5,611,15.521,294.47,208.75,23.286
68.005,463.92,713.73,79.435,6.349,306.44,497.89,970.86,36.108,6.8816,199.01,159.25,3.5741
1239.3,939.91,949.02,1133.8,65.111,934.75,1192.2,1332.1,1025.7,28.811,511.08,238.03,39.12
0.011907,0.016447,0.0092436,0.011749,0.018906,-0.02104,-0.021901,-0.0041781,0.016867,0.022915,0.080828,-0.048939,-0.013029
0.016447,0.032636,-0.0068648,0.016118,0.034685,-0.030114,0.0126,-0.023371,0.0067383,0.050341,0.13109,-0.068481,0.060001
0.0092436,-0.0068648,0.046737,0.0087171,-0.0058305,-0.01258,-0.10108,0.031637,0.044225,-0.002022,0.018974,-0.039513,-0.16943
0.011749,0.016118,0.0087171,0.012778,0.011794,-0.023273,-0.021188,-0.0052476,0.018023,-0.0081291,0.090233,-0.048169,-0.0089027
0.018906,0.034685,-0.0058305,0.011794,0.99091,-0.031742,-0.030388,0.0004461,0.032178,-0.0050904,-0.046189,-0.03444,0.030685
-0.02104,-0.030114,-0.01258,-0.023273,-0.031742,0.38501,0.075644,-0.34138,0.27361,0.015395,-0.18818,0.020748,-0.021412
-0.021901,0.0126,-0.10108,-0.021188,-0.030388,0.075644,0.44117,-0.16933,-0.24505,-0.030402,-0.16033,-0.23467,0.23863
-0.0041781,-0.023371,0.031637,-0.0052476,0.0004461,-0.34138,-0.16933,0.41412,-0.24447,0.015379,-0.026939,0.16851,-0.080341
0.016867,0.0067383,0.044225,0.018023,0.032178,0.27361,-0.24505,-0.24447,0.48194,-2.341e-05,0.16119,0.14768,-0.05886
0.022915,0.050341,-0.002022,-0.0081291,-0.0050904,0.015395,-0.030402,0.015379,-2.341e-05,0.99395,-0.022702,-0.022335,0.020907
0.080828,0.13109,0.018974,0.090233,-0.046189,-0.18818,-0.16033,-0.026939,0.16119,-0.022702,0.7579,-0.1763,0.17065
-0.048939,-0.068481,-0.039513,-0.048169,-0.03444,0.020748,-0.23467,0.16851,0.14768,-0.022335,-0.1763,0.69595,0.24702
-0.013029,0.060001,-0.16943,-0.0089027,0.030685,-0.021412,0.23863,-0.080341,-0.05886,0.020907,0.17065,0.24702,0.73999
66.024,66.024,66.024,66.024,66.024,66.024,66.024,66.024,66.024,66.024,66.024,66.024,66.024
