163.71,0.51281,0.77941,0.00029481,0.12268,0.76891,0.82651,0.70382,0.69868,1.3286,0.16869,0.99457
86.027,0.2809,0.66667,0.00022325,0.096003,0.70878,0.77481,0.63334,0.48665,0.92037,0.14355,0.99076
281.25,0.876,0.98039,0.0003798,0.14522,0.83757,0.88389,0.77585,0.93203,1.842,0.2055,0.99779
0.0011314,-0.017065,0.31593,-0.00036344,-0.24601,0.26589,0.26665,0.51266,0.24172,-0.046369,0.29137,0.023846
-0.017065,410.37,-318.34,-0.021345,-68.274,85.269,82.801,151.08,-299.54,-5.6584,-28.247,4.0914
0.31593,-318.34,788.91,-0.03189,-37.944,65.694,60.406,98.35,-105.14,178.81,-21.561,2.986
-0.00036344,-0.021345,-0.03189,1000,-0.003034,0.013296,0.011152,0.014186,0.018544,0.094245,-0.0042998,0.00055168
-0.24601,-68.274,-37.944,-0.003034,992.06,10.416,10.021,17.957,-33.122,4.366,-3.445,0.49521
0.26589,85.269,65.694,0.013296,10.416,977.81,-19.845,-30.262,14.952,-90.348,7.2483,-0.98122
0.26665,82.801,60.406,0.011152,10.021,-19.845,982.09,-27.936,19.408,-72.024,6.4934,-0.8857
0.51266,151.08,98.35,0.014186,17.957,-30.262,-27.936,954.11,52.53,-76.389,9.9384,-1.3809
0.24172,-299.54,-105.14,0.018544,-33.122,14.952,19.408,52.53,766.17,-265.31,-5.244,0.95722
-0.046369,-5.6584,178.81,0.094245,4.366,-90.348,-72.024,-76.389,-265.31,156.5,28.996,-3.5645
0.29137,-28.247,-21.561,-0.0042998,-3.445,7.2483,6.4934,9.9384,-5.244,28.996,997.63,0.32105
0.023846,4.0914,2.986,0.00055168,0.49521,-0.98122,-0.8857,-1.3809,0.95722,-3.5645,0.32105,999.96
