173.77,0.6629,0.78092,1.667,0.009578,0.359,0.67229,0.83118,0.47218,0.034768,0.22584,0.1351,0.27571
15.938,0.01875,0.25882,0.90284,0.0022883,0.21177,0.47376,0.66142,0.16438,0.0045474,0.14817,0.055596,0.047921
330.88,0.9697,0.95294,4.4589,0.03314,0.64438,0.86628,0.96253,0.67416,0.065241,0.3829,0.21257,0.4577
0.00024829,-0.0056011,-0.075547,0.0016283,-0.0026021,-0.015989,0.013211,-0.0013092,0.014676,0.036589,0.077268,0.061812,-0.035771
-0.0056011,45.937,-0.93121,-1.5555,-1.1047,-6.646,31.645,-15.163,-8.517,-18.531,2.0091,-20.843,86.43
-0.075547,-0.93121,55.25,-1.4764,0.52239,-11.174,5.9227,-15.626,-4.4515,-13.486,-22.706,-2.3405,-4.6253
0.0016283,-1.5555,-1.4764,1.3749,1.1964,-2.2487,-3.3243,-1.5634,0.68531,-2.4151,3.54,-3.2466,-2.4359
-0.0026021,-1.1047,0.52239,1.1964,996.44,-33.785,2.55,-16.096,17.689,-2.5727,-28.389,5.9803,4.0075
-0.015989,-6.646,-11.174,-2.2487,-33.785,457.42,29.982,-260.63,281.95,12.48,-183.84,11.018,-3.0722
0.013211,31.645,5.9227,-3.3243,2.55,29.982,538.6,-254.15,-284.13,-0.10423,-43.811,6.7776,45.962
-0.0013092,-15.163,-15.626,-1.5634,-16.096,-260.63,-254.15,541.73,-197.64,5.5979,-77.476,15.091,-16.345
0.014676,-8.517,-4.4515,0.68531,17.689,281.95,-284.13,-197.64,520.41,-6.8826,106.37,4.0701,-13.271
0.036589,-18.531,-13.486,-2.4151,-2.5727,12.48,-0.10423,5.5979,-6.8826,932.63,-74.383,-122.53,-83.884
0.077268,2.0091,-22.706,3.54,-28.389,-183.84,-43.811,-77.476,106.37,-74.383,642.08,2.3114,-34.809
0.061812,-20.843,-2.3405,-3.2466,5.9803,11.018,6.7776,15.091,4.0701,-122.53,2.3114,556.26,-158.15
-0.035771,86.43,-4.6253,-2.4359,4.0075,-3.0722,45.962,-16.345,-13.271,-83.884,-34.809,-158.15,279.09
