209.01,0.67229,0.7902,0.0098551,0.37253,0.0040517,0.19846,0.086399,0.025927
66,0.39608,0.45882,0.0081961,0.33979,0.002038,0.18167,0.077093,0.0034084
321.5,0.88034,1,0.011284,0.38661,0.006078,0.21247,0.094324,0.04933
0.00010968,-0.028947,-0.02187,-0.0020447,-0.068143,-0.012849,-0.021607,0.03415,-0.08038
-0.028947,100.09,79.074,-6.022,26.426,11.732,-58.122,-52.019,123.19
-0.02187,79.074,85.011,-8.3171,-11.293,9.584,-82.688,-33.759,112.38
-0.0020447,-6.022,-8.3171,999.79,0.82734,0.16888,-2.0697,-0.8388,1.4288
-0.068143,26.426,-11.293,0.82734,874.19,-4.9786,8.028,-8.1547,-51.123
-0.012849,11.732,9.584,0.16888,-4.9786,999.52,1.661,0.68634,-5.3407
-0.021607,-58.122,-82.688,-2.0697,8.028,1.661,979.79,-8.1914,14.151
0.03415,-52.019,-33.759,-0.8388,-8.1547,0.68634,-8.1914,994.32,6.8194
-0.08038,123.19,112.38,1.4288,-51.123,-5.3407,14.151,6.8194,937.8
