163.96,0.53333,0.73154,0.0070968,0.31109,0.052399,0.23528,0.12636,0.4464
0.86957,0.17969,0.48235,2.0078e-05,0.025654,0.0027936,0.13627,0.031273,0.038654
357.65,0.97551,0.98431,0.014291,0.55975,0.36502,0.58612,0.27862,0.99753
0.00013709,0.00040539,-0.02683,-0.99574,0.025331,0.30928,-0.21412,-0.11175,-0.041632
0.00040539,37.907,-28.045,-2309.7,143.57,107.78,-86.773,-96.609,23.207
-0.02683,-28.045,102.29,4171.8,-181.22,-381.82,208.31,192.34,16.735
-0.99574,-2309.7,4171.8,6.8933e+05,-22932,-3310.2,-1694,5045.5,-645.44
0.025331,143.57,-181.22,-22932,1524.7,676.33,-456.44,-1122.1,211.95
0.30928,107.78,-381.82,-3310.2,676.33,4882.4,-3211.5,-2070.7,-239.2
-0.21412,-86.773,208.31,-1694,-456.44,-3211.5,2427.7,1279,100.4
-0.11175,-96.609,192.34,5045.5,-1122.1,-2070.7,1279,2038,-80.788
-0.041632,23.207,16.735,-645.44,211.95,-239.2,100.4,-80.788,101.72
