183.41,0.62884,0.75999,0.16011,0.081859,1.0801,0.94118,1.3625,0.28246,0.21193,0.94239,0.45159,0.059424
4.2581,0.018779,0.30196,0.029112,0.0078362,0.43561,0.37073,0.5803,-0.13891,0.019915,0.27554,0.075778,0.00065546
358.61,0.98312,0.99216,2.7029,0.21404,1.7473,1.2772,1.6795,0.89634,0.80101,1.6624,0.89087,0.31251
0.00013109,0.0027918,0.015905,-0.001649,-0.010128,-0.00082037,0.033609,-0.018459,-0.017635,0.010968,0.0015921,0.015937,0.0018768
0.0027918,18.264,-3.5866,-1.5377,2.5432,2.5321,-3.8381,3.317,0.78682,5.8516,0.017301,-1.9477,-2.2445
0.015905,-3.5866,39.323,4.9382,7.4238,0.067694,19.653,-10.492,-10.557,0.1137,0.84296,-9.2275,6.8156
-0.001649,-1.5377,4.9382,12.053,-1.579,1.0219,15.664,-4.973,-5.9939,5.4092,-2.2431,-9.9358,-9.5178
-0.010128,2.5432,7.4238,-1.579,745.6,-72.142,86.718,-75.69,-3.5511,-11.695,3.8672,-19.93,54.993
-0.00082037,2.5321,0.067694,1.0219,-72.142,350.76,-14.103,-316.9,332.34,7.5636,-0.85268,-23.204,-15.473
0.033609,-3.8381,19.653,15.664,86.718,-14.103,156.97,-80.408,-66.308,3.2418,-9.677,-8.2694,10.404
-0.018459,3.317,-10.492,-4.973,-75.69,-316.9,-80.408,386.02,-297.08,2.3294,2.4089,-7.6888,-18.693
-0.017635,0.78682,-10.557,-5.9939,-3.5511,332.34,-66.308,-297.08,370.58,-5.2413,3.2614,15.517,-3.2239
0.010968,5.8516,0.1137,5.4092,-11.695,7.5636,3.2418,2.3294,-5.2413,181.26,-44.357,-46.768,-143.39
0.0015921,0.017301,0.84296,-2.2431,3.8672,-0.85268,-9.677,2.4089,3.2614,-44.357,22.293,0.61035,35.742
0.015937,-1.9477,-9.2275,-9.9358,-19.93,-23.204,-8.2694,-7.6888,15.517,-46.768,0.61035,114.5,47.636
0.0018768,-2.2445,6.8156,-9.5178,54.993,-15.473,10.404,-18.693,-3.2239,-143.39,35.742,47.636,337.89
