0.68065,0.6791,-0.0056868,-0.3698,0.3396,0.3396,0.3396,0.22133
0.36498,0.35833,-0.091233,-0.48698,0.27173,0.27173,0.27173,9.3247e-06
1.4417,1.4402,0.084826,-0.23562,0.43343,0.43343,0.43343,1.2997
4967.7,-4915.1,120.73,31.833,-79.596,-79.596,-79.596,-50.317
-4915.1,4975.4,-248.06,121.62,68.222,68.222,68.222,-43.03
120.73,-248.06,2348.3,-1070.2,-307.43,-307.43,-307.43,94.124
31.833,121.62,-1070.2,954.87,-11.744,-11.744,-11.744,-118.27
-79.596,68.222,-307.43,-11.744,6810.3,-3189.7,-3189.7,15.218
-79.596,68.222,-307.43,-11.744,-3189.7,6810.3,-3189.7,15.218
-79.596,68.222,-307.43,-11.744,-3189.7,-3189.7,6810.3,15.218
-50.317,-43.03,94.124,-118.27,15.218,15.218,15.218,85.469
