199.71,0.64879,0.69837,0.67914,0.0088945,0.34957,0.97838,1.1472,0.79761,0.027151,0.23334,0.171,0.094333
19.355,0.14197,0.16471,0.23748,0.0061651,0.3024,0.81805,1.0116,0.64249,0.004264,0.15915,0.062401,0.00030432
349.2,0.97436,0.98431,3.3113,0.016259,0.43887,1.2901,1.4476,1.1176,0.06278,0.44816,0.25792,0.21244
0.000131,-0.00060188,-0.026476,0.00033984,-0.004978,0.014933,0.013936,0.0041935,-0.010745,0.022136,-0.014347,-0.040229,0.004006
-0.00060188,22.635,-0.35097,2.3751,-0.36172,-7.2756,0.96557,1.9147,9.1923,-7.3296,-7.9613,-14.475,24.82
-0.026476,-0.35097,27.542,0.80132,3.4426,-13.813,1.7737,-1.8567,11.958,-12.603,-4.7109,20.092,6.4087
0.00033984,2.3751,0.80132,1.9525,0.40115,-3.992,0.16264,-0.73996,3.2536,-0.98913,-1.1457,0.052681,1.5405
-0.004978,-0.36172,3.4426,0.40115,998.03,-11.658,-0.13467,-3.7658,7.8928,-0.0060647,-5.005,-7.6697,-4.0637
0.014933,-7.2756,-13.813,-3.992,-11.658,660.66,-43.187,-136.17,203.17,-37.152,-56.499,-96.555,-0.51805
0.013936,0.96557,1.7737,0.16264,-0.13467,-43.187,623.89,-312.67,-269.49,-5.4089,-37.345,-44.225,33.787
0.0041935,1.9147,-1.8567,-0.73996,-3.7658,-136.17,-312.67,613,-250.83,-20.806,-21.19,-35.885,-16.657
-0.010745,9.1923,11.958,3.2536,7.8928,203.17,-269.49,-250.83,546,16.342,35.299,60.674,-16.141
0.022136,-7.3296,-12.603,-0.98913,-0.0060647,-37.152,-5.4089,-20.806,16.342,943.43,-111.12,-44.098,-77.922
-0.014347,-7.9613,-4.7109,-1.1457,-5.005,-56.499,-37.345,-21.19,35.299,-111.12,371.35,-128.83,-3.2562
-0.040229,-14.475,20.092,0.052681,-7.6697,-96.555,-44.225,-35.885,60.674,-44.098,-128.83,558.33,-80.343
0.004006,24.82,6.4087,1.5405,-4.0637,-0.51805,33.787,-16.657,-16.141,-77.922,-3.2562,-80.343,300.07
