215.35,0.72034,0.7656,0.64492,0.00018788,0.058658,0.83818,0.86909,0.81043,0.1134,0.22745,0.14023,0.99238
36.17,0.096774,0.40784,0.27083,7.6838e-06,0.018396,0.56496,0.57933,0.55373,0.018225,0.11748,0.046931,0.91681
352.27,0.98246,0.99608,1.1763,0.0018085,0.22364,1.1987,1.2283,1.167,0.3522,0.4062,0.27715,0.99985
0.00011718,0.017045,0.016161,-3.7041e-05,-0.0047226,0.037647,-0.02824,0.034457,-0.0032579,-0.032264,0.1016,-0.12862,0.14583
0.017045,36.41,-3.0411,16.674,-1.7636,-30.434,-15.771,-5.2836,25.158,-36.806,20.457,6.2866,11.663
0.016161,-3.0411,70.723,-4.0244,0.0027943,91.655,40.173,20.518,-71.144,-71.464,96.871,-76.98,-48.769
-3.7041e-05,16.674,-4.0244,33.876,-0.66538,1.5999,-61.675,35.385,33.805,-88.787,59.415,30.361,45.644
-0.0047226,-1.7636,0.0027943,-0.66538,9999.1,-41.176,7.9924,-23.532,17.649,17.139,-11.446,0.58614,44.245
0.037647,-30.434,91.655,1.5999,-41.176,4221.1,350.67,-3068,2711,80.072,43.442,-612.87,1620.3
-0.02824,-15.771,40.173,-61.675,7.9924,350.67,5737.7,-2692.3,-3042.9,644.09,-298.85,-509.21,-350.17
0.034457,-5.2836,20.518,35.385,-23.532,-3068,-2692.3,4819.4,-2112.6,-244.55,155.19,-83.924,980.52
-0.0032579,25.158,-71.144,33.805,17.649,2711,-3042.9,-2112.6,5176.2,-324.66,111.78,528.95,-639.58
-0.032264,-36.806,-71.464,-88.787,17.139,80.072,644.09,-244.55,-324.66,2213.1,-1201.2,-1651.7,-464.63
0.1016,20.457,96.871,59.415,-11.446,43.442,-298.85,155.19,111.78,-1201.2,969.39,456.14,120.47
-0.12862,6.2866,-76.98,30.361,0.58614,-612.87,-509.21,-83.924,528.95,-1651.7,456.14,2434,-297.35
0.14583,11.663,-48.769,45.644,44.245,1620.3,-350.17,980.52,-639.58,-464.63,120.47,-297.35,6903.6
