700.91,729.5,800,846.96,0.66822,123.9,417.16,463.16,339.26,462.48,582.64,240.57,994.98
36.133,255.64,423.53,510.82,0.11843,71.521,287.55,313.49,230.66,171.64,307.27,176.14,983.25
1361,991.74,1000,1210.1,3.0437,276,549.13,628.83,415.26,685.34,875.79,280.99,999.57
1.6412e-05,-0.00011387,0.00019134,-0.00016546,5.1045e-05,-0.00025253,0.0013835,-0.0011867,-0.00093537,0.00026355,-8.5939e-05,0.0013789,0.0008767
-0.00011387,0.014337,-0.015293,0.0088282,0.00087754,-0.0021144,0.018828,0.014436,0.01655,-0.062191,0.049722,-0.079065,0.017728
0.00019134,-0.015293,0.017169,-0.0096794,0.00048539,0.00027222,-0.011089,-0.022057,-0.02233,0.055797,-0.04364,0.10103,-0.012423
-0.00016546,0.0088282,-0.0096794,0.0088181,-0.0015823,-0.0032364,0.0041202,0.016089,0.019328,-0.052176,0.041437,-0.041864,-0.040207
5.1045e-05,0.00087754,0.00048539,-0.0015823,0.99991,-0.006812,-0.0036417,-0.0048137,0.0019983,0.00039968,0.0011421,-0.0007658,0.00039194
-0.00025253,-0.0021144,0.00027222,-0.0032364,-0.006812,0.36381,-0.12943,-0.25785,0.37834,0.021757,-0.025869,-0.0015517,0.060036
0.0013835,0.018828,-0.011089,0.0041202,-0.0036417,-0.12943,0.63915,-0.36822,-0.23878,-0.055091,0.083107,-0.1024,-0.015545
-0.0011867,0.014436,-0.022057,0.016089,-0.0048137,-0.25785,-0.36822,0.59491,-0.14723,-0.076024,0.035777,-0.09555,-0.0017568
-0.00093537,0.01655,-0.02233,0.019328,0.0019983,0.37834,-0.23878,-0.14723,0.47443,-0.097781,0.061645,-0.093998,-0.061792
0.00026355,-0.062191,0.055797,-0.052176,0.00039968,0.021757,-0.055091,-0.076024,-0.097781,0.57413,-0.46323,-0.034783,-0.011912
-8.5939e-05,0.049722,-0.04364,0.041437,0.0011421,-0.025869,0.083107,0.035777,0.061645,-0.46323,0.37652,0.0361,0.0047195
0.0013789,-0.079065,0.10103,-0.041864,-0.0007658,-0.0015517,-0.1024,-0.09555,-0.093998,-0.034783,0.0361,0.94805,-0.0075642
0.0008767,0.017728,-0.012423,-0.040207,0.00039194,0.060036,-0.015545,-0.0017568,-0.061792,-0.011912,0.0047195,-0.0075642,0.98992
70.737,70.737,70.737,70.737,70.737,70.737,70.737,70.737,70.737,70.737,70.737,70.737,70.737
