172.31,0.65887,0.68392,0.72879,0.030902,0.59728,0.83265,1.0982,0.50096,0.11506
68.69,0.4125,0.58431,0.59674,0.013138,0.40147,0.58623,1.0114,-0.0053515,0.035213
297.67,0.8199,0.82745,0.85325,0.081375,1.0682,0.96016,1.2325,0.64326,0.18675
0.0095652,1.6519,6.8276,2.5167,0.33976,3.869,1.7913,3.3669,-0.50207,-2.9144
1.6519,2623.2,-298.31,-1942,182.95,2048.9,1602.8,2774.8,725.81,253.45
6.8276,-298.31,6036.5,3585,103.85,1992.9,432.93,1169.2,-823.67,-2012.1
2.5167,-1942,3585,5477.7,106.87,41.181,-897.2,-660.95,-702.17,2338.3
0.33976,182.95,103.85,106.87,9957.4,-404.27,187.02,4.5874,408.85,-52.533
3.869,2048.9,1992.9,41.181,-404.27,5871.6,1402.3,-429.33,3699,85.743
1.7913,1602.8,432.93,-897.2,187.02,1402.3,8061.3,-1356.2,-2758.4,764.49
3.3669,2774.8,1169.2,-660.95,4.5874,-429.33,-1356.2,8398,-1172.7,711.22
-0.50207,725.81,-823.67,-702.17,408.85,3699,-2758.4,-1172.7,5128.4,625.48
-2.9144,253.45,-2012.1,2338.3,-52.533,85.743,764.49,711.22,625.48,8700.2
