156.25,69.231,23.529,455.17,0.024517,31.127,368.47,399.52,310.86,12.394,103.16,30.099,955.32
1361.6,882.35,701.96,2601,0.61973,162.75,723.7,752.86,694.1,199.21,307.26,235.48,999.83
3.8195e-05,-2.7834e-05,-1.7775e-05,5.4863e-06,0.00010504,6.0846e-05,7.0719e-05,7.4024e-06,-5.3977e-05,-1.2486e-05,-4.6573e-05,-2.962e-05,0.00038244
-2.7834e-05,4.9764e-05,1.6666e-05,-2.9349e-06,0.00017022,-3.8654e-05,9.5644e-05,-6.8163e-05,-2.9344e-05,-4.2548e-05,8.8221e-05,3.8887e-05,-0.00016985
-1.7775e-05,1.6666e-05,7.4694e-05,-2.4277e-06,-0.00015887,-6.6473e-06,0.00032374,-0.00016755,-0.00016071,-0.00044447,0.00021666,0.00020145,-0.00015958
5.4863e-06,-2.9349e-06,-2.4277e-06,7.9667e-06,1.4812e-05,1.5943e-05,-0.00013828,7.1048e-05,5.526e-05,-7.8891e-05,2.7527e-05,3.126e-05,0.00010808
0.00010504,0.00017022,-0.00015887,1.4812e-05,0.99594,-0.0023294,-0.0015084,-0.00028377,0.0020397,0.0026094,-0.00044504,-0.0019447,0.0044911
6.0846e-05,-3.8654e-05,-6.6473e-06,1.5943e-05,-0.0023294,0.33471,0.0013112,-0.33319,0.3321,-0.00092471,2.1806e-07,-0.00014972,0.0034183
7.0719e-05,9.5644e-05,0.00032374,-0.00013828,-0.0015084,0.0013112,0.029413,-0.013284,-0.014605,-0.0055462,0.0017252,0.0015693,0.0075366
7.4024e-06,-6.8163e-05,-0.00016755,7.1048e-05,-0.00028377,-0.33319,-0.013284,0.3398,-0.327,0.0023785,-0.00092434,-0.0010208,-0.0012845
-5.3977e-05,-2.9344e-05,-0.00016071,5.526e-05,0.0020397,0.3321,-0.014605,-0.327,0.3409,0.0033082,-0.00092728,-0.00087296,-0.0046994
-1.2486e-05,-4.2548e-05,-0.00044447,-7.8891e-05,0.0026094,-0.00092471,-0.0055462,0.0023785,0.0033082,0.014817,-0.0048113,-0.0094896,-0.0016374
-4.6573e-05,8.8221e-05,0.00021666,2.7527e-05,-0.00044504,2.1806e-07,0.0017252,-0.00092434,-0.00092728,-0.0048113,0.0023775,0.0029159,-0.0012009
-2.962e-05,3.8887e-05,0.00020145,3.126e-05,-0.0019447,-0.00014972,0.0015693,-0.0010208,-0.00087296,-0.0094896,0.0029159,0.0072998,-0.0021541
0.00038244,-0.00016985,-0.00015958,0.00010808,0.0044911,0.0034183,0.0075366,-0.0012845,-0.0046994,-0.0016374,-0.0012009,-0.0021541,0.025967
86.139,86.139,86.139,86.139,86.139,86.139,86.139,86.139,86.139,86.139,86.139,86.139,86.139
943.68,379.41,278.79,1154.8,0.19247,78.512,456.04,487.35,408.84,98.262,231.75,127.43,991.2
1,1,1,1,1,1,1,1,1,1,1,1,1
