1.3477,1.2612,0.39546,-0.46869,0.96887,0.96887,0.96887,0.91814
0.5907,0.44361,-0.26924,-1.094,0.29861,0.29861,0.29861,0.0012977
2.9719,2.9437,0.6823,0.21791,1.2857,1.2857,1.2857,5.5663
405.24,-357.27,-59.059,-19.409,6.1091,6.1091,6.1091,-13.069
-357.27,347.04,60.661,13.511,-5.9199,-5.9199,-5.9199,-2.1278
-59.059,60.661,139.74,-40.411,-27.729,-27.729,-27.729,2.0802
-19.409,13.511,-40.411,22.567,7.6102,7.6102,7.6102,0.43668
6.1091,-5.9199,-27.729,7.6102,674.35,-325.65,-325.65,-0.67747
6.1091,-5.9199,-27.729,7.6102,-325.65,674.35,-325.65,-0.67747
6.1091,-5.9199,-27.729,7.6102,-325.65,-325.65,674.35,-0.67747
-13.069,-2.1278,2.0802,0.43668,-0.67747,-0.67747,-0.67747,7.4889
