0.29088,0.27826,-0.076907,0.090132,0.17923,0.21045,0.15428,0.11703,0.18983,0.17919,0.65898,0.38765,0.29857,0.36373,0.6639,0.91961,0.30214,0.17466,-0.22532,0.11316,0.11316,0.11316,0.0047602,-0.13285,-78.016,-0.12354,-0.28235
0.18349,0.18296,-0.13963,0.053777,0.10583,0.13991,0.066963,0.07827,0.040809,0.12541,0.029601,0.039775,0.17471,0.075901,0.042517,0.8353,0.17923,0.12164,-0.26629,0.008677,0.008677,0.008677,0.0027364,-0.14077,-172.13,-0.71076,-0.48235
0.36073,0.33261,-0.013833,0.11285,0.22548,0.25798,0.23199,0.16588,0.26492,0.2105,0.97864,0.99166,0.53529,0.84359,0.98169,0.96374,0.53616,0.21605,-0.18756,0.17692,0.17692,0.17692,0.0086362,-0.11705,99.831,0.19979,-0.13725
993.75,-5.8472,2.8137,-2.1524,-4.3304,-4.0396,-4.2555,2.5673,-9.5342,-3.6236,-40.169,36.927,14.965,28.884,-39.571,-5.3291,15.242,-3.9879,-1.3484,1.2222,1.2222,1.2222,-0.0022973,1.0125,-0.10474,-1.0551,10.335
-5.8472,994.53,2.6325,-2.0137,-4.0514,-3.7793,-3.9814,2.4019,-8.92,-3.3902,-37.581,34.548,14.001,27.023,-37.022,-4.9858,14.26,-3.731,-1.2615,1.1435,1.1435,1.1435,-0.002148,0.94727,-0.036142,-0.98734,9.6696
2.8137,2.6325,998.73,0.96904,1.9496,1.8187,1.9159,-1.1559,4.2924,1.6314,18.085,-16.625,-6.7372,-13.004,17.816,2.3992,-6.862,1.7954,0.607,-0.55036,-0.55036,-0.55036,0.0010381,-0.45584,0.22299,0.47443,-4.6529
-2.1524,-2.0137,0.96904,999.26,-1.4914,-1.3912,-1.4656,0.88417,-3.2836,-1.248,-13.834,12.717,5.1537,9.9476,-13.628,-1.8353,5.2492,-1.3734,-0.46438,0.42093,0.42093,0.42093,-0.00079103,0.3487,-0.028529,-0.3634,3.5595
-4.3304,-4.0514,1.9496,-1.4914,997,-2.799,-2.9486,1.7789,-6.6062,-2.5107,-27.833,25.586,10.369,20.013,-27.419,-3.6925,10.561,-2.7631,-0.93428,0.84687,0.84687,0.84687,-0.0015915,0.70155,-0.060485,-0.73111,7.1613
-4.0396,-3.7793,1.8187,-1.3912,-2.799,997.39,-2.7506,1.6594,-6.1625,-2.3421,-25.963,23.868,9.6724,18.669,-25.577,-3.4445,9.8516,-2.5776,-0.87152,0.79,0.79,0.79,-0.0014852,0.65443,-0.081083,-0.68193,6.6803
-4.2555,-3.9814,1.9159,-1.4656,-2.9486,-2.7506,997.1,1.7481,-6.4919,-2.4673,-27.351,25.144,10.189,19.667,-26.944,-3.6286,10.378,-2.7153,-0.91807,0.83232,0.83232,0.83232,-0.001568,0.68941,-0.24081,-0.71786,7.0372
2.5673,2.4019,-1.1559,0.88417,1.7789,1.6594,1.7481,998.95,3.9165,1.4885,16.501,-15.169,-6.1472,-11.865,16.255,2.1891,-6.2611,1.6381,0.55387,-0.5021,-0.5021,-0.5021,0.00094494,-0.41592,0.09962,0.43323,-4.2455
-9.5342,-8.92,4.2924,-3.2836,-6.6062,-6.1625,-6.4919,3.9165,985.46,-5.5279,-61.279,56.333,22.829,44.064,-60.367,-8.1297,23.252,-6.0836,-2.057,1.8645,1.8645,1.8645,-0.0035008,1.5446,0.017155,-1.6102,15.767
-3.6236,-3.3902,1.6314,-1.248,-2.5107,-2.3421,-2.4673,1.4885,-5.5279,997.9,-23.29,21.41,8.6764,16.747,-22.943,-3.0898,8.8371,-2.3122,-0.78181,0.70859,0.70859,0.70859,-0.0013298,0.58704,0.040608,-0.61209,5.9925
-40.169,-37.581,18.085,-13.834,-27.833,-25.963,-27.351,16.501,-61.279,-23.29,741.82,237.34,96.181,185.65,-254.34,-34.251,97.963,-25.631,-8.6666,7.8552,7.8552,7.8552,-0.01475,6.5076,0.053784,-6.7839,66.429
36.927,34.548,-16.625,12.717,25.586,23.868,25.144,-15.169,56.333,21.41,237.34,781.82,-88.418,-170.66,233.81,31.487,-90.056,23.562,7.967,-7.2214,-7.2214,-7.2214,0.013566,-5.9823,0.25426,6.2353,-61.067
14.965,14.001,-6.7372,5.1537,10.369,9.6724,10.189,-6.1472,22.829,8.6764,96.181,-88.418,964.17,-69.161,94.75,12.76,-36.495,9.5486,3.2286,-2.9264,-2.9264,-2.9264,0.0054955,-2.4243,0.0068272,2.5272,-24.747
28.884,27.023,-13.004,9.9476,20.013,18.669,19.667,-11.865,44.064,16.747,185.65,-170.66,-69.161,866.51,182.88,24.629,-70.442,18.43,6.2317,-5.6486,-5.6486,-5.6486,0.010613,-4.6794,0.28729,4.877,-47.766
-39.571,-37.022,17.816,-13.628,-27.419,-25.577,-26.944,16.255,-60.367,-22.943,-254.34,233.81,94.75,182.88,749.45,-33.742,96.506,-25.25,-8.5376,7.7384,7.7384,7.7384,-0.014531,6.4108,0.036751,-6.6829,65.441
-5.3291,-4.9858,2.3992,-1.8353,-3.6925,-3.4445,-3.6286,2.1891,-8.1297,-3.0898,-34.251,31.487,12.76,24.629,-33.742,995.46,12.996,-3.4004,-1.1498,1.0421,1.0421,1.0421,-0.001957,0.86334,-0.0025559,-0.89996,8.8129
15.242,14.26,-6.862,5.2492,10.561,9.8516,10.378,-6.2611,23.252,8.8371,97.963,-90.056,-36.495,-70.442,96.506,12.996,962.83,9.7255,3.2885,-2.9806,-2.9806,-2.9806,0.0055955,-2.4692,-0.077649,2.5743,-25.206
-3.9879,-3.731,1.7954,-1.3734,-2.7631,-2.5776,-2.7153,1.6381,-6.0836,-2.3122,-25.631,23.562,9.5486,18.43,-25.25,-3.4004,9.7255,997.46,-0.86043,0.77979,0.77979,0.77979,-0.0014619,0.64606,0.1184,-0.67387,6.5951
-1.3484,-1.2615,0.607,-0.46438,-0.93428,-0.87152,-0.91807,0.55387,-2.057,-0.78181,-8.6666,7.967,3.2286,6.2317,-8.5376,-1.1498,3.2885,-0.86043,999.71,0.26353,0.26353,0.26353,-0.00048882,0.21845,0.29253,-0.2287,2.2303
1.2222,1.1435,-0.55036,0.42093,0.84687,0.79,0.83232,-0.5021,1.8645,0.70859,7.8552,-7.2214,-2.9264,-5.6486,7.7384,1.0421,-2.9806,0.77979,0.26353,999.76,-0.23929,-0.23929,0.00046034,-0.198,0.53114,0.20462,-2.0205
1.2222,1.1435,-0.55036,0.42093,0.84687,0.79,0.83232,-0.5021,1.8645,0.70859,7.8552,-7.2214,-2.9264,-5.6486,7.7384,1.0421,-2.9806,0.77979,0.26353,-0.23929,999.76,-0.23929,0.00046034,-0.198,0.53114,0.20462,-2.0205
1.2222,1.1435,-0.55036,0.42093,0.84687,0.79,0.83232,-0.5021,1.8645,0.70859,7.8552,-7.2214,-2.9264,-5.6486,7.7384,1.0421,-2.9806,0.77979,0.26353,-0.23929,-0.23929,999.76,0.00046034,-0.198,0.53114,0.20462,-2.0205
-0.0022973,-0.002148,0.0010381,-0.00079103,-0.0015915,-0.0014852,-0.001568,0.00094494,-0.0035008,-0.0013298,-0.01475,0.013566,0.0054955,0.010613,-0.014531,-0.001957,0.0055955,-0.0014619,-0.00048882,0.00046034,0.00046034,0.00046034,1000,0.00037177,-0.021688,-0.00031493,0.0037674
1.0125,0.94727,-0.45584,0.3487,0.70155,0.65443,0.68941,-0.41592,1.5446,0.58704,6.5076,-5.9823,-2.4243,-4.6794,6.4108,0.86334,-2.4692,0.64606,0.21845,-0.198,-0.198,-0.198,0.00037177,999.84,-0.0021185,0.171,-1.6744
-0.10474,-0.036142,0.22299,-0.028529,-0.060485,-0.081083,-0.24081,0.09962,0.017155,0.040608,0.053784,0.25426,0.0068272,0.28729,0.036751,-0.0025559,-0.077649,0.1184,0.29253,0.53114,0.53114,0.53114,-0.021688,-0.0021185,0.014198,3.3505,-1.2921
-1.0551,-0.98734,0.47443,-0.3634,-0.73111,-0.68193,-0.71786,0.43323,-1.6102,-0.61209,-6.7839,6.2353,2.5272,4.877,-6.6829,-0.89996,2.5743,-0.67387,-0.2287,0.20462,0.20462,0.20462,-0.00031493,0.171,3.3505,999.81,1.7498
10.335,9.6696,-4.6529,3.5595,7.1613,6.6803,7.0372,-4.2455,15.767,5.9925,66.429,-61.067,-24.747,-47.766,65.441,8.8129,-25.206,6.5951,2.2303,-2.0205,-2.0205,-2.0205,0.0037674,-1.6744,-1.2921,1.7498,982.91
