1.5428,1.4658,0.32825,-0.4416,0.98935,0.98935,0.98935,1.4879
0.66424,0.58524,-0.28231,-0.93154,0.072711,0.072711,0.072711,1.7933e-05
3.153,3.1506,0.57795,-0.040766,1.405,1.405,1.405,6.0351
320.65,-291.84,15.596,-32.262,-6.8824,-6.8824,-6.8824,-6.8344
-291.84,296.77,28.82,-2.286,3.1316,3.1316,3.1316,-7.0029
15.596,28.82,167.54,-101.91,-19.58,-19.58,-19.58,-18.995
-32.262,-2.286,-101.91,77.372,11.743,11.743,11.743,15.306
-6.8824,3.1316,-19.58,11.743,669.85,-330.15,-330.15,1.4882
-6.8824,3.1316,-19.58,11.743,-330.15,669.85,-330.15,1.4882
-6.8824,3.1316,-19.58,11.743,-330.15,-330.15,669.85,1.4882
-6.8344,-7.0029,-18.995,15.306,1.4882,1.4882,1.4882,6.0608
