462.59,408.56,213.55,281.92,311.07,120.59,180.57,354.07,164.2,457.09,779.72,221.62,767.44,442.03,217.55,219.43,217.99,817.29,-73.647,515,515,515,0.22004,-226.96,6384.3,-30.653,-1.7429
348.49,303.6,158.53,225.79,24.584,1.1182,131.13,144.99,1.6212,316.28,165.58,7.6238,237.03,246.2,4.6116,6.6361,1.4389,150.24,-152.02,334.35,334.35,334.35,0.0080121,-394.49,-6666.7,-108.33,-66.667
684.84,626.19,336.04,411.16,500.88,352.28,304.51,500.58,543.47,584.39,943.66,842.19,948.54,915.72,853.12,824.94,728.36,999.96,-33.828,757.59,757.59,757.59,0.49697,-161.72,28636,35.422,125.49
0.85718,-0.15314,-0.0058569,-0.11719,-0.088044,0.0040858,-0.020137,-0.14139,0.02753,-0.011365,0.023893,-0.015984,0.017631,0.025429,-0.022763,0.002536,-0.049839,0.020847,0.051085,-0.074528,-0.074528,-0.074528,0.00069788,0.049217,0.00058063,-0.068823,-0.15617
-0.15314,0.81957,0.026605,-0.14176,-0.083385,0.014596,0.010799,-0.14826,0.011795,-0.022305,0.034061,-0.019059,0.036093,0.017133,0.011361,0.038127,-0.042732,0.058963,0.075198,-0.042427,-0.042427,-0.042427,0.00079948,0.057855,0.00092574,-0.039049,-0.21832
-0.0058569,0.026605,0.93202,0.027566,-0.02826,-0.029716,-0.060272,-0.010677,0.025203,0.0095389,-0.019216,0.0028236,-0.036749,0.019047,-0.07754,-0.058817,-0.033965,-0.072507,-0.044071,-0.076407,-0.076407,-0.076407,-0.00013749,-0.0008236,-0.00024682,-0.089343,0.10134
-0.11719,-0.14176,0.027566,0.8464,-0.013532,0.0176,0.020236,-0.1212,0.052968,0.074511,0.014667,-0.045149,0.00095293,0.095009,0.0067776,0.019054,-0.063261,0.041844,0.03018,0.028891,0.028891,0.028891,0.00098158,0.084375,-0.00015892,-0.088429,-0.18828
-0.088044,-0.083385,-0.02826,-0.013532,0.8261,0.01023,-0.015635,-0.089491,-0.061188,-0.13414,-0.089675,0.12631,-0.038139,0.019976,-0.055867,0.10539,-0.018193,0.0039434,0.059807,-0.13206,-0.13206,-0.13206,-0.0002883,-0.0051393,0.00079861,0.027913,-0.026991
0.0040858,0.014596,-0.029716,0.0176,0.01023,0.87871,0.027219,0.035981,-0.099477,-0.099689,0.05799,-0.078867,0.03294,-0.10529,-0.051484,0.017998,-0.096343,0.0046619,-0.061536,-0.0030491,-0.0030491,-0.0030491,-0.00056329,0.059492,0.0016435,-0.19139,0.071099
-0.020137,0.010799,-0.060272,0.020236,-0.015635,0.027219,0.88869,-0.044547,0.10299,0.07856,0.022374,-0.036142,-0.024074,-0.00078957,-0.025112,-0.13038,0.017522,-0.12609,-0.016503,-0.10438,-0.10438,-0.10438,0.00038354,-0.055255,0.00047574,0.025887,0.041124
-0.14139,-0.14826,-0.010677,-0.1212,-0.089491,0.035981,-0.044547,0.8269,0.085324,0.035499,-0.0081669,-0.003881,-0.045606,0.038848,0.030781,0.045202,-0.025191,-0.094396,0.039709,-0.074218,-0.074218,-0.074218,0.00091406,0.029305,0.0010688,-0.051497,-0.16909
0.02753,0.011795,0.025203,0.052968,-0.061188,-0.099477,0.10299,0.085324,0.64993,-0.21071,-0.030821,-0.10581,0.019894,-0.067361,-0.10261,0.16621,-0.23663,0.12067,-0.020488,0.0018508,0.0018508,0.0018508,-0.0013092,0.030139,-0.00016659,0.1353,0.040177
-0.011365,-0.022305,0.0095389,0.074511,-0.13414,-0.099689,0.07856,0.035499,-0.21071,0.65091,0.012164,0.12055,0.078774,-0.23058,0.0054346,0.1805,0.030785,0.098793,0.056253,-0.073238,-0.073238,-0.073238,-0.0014084,0.0012822,0.00093919,-0.055999,0.03648
0.023893,0.034061,-0.019216,0.014667,-0.089675,0.05799,0.022374,-0.0081669,-0.030821,0.012164,0.75371,0.19213,-0.17478,0.2324,-0.067894,0.17564,-0.034199,-0.035622,-0.011262,0.0040558,0.0040558,0.0040558,-0.00044026,0.0096553,0.00019385,0.057476,0.085188
-0.015984,-0.019059,0.0028236,-0.045149,0.12631,-0.078867,-0.036142,-0.003881,-0.10581,0.12055,0.19213,0.52419,0.03835,-0.11872,-0.0073279,-0.1115,-0.29377,-0.12723,-0.10662,0.023135,0.023135,0.023135,0.00060535,0.017201,-0.0010267,0.091635,-0.091413
0.017631,0.036093,-0.036749,0.00095293,-0.038139,0.03294,-0.024074,-0.045606,0.019894,0.078774,-0.17478,0.03835,0.78698,0.13786,0.0094457,0.17393,-0.080272,-0.23733,-0.073892,0.0049019,0.0049019,0.0049019,-4.3238e-05,0.0024851,0.00014424,0.0071268,0.056115
0.025429,0.017133,0.019047,0.095009,0.019976,-0.10529,-0.00078957,0.038848,-0.067361,-0.23058,0.2324,-0.11872,0.13786,0.52496,0.19422,0.040409,0.10899,-0.12676,0.0079771,-0.045289,-0.045289,-0.045289,-0.00064549,-0.071756,0.00061048,-0.045239,-0.022226
-0.022763,0.011361,-0.07754,0.0067776,-0.055867,-0.051484,-0.025112,0.030781,-0.10261,0.0054346,-0.067894,-0.0073279,0.0094457,0.19422,0.71039,-0.14805,-0.1834,0.17811,-0.035261,-0.087659,-0.087659,-0.087659,-0.0003982,0.056673,0.001816,-0.048057,0.14675
0.002536,0.038127,-0.058817,0.019054,0.10539,0.017998,-0.13038,0.045202,0.16621,0.1805,0.17564,-0.1115,0.17393,0.040409,-0.14805,0.5103,0.059354,0.15865,0.0063531,-0.080877,-0.080877,-0.080877,0.00079955,-0.044792,0.0014552,0.0037182,0.080039
-0.049839,-0.042732,-0.033965,-0.063261,-0.018193,-0.096343,0.017522,-0.025191,-0.23663,0.030785,-0.034199,-0.29377,-0.080272,0.10899,-0.1834,0.059354,0.57748,-0.03381,-0.11183,-0.012631,-0.012631,-0.012631,-0.00012621,0.096317,-0.00025499,0.024688,-0.0059508
0.020847,0.058963,-0.072507,0.041844,0.0039434,0.0046619,-0.12609,-0.094396,0.12067,0.098793,-0.035622,-0.12723,-0.23733,-0.12676,0.17811,0.15865,-0.03381,0.42162,-0.13301,-0.057968,-0.057968,-0.057968,0.00028218,-0.074008,0.0012207,-0.02961,0.041357
0.051085,0.075198,-0.044071,0.03018,0.059807,-0.061536,-0.016503,0.039709,-0.020488,0.056253,-0.011262,-0.10662,-0.073892,0.0079771,-0.035261,0.0063531,-0.11183,-0.13301,0.88838,0.028103,0.028103,0.028103,-0.00023055,0.026874,0.0007091,-0.10488,0.11227
-0.074528,-0.042427,-0.076407,0.028891,-0.13206,-0.0030491,-0.10438,-0.074218,0.0018508,-0.073238,0.0040558,0.023135,0.0049019,-0.045289,-0.087659,-0.080877,-0.012631,-0.057968,0.028103,0.79919,-0.20081,-0.20081,-9.0188e-05,-0.052614,-0.0013412,0.033619,0.038513
-0.074528,-0.042427,-0.076407,0.028891,-0.13206,-0.0030491,-0.10438,-0.074218,0.0018508,-0.073238,0.0040558,0.023135,0.0049019,-0.045289,-0.087659,-0.080877,-0.012631,-0.057968,0.028103,-0.20081,0.79919,-0.20081,-9.0188e-05,-0.052614,-0.0013412,0.033619,0.038513
-0.074528,-0.042427,-0.076407,0.028891,-0.13206,-0.0030491,-0.10438,-0.074218,0.0018508,-0.073238,0.0040558,0.023135,0.0049019,-0.045289,-0.087659,-0.080877,-0.012631,-0.057968,0.028103,-0.20081,-0.20081,0.79919,-9.0188e-05,-0.052614,-0.0013412,0.033619,0.038513
0.00069788,0.00079948,-0.00013749,0.00098158,-0.0002883,-0.00056329,0.00038354,0.00091406,-0.0013092,-0.0014084,-0.00044026,0.00060535,-4.3238e-05,-0.00064549,-0.0003982,0.00079955,-0.00012621,0.00028218,-0.00023055,-9.0188e-05,-9.0188e-05,-9.0188e-05,0.99999,-0.0001291,4.069e-06,-7.2482e-06,0.0013775
0.049217,0.057855,-0.0008236,0.084375,-0.0051393,0.059492,-0.055255,0.029305,0.030139,0.0012822,0.0096553,0.017201,0.0024851,-0.071756,0.056673,-0.044792,0.096317,-0.074008,0.026874,-0.052614,-0.052614,-0.052614,-0.0001291,0.88786,0.00059418,0.20536,0.03651
0.00058063,0.00092574,-0.00024682,-0.00015892,0.00079861,0.0016435,0.00047574,0.0010688,-0.00016659,0.00093919,0.00019385,-0.0010267,0.00014424,0.00061048,0.001816,0.0014552,-0.00025499,0.0012207,0.0007091,-0.0013412,-0.0013412,-0.0013412,4.069e-06,0.00059418,2.2608e-05,-0.00096915,0.00017638
-0.068823,-0.039049,-0.089343,-0.088429,0.027913,-0.19139,0.025887,-0.051497,0.1353,-0.055999,0.057476,0.091635,0.0071268,-0.045239,-0.048057,0.0037182,0.024688,-0.02961,-0.10488,0.033619,0.033619,0.033619,-7.2482e-06,0.20536,-0.00096915,0.2177,0.098278
-0.15617,-0.21832,0.10134,-0.18828,-0.026991,0.071099,0.041124,-0.16909,0.040177,0.03648,0.085188,-0.091413,0.056115,-0.022226,0.14675,0.080039,-0.0059508,0.041357,0.11227,0.038513,0.038513,0.038513,0.0013775,0.03651,0.00017638,0.098278,0.62664
85.666,85.666,85.666,85.666,85.666,85.666,85.666,85.666,85.666,85.666,85.666,85.666,85.666,85.666,85.666,85.666,85.666,85.666,85.666,85.666,85.666,85.666,85.666,85.666,85.666,85.666,85.666
