0.94697,0.93276,-0.1219,-0.40973,0.38205,0.38205,0.38205,0.10303
0.87526,0.8746,-0.22678,-0.43666,0.13886,0.13886,0.13886,0.070112
0.99274,0.97757,0.033987,-0.37728,0.84311,0.84311,0.84311,0.16821
8713.7,-1817.8,-2090.9,1207.8,568.34,568.34,568.34,294.38
-1817.8,7401.6,-3139.9,1730.6,511.67,511.67,511.67,382.93
-2090.9,-3139.9,5434.2,2112.7,-915.42,-915.42,-915.42,269.65
1207.8,1730.6,2112.7,8846.8,-298.22,-298.22,-298.22,-249.68
568.34,511.67,-915.42,-298.22,6850.1,-3149.9,-3149.9,-459.27
568.34,511.67,-915.42,-298.22,-3149.9,6850.1,-3149.9,-459.27
568.34,511.67,-915.42,-298.22,-3149.9,-3149.9,6850.1,-459.27
294.38,382.93,269.65,-249.68,-459.27,-459.27,-459.27,9895.2
