133.72,0.58258,0.78039,0.080975,0.091667,1.1804,0.91179,1.4708,0.29037,0.079069
1.8653,0.25301,0.65098,0.062559,0.044432,0.87953,0.63594,1.3469,0.014941,0.05374
324.29,0.8178,0.92549,0.09755,0.15529,1.5142,1.0958,1.5363,0.46736,0.10553
0.0043967,1.7397,0.75867,-0.034214,0.0020896,-0.29109,-0.65188,-0.45647,-0.1654,-0.11423
1.7397,999.77,-1.7615,0.54314,1.8556,10.254,-6.9415,2.4889,-7.7646,-0.54399
0.75867,-1.7615,986.41,4.1918,14.323,79.138,-53.586,19.205,-59.933,-4.2002
-0.034214,0.54314,4.1918,998.71,-4.4191,-24.417,16.533,-5.9253,18.492,1.2959
0.0020896,1.8556,14.323,-4.4191,984.9,-83.43,56.493,-20.246,63.184,4.4281
-0.29109,10.254,79.138,-24.417,-83.43,539.02,312.14,-111.87,349.11,24.467
-0.65188,-6.9415,-53.586,16.533,56.493,312.14,788.64,75.747,-236.39,-16.567
-0.45647,2.4889,19.205,-5.9253,-20.246,-111.87,75.747,972.85,84.719,5.9373
-0.1654,-7.7646,-59.933,18.492,63.184,349.11,-236.39,84.719,735.61,-18.529
-0.11423,-0.54399,-4.2002,1.2959,4.4281,24.467,-16.567,5.9373,-18.529,998.7
