820.15,820.07,-316.15,-804.73,209.99,209.99,209.99,44.305,-536.76
1217.9,1215.5,76.339,-229.29,517.24,517.24,517.24,419.42,-189.75
0.6815,-0.29777,0.047711,-0.11062,0.0063601,0.0063601,0.0063601,-0.24155,0.23538
-0.29777,0.71628,0.011198,-0.14075,-0.018208,-0.018208,-0.018208,-0.23924,0.19075
0.047711,0.011198,0.78335,-0.21754,-0.15242,-0.15242,-0.15242,-0.047884,-0.21907
-0.11062,-0.14075,-0.21754,0.69996,-0.16706,-0.16706,-0.16706,-0.17784,-0.12365
0.0063601,-0.018208,-0.15242,-0.16706,0.89036,-0.10964,-0.10964,-0.055959,-0.1376
0.0063601,-0.018208,-0.15242,-0.16706,-0.10964,0.89036,-0.10964,-0.055959,-0.1376
0.0063601,-0.018208,-0.15242,-0.16706,-0.10964,-0.10964,0.89036,-0.055959,-0.1376
-0.24155,-0.23924,-0.047884,-0.17784,-0.055959,-0.055959,-0.055959,0.78307,0.10476
0.23538,0.19075,-0.21907,-0.12365,-0.1376,-0.1376,-0.1376,0.10476,0.66478
23.813,23.813,23.813,23.813,23.813,23.813,23.813,23.813,23.813
996.7,977.86,-83.927,-522.24,381.83,381.83,381.83,174.05,-360.16
1,1,1,1,1,1,1,1,1
