890.62,235.29,200,706.24,16.933,372.49,563.35,758.25,385.76,110.78,2.3197e-12,1.9514e-12,2.2754e-12,1.2247e-12
948.66,369.86,329.41,1813.7,32.63,526.42,993.27,1151.5,694.1,253.96,8.4096e-12,6.5476e-12,7.4911e-12,6.0063e-12
0.83778,0.016761,0.27941,-0.041975,0.046327,0.021167,-0.071899,0.018662,-0.002506,0.21817,1.3012e-14,-9.2842e-15,1.0504e-14,-1.1177e-14
0.016761,0.66834,-0.26776,0.0007732,0.0033735,-0.17487,-0.037524,-0.041654,0.13321,0.31328,3.5375e-15,1.3081e-14,4.0875e-15,1.2743e-14
0.27941,-0.26776,0.33075,0.035358,-0.075671,-0.16543,0.014277,-0.12453,0.040899,-0.13985,-1.8323e-14,2.5118e-14,-1.3856e-14,2.7924e-14
-0.041975,0.0007732,0.035358,0.031613,0.0060235,-0.10277,0.0734,-0.10383,-0.0010588,-0.028764,2.6738e-15,-1.5154e-15,2.1179e-15,-1.9497e-15
0.046327,0.0033735,-0.075671,0.0060235,0.98635,-0.0024598,0.013085,-0.01183,-0.0093697,-0.071631,-3.7752e-15,2.3931e-15,-3.0732e-15,2.9392e-15
0.021167,-0.17487,-0.16543,-0.10277,-0.0024598,0.89504,-0.0045684,-0.03577,0.069187,0.13739,7.7956e-16,7.6424e-15,1.2684e-15,7.6163e-15
-0.071899,-0.037524,0.014277,0.0734,0.013085,-0.0045684,0.48492,-0.33481,-0.33023,0.12745,9.885e-15,-6.5248e-16,8.4135e-15,-1.9757e-15
0.018662,-0.041654,-0.12453,-0.10383,-0.01183,-0.03577,-0.33481,0.72198,-0.24225,-0.012238,1.5208e-15,4.0138e-15,1.5639e-15,3.8725e-15
-0.002506,0.13321,0.040899,-0.0010588,-0.0093697,0.069187,-0.33023,-0.24225,0.68857,-0.14963,7.4132e-16,-3.6285e-15,2.9554e-16,-3.7438e-15
0.21817,0.31328,-0.13985,-0.028764,-0.071631,0.13739,0.12745,-0.012238,-0.14963,0.35533,-2.2367e-14,3.1284e-16,-1.9301e-14,3.3865e-15
1.3012e-14,3.5375e-15,-1.8323e-14,2.6738e-15,-3.7752e-15,7.7956e-16,9.885e-15,1.5208e-15,7.4132e-16,-2.2367e-14,1,5.5229e-28,-9.4111e-28,7.1497e-28
-9.2842e-15,1.3081e-14,2.5118e-14,-1.5154e-15,2.3931e-15,7.6424e-15,-6.5248e-16,4.0138e-15,-3.6285e-15,3.1284e-16,5.5229e-28,1,3.9957e-28,-1.072e-27
1.0504e-14,4.0875e-15,-1.3856e-14,2.1179e-15,-3.0732e-15,1.2684e-15,8.4135e-15,1.5639e-15,2.9554e-16,-1.9301e-14,-9.4111e-28,3.9957e-28,1,5.3311e-28
-1.1177e-14,1.2743e-14,2.7924e-14,-1.9497e-15,2.9392e-15,7.6163e-15,-1.9757e-15,3.8725e-15,-3.7438e-15,3.3865e-15,7.1497e-28,-1.072e-27,5.3311e-28,1
39.416,39.416,39.416,39.416,39.416,39.416,39.416,39.416,39.416,39.416,39.416,39.416,39.416,39.416
926.38,304.66,281.57,1142.7,25.602,456.57,707.55,943.22,486.64,217.1,4.7191e-12,3.411e-12,4.4488e-12,3.2036e-12
1,1,1,1,1,1,1,1,1,1,1,1,1,1
