127.75,0.74587,0.70484,0.53166,8.997e-05,0.045883,0.98513,1.0077,0.96186,0.048582,0.18632,0.087677,0.98782
5.8182,0.30342,0.20392,0.23766,1.7687e-05,0.024778,0.4073,0.42185,0.36082,0.009719,0.067779,0.046274,0.86773
288.17,1,1,0.88041,0.00030133,0.10094,1.1576,1.1784,1.1411,0.089785,0.24837,0.1337,0.99969
0.00048785,-0.088907,0.031094,0.32298,3.0322e-05,-0.45436,-0.14781,-0.10168,0.35263,-0.23122,0.84855,-0.078968,-0.18948
-0.088907,88.294,-23.779,-130.71,-0.39082,60.904,54.268,-14.159,-75.083,11.94,-303.64,152.7,232.61
0.031094,-23.779,27.517,33.414,0.24347,-86.541,-39.218,-22.733,63.833,63.038,113.16,-72.73,-129.9
0.32298,-130.71,33.414,372.54,0.66311,-201.54,-119.06,27.38,228.86,-177.86,699.39,-149.67,-200.43
3.0322e-05,-0.39082,0.24347,0.66311,9999.9,-12.441,0.85414,-6.8843,5.5571,-1.4671,-1.1729,1.195,12.905
-0.45436,60.904,-86.541,-201.54,-12.441,5731.1,71.011,-2149.6,2119.4,-327,-1180.4,159.9,1376.9
-0.14781,54.268,-39.218,-119.06,0.85414,71.011,6581.2,-3227.7,-3298.7,120.26,-184.54,111.73,-145.98
-0.10168,-14.159,-22.733,27.38,-6.8843,-2149.6,-3227.7,5559.3,-2291.1,-203.41,-416.23,72.229,777.85
0.35263,-75.083,63.833,228.86,5.5571,2119.4,-3298.7,-2291.1,5589.4,123.42,764.34,-87.808,-599.29
-0.23122,11.94,63.038,-177.86,-1.4671,-327,120.26,-203.41,123.42,7776.6,-1943.7,-2790.3,-82.567
0.84855,-303.64,113.16,699.39,-1.1729,-1180.4,-184.54,-416.23,764.34,-1943.7,3206.4,-560.42,-1726.1
-0.078968,152.7,-72.73,-149.67,1.195,159.9,111.73,72.229,-87.808,-2790.3,-560.42,4619.4,342.86
-0.18948,232.61,-129.9,-200.43,12.905,1376.9,-145.98,777.85,-599.29,-82.567,-1726.1,342.86,2954.3
