0.83811,0.75086,0.31587,0.31507,0.22878,0.69346,0.74202,0.13399,0.27102,0.014645,0.65393,0.71873,0.16105,0.70552,0.61984,0.96314,0.079961,0.13553,0.023241,0.63672,0.63672,0.63672,0.095598,0.71063,0.67655,0.1298,0.44724,0.16657,0.3465,0.61196,0.060049,0.21723,0.27293,0.50205,0.54653,0.21253,0.67776,0.6487,0.70909,0.3196,0.3194,-0.38496,0.56595,0.56595,0.56595,0.37181
0.46265,0.29236,0.21307,0.17096,0.044396,0.26753,0.27744,0.12488,0.05069,0.0061801,0.50463,0.42501,0.016146,0.3754,0.50487,0.85675,0.022292,0.0061345,-0.01998,0.34943,0.34943,0.34943,0.0032038,0.30301,0.21669,-0.014388,0.12847,0.13125,0.13212,0.087715,0.0062916,0.11454,0.018043,0.034087,0.02888,0.044245,0.47821,0.42199,0.0061912,0.042796,0.057708,-0.59085,0.34205,0.34205,0.34205,9.962e-06
1.2717,1.2538,0.39521,0.4129,0.64064,1.0852,1.2639,0.14857,0.37291,0.023728,0.90488,0.86318,0.51519,0.86305,0.7705,0.99973,0.20067,0.47509,0.066742,0.81167,0.81167,0.81167,0.37157,1.268,1.2568,0.21181,1.2447,0.20244,0.93038,1.2516,0.13343,0.28647,0.999,0.82592,0.90476,0.50697,0.90439,0.74528,0.99742,0.74582,0.66612,-0.24012,0.6971,0.6971,0.6971,1.4872
921.33,-87.482,8.022,13.318,-48.505,-74.255,-91.205,-0.61067,24.986,-1.3553,-23.461,31.231,-44.698,35.865,-10.657,13.582,-15.12,-43.238,-4.6703,29.694,29.694,29.694,-35.243,-76.913,-82.42,17.431,-10.052,4.2676,-74.112,-93.574,-6.9223,16.092,-16.729,43.539,-12.677,27.47,-28.33,27.202,11.226,7.5561,6.5999,31.353,28.293,28.293,28.293,-25.93
-87.482,885.97,19.466,20.508,-40.902,-103.5,-114.06,-1.8918,26.799,-2.4171,-46.298,45.389,-22,48.436,-37.12,9.6285,-3.4058,-24.055,6.566,30.449,30.449,30.449,-26.413,-70.039,-85.304,26.452,-18.852,-9.1774,-47.888,-99.343,-7.0936,17.566,-25.122,61.582,-33.213,84.207,-63.7,21.867,-9.073,26.016,61.848,-6.7944,40.717,40.717,40.717,-30.987
8.022,19.466,990.76,-7.4356,3.019,19.045,17.395,0.55666,-5.2057,0.73016,18.897,-14.137,-7.3323,-13.808,19.371,0.56482,-4.7906,-5.5985,-5.6648,-6.3681,-6.3681,-6.3681,-0.63878,-8.4491,-2.4319,-7.7674,-9.1517,7.1967,-5.654,-0.86184,1.7323,-1.9965,-7.4539,-5.7353,23.684,-33.909,24.36,-0.90407,25.085,-20.208,-41.171,19.727,-10.921,-10.921,-10.921,-16.241
13.318,20.508,-7.4356,992.33,12.554,17.316,19.931,0.13989,-8.4762,0.56568,16.13,-14.839,5.9015,-15.642,13.719,-2.529,0.94589,6.3004,-1.4455,-11.082,-11.082,-11.082,6.9474,-1.3849,2.2381,-7.5074,-16.659,2.4296,12.716,3.8488,2.9322,-3.399,-13.484,-2.0785,23.12,-19.167,17.427,-6.5155,23.12,-18.936,-28.297,4.2458,-11.026,-11.026,-11.026,-23.159
-48.505,-40.902,3.019,12.554,937.8,-23.516,-46.877,1.5161,27.73,-0.19469,-12.062,25.905,-68.701,32.258,4.7305,17.914,-27.195,-63.41,-16.484,37.791,37.791,37.791,-45.118,-36.441,-31.662,10.674,52.672,17.466,-102.63,-35.163,-9.6972,12.163,41.507,-8.048,-29.437,-34.261,3.3609,35.309,-20.91,20.371,-16.58,63.413,18.032,18.032,18.032,57.02
-74.255,-103.5,19.045,17.316,-23.516,902.16,-101.75,-2.3475,19.23,-2.3976,-43.784,38.754,-2.2957,39.995,-39.359,4.5552,4.4846,-5.925,11.482,20.092,20.092,20.092,-13.673,-59.477,-76.379,23.815,-33.368,-14.442,-18.706,-89.518,-4.4391,14.242,-36.567,64.2,-25.977,95.499,-65.81,11.96,-4.2716,21.18,68.425,-25.589,36.159,36.159,36.159,-46.442
-91.205,-114.06,17.395,19.931,-46.877,-101.75,884.71,-1.6026,28.475,-2.2595,-42.74,44.577,-31.337,48.4,-31.607,11.729,-7.5723,-32.388,3.3634,32.865,32.865,32.865,-31.507,-76.98,-90.24,25.661,-16.297,-5.4729,-60.518,-104.36,-7.6771,18.451,-23.301,59.878,-29.915,72.138,-57.235,25.472,-4.2211,22.691,49.26,5.163,39.955,39.955,39.955,-30.139
-0.61067,-1.8918,0.55666,0.13989,1.5161,-2.3475,-1.6026,999.87,-0.37256,-0.073519,-1.0744,0.37389,2.4976,0.1778,-1.5538,-0.5171,1.172,2.1772,1.0059,-0.7046,-0.7046,-0.7046,1.2275,-0.46252,-1.2125,0.41452,-2.8998,-1.1462,3.2124,-1.5076,0.20246,0.016053,-2.6046,2.347,0.081324,4.5023,-2.3697,-0.91039,0.43764,0.07342,3.0647,-3.2722,0.55587,0.55587,0.55587,-3.4131
24.986,26.799,-5.2057,-8.4762,27.73,19.23,28.475,-0.37256,985.97,0.41204,13.218,-17.094,26.044,-19.658,6.2657,-7.3909,9.4725,24.567,4.4987,-18.707,-18.707,-18.707,18.961,13.313,13.972,-7.9536,-24.87,-4.2613,41.26,16.32,4.8225,-6.1663,-19.472,-0.18914,21.954,-0.64467,9.3124,-15.403,18.452,-16.721,-10.257,-18.492,-12.508,-12.508,-12.508,-29.125
-1.3553,-2.4171,0.73016,0.56568,-0.19469,-2.3976,-2.2595,-0.073519,0.41204,999.93,-1.5426,1.1626,0.67555,1.1336,-1.5818,-0.047397,0.44531,0.50551,0.54485,0.42502,0.42502,0.42502,0.046184,-0.41337,-1.0017,0.7008,-0.42919,-0.67071,0.50754,-1.2763,-0.10151,0.26538,-0.50016,1.3903,-1.3679,3.3597,-2.25,0.049784,-1.1134,1.1765,3.1412,-1.6877,1.0138,1.0138,1.0138,-0.34665
-23.461,-46.298,18.897,16.13,-12.062,-43.784,-42.74,-1.0744,13.218,-1.5426,960.6,31.173,8.3171,31.129,-38.706,0.62118,7.1935,5.2333,10.117,16.275,16.275,16.275,-3.1817,9.6281,-2.4082,16.994,19.587,-13.121,1.4663,-6.4412,-4.3203,5.5961,15.288,14.032,-48.819,67.261,-49.844,5.2287,-49.52,41.218,80.85,-33.903,24.292,24.292,24.292,32.615
31.231,45.389,-14.137,-14.839,25.905,38.754,44.577,0.37389,-17.094,1.1626,31.173,970.73,13.325,-31.024,25.964,-5.4701,2.488,14.056,-2.6258,-21.953,-21.953,-21.953,14.931,5.1161,12.407,-15.083,-26.837,4.4691,27.737,16.455,5.7112,-7.5184,-20.771,-9.0241,41.842,-38.692,34.596,-13.573,39.384,-34.074,-52.019,6.2029,-22.381,-22.381,-22.381,-36.497
-44.698,-22,-7.3323,5.9015,-68.701,-2.2957,-31.337,2.4976,26.044,0.67555,8.3171,13.325,911.47,21.085,28.347,21.439,-37.343,-80.266,-26.041,36.579,36.579,36.579,-53.045,-48.96,-36.03,3.0109,53.743,28.989,-125.8,-37.804,-9.3163,11.443,42.602,-18.825,-7.8496,-81.489,33.418,39.941,2.5998,1.1672,-67.162,97.029,7.6559,7.6559,7.6559,51.884
35.865,48.436,-13.808,-15.642,32.258,39.995,48.4,0.1778,-19.658,1.1336,31.129,-31.024,21.085,966.53,24.113,-7.4014,5.689,21.138,-0.49801,-25.49,-25.49,-25.49,19.742,9.6672,16.043,-15.675,-31.642,2.1308,38.967,20.367,6.6104,-8.6742,-24.522,-7.8682,43.241,-32.769,32.568,-17.237,39.746,-34.767,-47.373,-1.863,-23.536,-23.536,-23.536,-41.215
-10.657,-37.12,19.371,13.719,4.7305,-39.359,-31.607,-1.5538,6.2657,-1.5818,-38.706,25.964,28.347,24.113,957.27,-4.4256,15.371,23.572,15.427,6.7506,6.7506,6.7506,9.4254,21.668,7.5291,15.077,7.0596,-18.917,30.692,4.3465,-1.9006,2.433,5.574,16.441,-44.357,81.114,-54.013,-4.4213,-47.871,38.721,91.368,-54.203,20.739,20.739,20.739,20.212
13.582,9.6285,0.56482,-2.529,17.914,4.5552,11.729,-0.5171,-7.3909,-0.047397,0.62118,-5.4701,21.439,-7.4014,-4.4256,994.61,8.7658,19.621,5.7113,-10.134,-10.134,-10.134,13.466,12.851,10.561,-1.9928,-13.381,-6.2408,31.247,11.451,2.5746,-3.359,-10.385,2.661,4.6404,15.045,-4.6242,-10.3,1.649,-2.5601,11.487,-21.809,-3.7169,-3.7169,-3.7169,-13.23
-15.12,-3.4058,-4.7906,0.94589,-27.195,4.4846,-7.5723,1.172,9.4725,0.44531,7.1935,2.488,-37.343,5.689,15.371,8.7658,983.86,-33.605,-11.806,13.636,13.636,13.636,-21.517,-19.448,-12.833,-0.48523,21.973,13.308,-51.979,-12.961,-3.4793,4.023,17.7,-10.446,0.60967,-40.843,18.907,15.972,4.4347,-2.7683,-35.054,43.29,0.6462,0.6462,0.6462,20.691
-43.238,-24.055,-5.5985,6.3004,-63.41,-5.925,-32.388,2.1772,24.567,0.50551,5.2333,14.056,-80.266,21.138,23.572,19.621,-33.605,927.06,-23.064,34.257,34.257,34.257,-48.658,-45.719,-34.768,3.8654,48.596,25.577,-114.76,-36.839,-8.7131,10.935,38.257,-15.042,-9.2951,-69.563,27.165,36.766,0.73392,2.866,-56.815,86.494,8.6258,8.6258,8.6258,46.973
-4.6703,6.566,-5.6648,-1.4455,-16.484,11.482,3.3634,1.0059,4.4987,0.54485,10.117,-2.6258,-26.041,-0.49801,15.427,5.7113,-11.806,-23.064,990.57,7.0822,7.0822,7.0822,-13.766,-10.812,-4.5079,-2.8366,15.423,10.832,-34.684,-3.5993,-1.8319,1.5855,12.98,-11.612,5.3319,-37.939,20.072,9.9148,6.8348,-6.004,-33.501,33.454,-3.2513,-3.2513,-3.2513,14.309
29.694,30.449,-6.3681,-11.082,37.791,20.092,32.865,-0.7046,-18.707,0.42502,16.275,-21.953,36.579,-25.49,6.7506,-10.134,13.636,34.257,7.0822,974.6,-25.404,-25.404,25.876,13.218,13.057,-9.7799,-39.147,-6.9041,57.006,15.356,6.6206,-7.6914,-31.595,5.0455,30.669,5.3134,9.0926,-21.038,27.676,-23.378,-11.32,-27.43,-15.41,-15.41,-15.41,-46.863
29.694,30.449,-6.3681,-11.082,37.791,20.092,32.865,-0.7046,-18.707,0.42502,16.275,-21.953,36.579,-25.49,6.7506,-10.134,13.636,34.257,7.0822,-25.404,974.6,-25.404,25.876,13.218,13.057,-9.7799,-39.147,-6.9041,57.006,15.356,6.6206,-7.6914,-31.595,5.0455,30.669,5.3134,9.0926,-21.038,27.676,-23.378,-11.32,-27.43,-15.41,-15.41,-15.41,-46.863
29.694,30.449,-6.3681,-11.082,37.791,20.092,32.865,-0.7046,-18.707,0.42502,16.275,-21.953,36.579,-25.49,6.7506,-10.134,13.636,34.257,7.0822,-25.404,-25.404,974.6,25.876,13.218,13.057,-9.7799,-39.147,-6.9041,57.006,15.356,6.6206,-7.6914,-31.595,5.0455,30.669,5.3134,9.0926,-21.038,27.676,-23.378,-11.32,-27.43,-15.41,-15.41,-15.41,-46.863
-35.243,-26.413,-0.63878,6.9474,-45.118,-13.673,-31.507,1.2275,18.961,0.046184,-3.1817,14.931,-53.045,19.742,9.4254,13.466,-21.517,-48.658,-13.766,25.876,25.876,25.876,966.3,-32.291,-27.14,5.7114,33.461,14.961,-77.792,-29.613,-6.5723,8.6652,25.855,-5.4992,-13.251,-34.357,9.3029,25.874,-5.6041,7.8065,-25.41,52.905,10.344,10.344,10.344,33.325
-76.913,-70.039,-8.4491,-1.3849,-36.441,-59.477,-76.98,-0.46252,13.313,-0.41337,9.6281,5.1161,-48.96,9.6672,21.668,12.851,-19.448,-45.719,-10.812,13.218,13.218,13.218,-32.291,886.48,-111.54,4.8549,-57.787,12.892,-73.119,-123.13,-2.1659,13.973,-58.986,56.043,43.281,-12.968,6.4901,21.848,77.355,-39.531,-66.644,57.067,10.994,10.994,10.994,-97.613
-82.42,-85.304,-2.4319,2.2381,-31.662,-76.379,-90.24,-1.2125,13.972,-1.0017,-2.4082,12.407,-36.03,16.043,7.5291,10.561,-12.833,-34.768,-4.5079,13.057,13.057,13.057,-27.14,-111.54,885,9.6737,-65.205,5.4005,-58.024,-128.35,-2.0838,14.825,-65.947,67.453,33.703,18.694,-12.864,18.603,68.504,-30.793,-37.47,35.965,17.654,17.654,17.654,-104.01
17.431,26.452,-7.7674,-7.5074,10.674,23.815,25.661,0.41452,-7.9536,0.7008,16.994,-15.083,3.0109,-15.675,15.077,-1.9928,-0.48523,3.8654,-2.8366,-9.7799,-9.7799,-9.7799,5.7114,4.8549,9.6737,991.82,-7.5033,3.9501,9.2196,12.32,2.4945,-3.9132,-5.0039,-9.1602,19.825,-26.42,20.902,-5.4348,17.548,-16.321,-29.806,7.7772,-12.084,-12.084,-12.084,-10.836
-10.052,-18.852,-9.1517,-16.659,52.672,-33.368,-16.297,-2.8998,-24.87,-0.42919,19.587,-26.837,53.743,-31.642,7.0596,-13.381,21.973,48.596,15.423,-39.147,-39.147,-39.147,33.461,-57.787,-65.205,-7.5033,868.82,-15.381,78.155,-72.405,11.239,-2.8355,-116.81,70.477,76.832,50.614,-8.2539,-29.062,98.151,-61.263,-26.231,-42.913,-10.758,-10.758,-10.758,-174.73
4.2676,-9.1774,7.1967,2.4296,17.466,-14.442,-5.4729,-1.1462,-4.2613,-0.67071,-13.121,4.4691,28.989,2.1308,-18.917,-6.2408,13.308,25.577,10.832,-6.9041,-6.9041,-6.9041,14.961,12.892,5.4005,3.9501,-15.381,987.47,38.149,4.2667,1.7729,-1.505,-12.949,13.03,-8.6143,44.817,-24.463,-10.612,-10.477,8.9212,41.022,-38.436,4.7511,4.7511,4.7511,-13.257
-74.112,-47.888,-5.654,12.716,-102.63,-18.706,-60.518,3.2124,41.26,0.50754,1.4663,27.737,-125.8,38.967,30.692,31.247,-51.979,-114.76,-34.684,57.006,57.006,57.006,-77.792,-73.119,-58.024,9.2196,78.155,38.149,818.2,-62.306,-14.499,18.533,61.136,-19.577,-22.086,-97.538,33.935,59.213,-5.5451,10.749,-76.583,131.24,18.154,18.154,18.154,76.84
-93.574,-99.343,-0.86184,3.8488,-35.163,-89.518,-104.36,-1.5076,16.32,-1.2763,-6.4412,16.455,-37.804,20.367,4.3465,11.451,-12.961,-36.839,-3.5993,15.356,15.356,15.356,-29.613,-123.13,-128.35,12.32,-72.405,4.2667,-62.306,856.35,-2.5352,16.886,-73.397,77.253,33.507,28.723,-19.622,20.5,72.23,-30.798,-33.282,35.237,21.829,21.829,21.829,-114.67
-6.9223,-7.0936,1.7323,2.9322,-9.6972,-4.4391,-7.6771,0.20246,4.8225,-0.10151,-4.3203,5.7112,-9.3163,6.6104,-1.9006,2.5746,-3.4793,-8.7131,-1.8319,6.6206,6.6206,6.6206,-6.5723,-2.1659,-2.0838,2.4945,11.239,1.7729,-14.499,-2.5352,998.26,1.8723,9.2331,-2.1636,-8.6009,-1.6301,-2.2796,5.3862,-8.2264,6.6192,3.4929,6.8712,3.9006,3.9006,3.9006,13.772
16.092,17.566,-1.9965,-3.399,12.163,14.242,18.451,0.016053,-6.1663,0.26538,5.5961,-7.5184,11.443,-8.6742,2.433,-3.359,4.023,10.935,1.5855,-7.6914,-7.6914,-7.6914,8.6652,13.973,14.825,-3.9132,-2.8355,-1.505,18.533,16.886,1.8723,996.52,-0.89573,-6.4385,5.4886,-3.7188,5.5414,-6.8058,1.278,-3.8362,-2.2302,-8.2772,-6.3039,-6.3039,-6.3039,-1.1312
-16.729,-25.122,-7.4539,-13.484,41.507,-36.567,-23.301,-2.6046,-19.472,-0.50016,15.288,-20.771,42.602,-24.522,5.574,-10.385,17.7,38.257,12.98,-31.595,-31.595,-31.595,25.855,-58.986,-65.947,-5.0039,-116.81,-12.949,61.136,-73.397,9.2331,-0.89573,895.2,66.421,66.939,46.627,-9.6135,-22.839,88.202,-53.667,-23.382,-34.142,-6.8315,-6.8315,-6.8315,-156.98
43.539,61.582,-5.7353,-2.0785,-8.048,64.2,59.878,2.347,-0.18914,1.3903,14.032,-9.0241,-18.825,-7.8682,16.441,2.661,-10.446,-15.042,-11.612,5.0455,5.0455,5.0455,-5.4992,56.043,67.453,-9.1602,70.477,13.03,-19.577,77.253,-2.1636,-6.4385,66.421,938.12,-18.592,-67.871,36.271,4.9042,-38.933,14.728,-22.245,28.359,-14.26,-14.26,-14.26,95.45
-12.677,-33.213,23.684,23.12,-29.437,-25.977,-29.915,0.081324,21.954,-1.3679,-48.819,41.842,-7.8496,43.241,-44.357,4.6404,0.60967,-9.2951,5.3319,30.669,30.669,30.669,-13.251,43.281,33.703,19.825,76.832,-8.6143,-22.086,33.507,-8.6009,5.4886,66.939,-18.592,915.96,50.127,-48.291,14.619,-96.35,69.83,99.19,-23.289,27.964,27.964,27.964,110.98
27.47,84.207,-33.909,-19.167,-34.261,95.499,72.138,4.5023,-0.64467,3.3597,67.261,-38.692,-81.489,-32.769,81.114,15.045,-40.843,-69.563,-37.939,5.3134,5.3134,5.3134,-34.357,-12.968,18.694,-26.42,50.614,44.817,-97.538,28.723,-1.6301,-3.7188,46.627,-67.871,50.127,814.48,111.24,22.471,46.15,-46.541,-167.66,127.48,-36.208,-36.208,-36.208,46.315
-28.33,-63.7,24.36,17.427,3.3609,-65.81,-57.235,-2.3697,9.3124,-2.25,-49.844,34.596,33.418,32.568,-54.013,-4.6242,18.907,27.165,20.072,9.0926,9.0926,9.0926,9.3029,6.4901,-12.864,20.902,-8.2539,-24.463,33.935,-19.622,-2.2796,5.5414,-9.6135,36.271,-48.291,111.24,927.1,-4.0204,-45.928,42.206,111.32,-66.564,29.466,29.466,29.466,0.17063
27.202,21.867,-0.90407,-6.5155,35.309,11.96,25.472,-0.91039,-15.403,0.049784,5.2287,-13.573,39.941,-17.237,-4.4213,-10.3,15.972,36.766,9.9148,-21.038,-21.038,-21.038,25.874,21.848,18.603,-5.4348,-29.062,-10.612,59.213,20.5,5.3862,-6.8058,-22.839,4.9042,14.619,22.471,-4.0204,979.88,9.5326,-9.7598,13.181,-38.013,-9.3786,-9.3786,-9.3786,-30.81
11.226,-9.073,25.085,23.12,-20.91,-4.2716,-4.2211,0.43764,18.452,-1.1134,-49.52,39.384,2.5998,39.746,-47.871,1.649,4.4347,0.73392,6.8348,27.676,27.676,27.676,-5.6041,77.355,68.504,17.548,98.151,-10.477,-5.5451,72.23,-8.2264,1.278,88.202,-38.933,-96.35,46.15,-45.928,9.5326,880.75,80.884,113.11,-34.622,23.571,23.571,23.571,144.68
7.5561,26.016,-20.208,-18.936,20.371,21.18,22.691,0.07342,-16.721,1.1765,41.218,-34.074,1.1672,-34.767,38.721,-2.5601,-2.7683,2.866,-6.004,-23.378,-23.378,-23.378,7.8065,-39.531,-30.793,-16.321,-61.263,8.9212,10.749,-30.798,6.6192,-3.8362,-53.667,14.728,69.83,-46.541,42.206,-9.7598,80.884,941.65,-86.908,25.319,-22.802,-22.802,-22.802,-90.051
6.5999,61.848,-41.171,-28.297,-16.58,68.425,49.26,3.0647,-10.257,3.1412,80.85,-52.019,-67.162,-47.373,91.368,11.487,-35.054,-56.815,-33.501,-11.32,-11.32,-11.32,-25.41,-66.644,-37.47,-29.806,-26.231,41.022,-76.583,-33.282,3.4929,-2.2302,-23.382,-22.245,99.19,-167.66,111.32,13.181,113.11,-86.908,800.61,121.49,-40.154,-40.154,-40.154,-61.016
31.353,-6.7944,19.727,4.2458,63.413,-25.589,5.163,-3.2722,-18.492,-1.6877,-33.903,6.2029,97.029,-1.863,-54.203,-21.809,43.29,86.494,33.454,-27.43,-27.43,-27.43,52.905,57.067,35.965,7.7772,-42.913,-38.436,131.24,35.237,6.8712,-8.2772,-34.142,28.359,-23.289,127.48,-66.564,-38.013,-34.622,25.319,121.49,877.75,7.641,7.641,7.641,-32.548
28.293,40.717,-10.921,-11.026,18.032,36.159,39.955,0.55587,-12.508,1.0138,24.292,-22.381,7.6559,-23.536,20.739,-3.7169,0.6462,8.6258,-3.2513,-15.41,-15.41,-15.41,10.344,10.994,17.654,-12.084,-10.758,4.7511,18.154,21.829,3.9006,-6.3039,-6.8315,-14.26,27.964,-36.208,29.466,-9.3786,23.571,-22.802,-40.154,7.641,981.97,-18.029,-18.029,-14.587
28.293,40.717,-10.921,-11.026,18.032,36.159,39.955,0.55587,-12.508,1.0138,24.292,-22.381,7.6559,-23.536,20.739,-3.7169,0.6462,8.6258,-3.2513,-15.41,-15.41,-15.41,10.344,10.994,17.654,-12.084,-10.758,4.7511,18.154,21.829,3.9006,-6.3039,-6.8315,-14.26,27.964,-36.208,29.466,-9.3786,23.571,-22.802,-40.154,7.641,-18.029,981.97,-18.029,-14.587
28.293,40.717,-10.921,-11.026,18.032,36.159,39.955,0.55587,-12.508,1.0138,24.292,-22.381,7.6559,-23.536,20.739,-3.7169,0.6462,8.6258,-3.2513,-15.41,-15.41,-15.41,10.344,10.994,17.654,-12.084,-10.758,4.7511,18.154,21.829,3.9006,-6.3039,-6.8315,-14.26,27.964,-36.208,29.466,-9.3786,23.571,-22.802,-40.154,7.641,-18.029,-18.029,981.97,-14.587
-25.93,-30.987,-16.241,-23.159,57.02,-46.442,-30.139,-3.4131,-29.125,-0.34665,32.615,-36.497,51.884,-41.215,20.212,-13.23,20.691,46.973,14.309,-46.863,-46.863,-46.863,33.325,-97.613,-104.01,-10.836,-174.73,-13.257,76.84,-114.67,13.772,-1.1312,-156.98,95.45,110.98,46.315,0.17063,-30.81,144.68,-90.051,-61.016,-32.548,-14.587,-14.587,-14.587,761.33
