0.44716,0.40346,-0.18091,0.18723,0.37487,0.11678,0.32432,0.1799,0.20726,0.25031,0.45338,0.76576,0.79809,0.45481,0.17907,0.45547,0.61014,0.49472,-0.37757,0.037745,0.037745,0.037745,0.054313,-0.36266,-20.429,-0.077272,-0.15359,0.11138,0.059968,0.083841,0.069945,0.076418,0.010515,0.034702,0.08018,0.061219,0.76879,0.40662,0.22338,0.47635,0.60363,0.44384,0.030037,0.55994,0.79281,-0.21349,0.35302,0.35302,0.35302,0.00010805,0.0634,12.829,-0.0071328,0.013072
0.35631,0.29478,-0.2875,0.11708,0.24374,0.060539,0.22086,0.06751,0.11069,0.17677,0.026773,0.47405,0.38882,0.10777,0.0084692,0.20803,0.34637,0.15049,-0.45615,-0.1044,-0.1044,-0.1044,0.011424,-0.49393,-185.04,-0.47868,-0.6902,0.083149,0.028375,0.023657,0.025076,0.063104,0.00093148,0.028741,0.03856,0.011558,0.48525,0.0083483,0.0064307,0.010452,0.39284,0.06936,0.0013467,0.11091,0.65277,-0.3487,0.25665,0.25665,0.25665,2.0004e-06,0.0097292,-134.2,-0.55679,-0.31765
0.55092,0.46995,-0.082464,0.29307,0.50544,0.23533,0.46511,0.41742,0.26821,0.3369,0.8135,0.96788,0.93323,0.92123,0.363,0.89056,0.91291,0.86027,-0.29128,0.12357,0.12357,0.12357,0.16495,-0.19165,331.62,0.26478,0.39608,0.21031,0.098121,0.20569,0.19504,0.088857,0.040156,0.038428,0.16789,0.12157,0.99994,0.76059,0.54832,0.87413,0.80728,0.73979,0.10018,0.75744,0.99383,0.0041512,0.43392,0.43392,0.43392,0.00062624,0.15401,191.36,0.48125,0.34902
996.86,-3.9377,-1.3762,0.60597,-2.6341,-1.0842,-4.1977,-5.1653,3.3498,-1.8447,-14.532,9.6136,7.1126,-7.9124,11.582,-2.3957,18.319,-18.497,-3.7886,0.39941,0.39941,0.39941,-1.3069,4.8446,-0.28762,-17.492,12.648,-3.132,1.1461,-4.6623,-4.5843,0.50437,-0.54411,-0.05133,-2.1228,-2.9291,7.4798,-0.1014,-15.218,-6.9894,10.31,-4.146,1.7389,-13.884,6.5805,-10.487,0.092002,0.092002,0.092002,-0.01768,-3.965,0.19586,13.376,14.917
-3.9377,994.7,-2.7598,2.0139,-4.1871,-1.058,-6.4726,-4.9432,4.2074,-2.2034,-18.123,11.756,6.431,-7.199,13.916,-0.46497,19.711,-22.783,-5.4829,-0.31895,-0.31895,-0.31895,-1.7742,6.7502,-0.1283,-19.861,11.526,-4.6276,1.1994,-6.3139,-6.5647,0.54791,-0.69487,-0.0074451,-3.3755,-3.85,14.442,-7.7366,-22.212,-17.298,14.882,1.16,2.1073,-13.325,5.9119,-14.953,0.18864,0.18864,0.18864,-0.025203,-5.239,0.27505,24.485,19.022
-1.3762,-2.7598,996.39,3.5985,-4.0589,1.4721,-4.8453,1.2249,2.1535,-0.92394,-8.8679,5.0601,-6.8025,6.7903,2.8081,9.4438,-2.2546,-8.9512,-3.6118,-2.4365,-2.4365,-2.4365,-0.82597,4.0871,0.45923,-3.4232,-8.0185,-3.4978,0.022254,-3.6726,-4.4995,-0.034895,-0.10726,0.11235,-3.0928,-1.8649,16.833,-21.447,-15.305,-26.922,9.4353,15.677,0.15146,5.4457,-3.7183,-9.7603,-0.0083568,-0.0083568,-0.0083568,-0.017205,-2.6389,0.1139,26.897,6.9119
0.60597,2.0139,3.5985,994.4,1.8045,4.2565,7.101,-8.3815,2.4003,-2.0029,-10.372,7.0028,-6.0464,3.8477,-2.7581,6.9029,2.9232,-7.0666,3.9438,1.4735,1.4735,1.4735,1.3571,-3.1465,-0.19624,-11.374,6.7894,2.4612,1.5121,1.188,2.9981,0.11983,0.93496,-0.31459,2.3065,0.85549,-23.145,27.714,15.285,33.15,-11.924,-24.124,-1.9796,-11.827,7.0687,8.274,-1.4753,-1.4753,-1.4753,0.010333,1.0832,0.13692,-33.881,-6.6189
-2.6341,-4.1871,-4.0589,1.8045,992.9,7.6879,-3.2291,-6.917,7.5902,-4.3487,-31.857,19.48,-20.585,18.103,4.2341,27.696,0.06826,-28.85,-3.9309,-3.6463,-3.6463,-3.6463,-0.44997,5.9269,-0.20522,-21.431,-8.7954,-5.2235,1.7959,-7.1291,-6.9552,0.10338,0.72559,-0.10185,-4.4143,-3.4023,12.173,-16.506,-18.121,-23.164,8.5563,7.4692,-1.643,-2.3516,0.23261,-13.226,-1.6047,-1.6047,-1.6047,-0.027834,-4.9344,0.14813,22.944,9.276
-1.0842,-1.058,1.4721,4.2565,7.6879,976.73,-9.802,15.158,-12.559,8.1067,52.201,-31.386,63.518,-57.122,16.049,-70.643,30.219,34.515,-3.6926,6.5218,6.5218,6.5218,-3.1572,0.51018,-0.070618,26.23,33.409,2.044,-3.4792,4.7449,2.2977,0.57211,-3.672,0.50453,2.4199,0.60388,17.016,0.060117,-9.2894,-5.5335,15.977,6.4687,9.085,-6.2714,3.0082,-2.0801,5.3309,5.3309,5.3309,0.012481,1.5948,0.055194,18.732,16.483
-4.1977,-6.4726,-4.8453,7.101,-3.2291,-9.802,986.48,5.7328,-1.1575,1.5476,4.5548,-2.5705,25.596,-23.043,18.247,-22.709,22.396,-6.3477,-8.7534,0.15478,0.15478,0.15478,-3.3668,8.4921,-0.245,-2.4531,12.975,-5.4798,-0.94213,-5.3377,-7.539,0.52846,-2.2146,0.35667,-4.1666,-3.9062,34.618,-28.113,-33.566,-42.066,26.129,21.126,5.5647,-4.161,0.50019,-20.043,2.5828,2.5828,2.5828,-0.027158,-5.0673,0.041324,52.139,25.821
-5.1653,-4.9432,1.2249,-8.3815,-6.917,15.158,5.7328,970.42,16.488,-10.591,-70.325,45.129,-25.288,17.463,12.276,39.812,26.746,-65.23,-0.7225,-0.47709,-0.47709,-0.47709,0.69397,5.5837,-0.068505,-64.75,18.551,-4.232,6.1558,-10.474,-6.655,0.91983,1.9705,-0.78195,-2.5332,-5.2379,-24.049,36.9,-6.4345,32.699,-2.6136,-44.19,-3.6128,-41.517,21.62,-9.6355,-4.4678,-4.4678,-4.4678,-0.029135,-7.5819,0.47627,-27.06,13.806
3.3498,4.2074,2.1535,2.4003,7.5902,-12.559,-1.1575,16.488,988.13,7.3104,50.166,-31.393,28.197,-23.194,-5.3383,-38.498,-6.6091,44.663,2.2459,3.0488,3.0488,3.0488,-0.30978,-5.545,-0.18771,39.158,2.038,4.8964,-3.6798,8.5924,6.846,-0.33678,-1.5351,0.39788,3.8311,4.0147,3.1733,-3.4531,12.285,1.5012,-2.5415,12.224,3.2477,15.842,-7.6794,11.25,3.1444,3.1444,3.1444,0.028648,5.8921,-0.2934,-2.0425,-8.8864
-1.8447,-2.2034,-0.92394,-2.0029,-4.3487,8.1067,1.5476,-10.591,7.3104,995.44,-30.904,19.361,-18.099,14.88,2.4716,24.248,3.4518,-27.059,-0.83699,-1.7464,-1.7464,-1.7464,0.37331,2.8752,0.22327,-24.135,-1.2138,-2.6208,2.3315,-4.9226,-3.6951,0.19315,1.0477,-0.26921,-2.0312,-2.2378,-4.3903,4.6342,-5.4054,2.423,-0.011164,-9.4666,-2.244,-10.106,5.027,-5.6305,-2.0586,-2.0586,-2.0586,-0.015734,-3.3155,0.40596,-2.4559,4.1323
-14.532,-18.123,-8.8679,-10.372,-31.857,52.201,4.5548,-70.325,50.166,-30.904,787.84,132.94,-115.77,94.644,24.482,159.6,31.866,-189.94,-9.7682,-12.385,-12.385,-12.385,1.1213,23.756,-0.49857,-167.35,-4.854,-20.747,15.657,-36.535,-29.1,1.5226,6.3283,-1.6917,-16.119,-17.212,-13.784,17.099,-52.815,-4.4458,11.675,-54.033,-13.254,-70,34.033,-48.156,-13.152,-13.152,-13.152,-0.12165,-25.202,-0.00010967,8.0793,39.548
9.6136,11.756,5.0601,7.0028,19.48,-31.386,-2.5705,45.129,-31.393,19.361,132.94,916.43,67.298,-54.065,-18.088,-95.121,-25.93,120.53,6.3809,6.9236,6.9236,6.9236,-0.46175,-15.201,0.16368,107.59,-2.8851,12.942,-9.9788,23.089,18.307,-1.1041,-3.7389,1.0813,9.8704,11.08,9.9403,-15.384,33.788,-1.2081,-8.2962,38.106,7.623,48.674,-23.856,30.689,8.0485,8.0485,8.0485,0.076426,16.141,-0.4941,-3.0637,-27.466
7.1126,6.431,-6.8025,-6.0464,-20.585,63.518,25.596,-25.288,28.197,-18.099,-115.77,67.298,813.17,172.35,-60.43,199.22,-118.93,-62.834,11.351,-21.373,-21.373,-21.373,9.3709,-4.762,0.20193,-34.838,-124.55,-4.34,6.3929,-8.2064,-3.5674,-2.5728,10.25,-0.97836,-6.7561,1.5841,-30.825,-35.633,30.267,-16.008,-46.515,18.549,-26.382,54.352,-27.745,11.253,-13.672,-13.672,-13.672,-0.022655,-0.0093827,-0.063833,-30.916,-61.768
-7.9124,-7.199,6.7903,3.8477,18.103,-57.122,-23.043,17.463,-23.194,14.88,94.644,-54.065,172.35,839.69,60.262,-180.93,119.26,45.366,-10.933,20.274,20.274,20.274,-8.7603,5.7384,0.3981,18.752,122.85,3.2255,-4.7137,5.5155,1.9592,2.656,-9.3198,0.75588,5.9014,-2.6584,23.804,42.406,-30.097,22.837,43.614,-27.702,24.316,-61.092,31.291,-12.764,12.023,12.023,12.023,0.015253,-1.6561,0.72915,23.11,61.834
11.582,13.916,2.8081,-2.7581,4.2341,16.049,18.247,12.276,-5.3383,2.4716,24.482,-18.088,-60.43,60.262,950.42,47.576,-83.712,47.804,14.28,-5.7361,-5.7361,-5.7361,6.0305,-16.431,-0.43949,50.548,-66.762,9.0883,-2.5388,13.366,13.913,-2.1657,3.7677,-0.0073705,5.3381,9.7533,-28.712,-9.025,54.298,16.866,-41.932,19.062,-10.828,56.94,-27.503,35.647,-2.9524,-2.9524,-2.9524,0.05195,12.772,0.045822,-47.023,-60.371
-2.3957,-0.46497,9.4438,6.9029,27.696,-70.643,-22.709,39.812,-38.498,24.248,159.6,-95.121,199.22,-180.93,47.576,777.96,100.07,106.39,-6.7039,23.091,23.091,23.091,-8.4724,-2.8435,-0.29,73.849,116.01,10.126,-9.643,17.57,11.804,1.9546,-10.775,1.2658,11.035,3.404,25.995,34.547,-9.5006,23.869,36.142,-8.2223,27.021,-33.396,17.758,4.7783,15.584,15.584,15.584,0.055832,7.0559,0.29572,17.557,43.787
18.319,19.711,-2.2546,2.9232,0.06826,30.219,22.396,26.746,-6.6091,3.4518,31.866,-25.93,-118.93,119.26,-83.712,100.07,844.3,72.786,18.319,-14.999,-14.999,-14.999,9.0384,-21.611,0.29605,88.586,-136.27,9.5959,-4.9883,17.384,16.4,-4.0007,6.329,0.27481,3.5823,14.1,-15.731,-61.652,66.843,-26.071,-55.714,68.687,-18.671,115.6,-58.125,44.905,-4.899,-4.899,-4.899,0.060793,18.135,-0.60083,-28.123,-94.905
-18.497,-22.783,-8.9512,-7.0666,-28.85,34.515,-6.3477,-65.23,44.663,-27.059,-189.94,120.53,-62.834,45.366,47.804,106.39,72.786,815.62,-16.047,-7.1382,-7.1382,-7.1382,-2.4111,28.866,-0.27685,-167.07,32.845,-22.298,14.418,-37.788,-31.917,2.4635,3.1739,-1.401,-16.374,-19.716,4.5585,19.041,-74.054,-13.232,32.976,-55.335,-5.0232,-89.641,43.474,-59.82,-9.2972,-9.2972,-9.2972,-0.12998,-28.033,0.38681,32.937,66.325
-3.7886,-5.4829,-3.6118,3.9438,-3.9309,-3.6926,-8.7534,-0.7225,2.2459,-0.83699,-9.7682,6.3809,11.351,-10.933,14.28,-6.7039,18.319,-16.047,993.55,-0.42359,-0.42359,-0.42359,-2.2249,7.1373,0.19632,-12.43,9.8595,-4.8632,0.364,-5.7873,-6.7644,0.48114,-1.1445,0.12858,-3.6696,-3.7011,21.746,-16.353,-25.589,-27.067,18.261,9.6123,3.0653,-8.2404,3.0485,-16.308,0.96811,0.96811,0.96811,-0.025365,-4.9658,0.19157,34.481,20.186
0.39941,-0.31895,-2.4365,1.4735,-3.6463,6.5218,0.15478,-0.47709,3.0488,-1.7464,-12.385,6.9236,-21.373,20.274,-5.7361,23.091,-14.999,-7.1382,-0.42359,996.66,-3.3379,-3.3379,0.56834,1.0679,0.54013,-1.6873,-17.784,-1.8285,0.34518,-1.9733,-2.074,-0.3368,0.92033,-0.0085154,-1.9898,-0.4019,5.7956,-15.6,-3.4845,-15.818,-0.41967,11.558,-2.5058,10.483,-5.8051,-2.7653,-1.1964,-1.1964,-1.1964,-0.0086762,-0.79602,0.10241,10.565,-4.0786
0.39941,-0.31895,-2.4365,1.4735,-3.6463,6.5218,0.15478,-0.47709,3.0488,-1.7464,-12.385,6.9236,-21.373,20.274,-5.7361,23.091,-14.999,-7.1382,-0.42359,-3.3379,996.66,-3.3379,0.56834,1.0679,0.54013,-1.6873,-17.784,-1.8285,0.34518,-1.9733,-2.074,-0.3368,0.92033,-0.0085154,-1.9898,-0.4019,5.7956,-15.6,-3.4845,-15.818,-0.41967,11.558,-2.5058,10.483,-5.8051,-2.7653,-1.1964,-1.1964,-1.1964,-0.0086762,-0.79602,0.10241,10.565,-4.0786
0.39941,-0.31895,-2.4365,1.4735,-3.6463,6.5218,0.15478,-0.47709,3.0488,-1.7464,-12.385,6.9236,-21.373,20.274,-5.7361,23.091,-14.999,-7.1382,-0.42359,-3.3379,-3.3379,996.66,0.56834,1.0679,0.54013,-1.6873,-17.784,-1.8285,0.34518,-1.9733,-2.074,-0.3368,0.92033,-0.0085154,-1.9898,-0.4019,5.7956,-15.6,-3.4845,-15.818,-0.41967,11.558,-2.5058,10.483,-5.8051,-2.7653,-1.1964,-1.1964,-1.1964,-0.0086762,-0.79602,0.10241,10.565,-4.0786
-1.3069,-1.7742,-0.82597,1.3571,-0.44997,-3.1572,-3.3668,0.69397,-0.30978,0.37331,1.1213,-0.46175,9.3709,-8.7603,6.0305,-8.4724,9.0384,-2.4111,-2.2249,0.56834,0.56834,0.56834,999.05,2.1958,-0.29968,-2.271,6.8035,-1.2503,-0.11922,-1.3739,-1.8164,0.21901,-0.66634,0.070933,-0.83315,-1.1032,7.337,-3.677,-8.3377,-7.3877,6.7745,2.3049,1.7452,-4.0066,1.7099,-5.0381,0.73319,0.73319,0.73319,-0.0064998,-1.4097,-0.016013,11.022,7.7725
4.8446,6.7502,4.0871,-3.1465,5.9269,0.51018,8.4921,5.5837,-5.545,2.8752,23.756,-15.201,-4.762,5.7384,-16.431,-2.8435,-21.611,28.866,7.1373,1.0679,1.0679,1.0679,2.1958,991.24,0.26677,24.016,-10.737,6.2105,-1.4317,8.2275,8.6861,-0.61154,0.7708,-0.012207,4.6786,4.8903,-20.52,14.227,29.164,26.48,-19.195,-5.1488,-2.3239,13.835,-5.8103,19.558,-0.1374,-0.1374,-0.1374,0.033383,6.691,-0.48517,-34.528,-23.306
-0.28762,-0.1283,0.45923,-0.19624,-0.20522,-0.070618,-0.245,-0.068505,-0.18771,0.22327,-0.49857,0.16368,0.20193,0.3981,-0.43949,-0.29,0.29605,-0.27685,0.19632,0.54013,0.54013,0.54013,-0.29968,0.26677,0.0072436,1.0387,-0.89196,0.17646,0.021305,0.14191,0.18889,0.049371,-0.092547,0.011126,0.24127,-0.0072586,0.11659,0.27767,-0.42345,0.076234,0.32963,-0.38831,0.068624,-0.66641,0.32047,-0.19612,0.29249,0.29249,0.29249,0.00089058,0.078236,0.0010345,0.42282,-1.031
-17.492,-19.861,-3.4232,-11.374,-21.431,26.23,-2.4531,-64.75,39.158,-24.135,-167.35,107.59,-34.838,18.752,50.548,73.849,88.586,-167.07,-12.43,-1.6873,-1.6873,-1.6873,-2.271,24.016,1.0387,839.97,56.761,-17.265,13.832,-32.229,-25.673,2.7927,2.2879,-1.4627,-11.6,-17.488,-15.069,51.925,-56.931,24.832,25.195,-78.891,-2.5511,-103.25,51.675,-48.162,-7.9459,-7.9459,-7.9459,-0.10523,-24.65,0.2979,-0.12971,63.772
12.648,11.526,-8.0185,6.7894,-8.7954,33.409,12.975,18.551,2.038,-1.2138,-4.854,-2.8851,-124.55,122.85,-66.762,116.01,-136.27,32.845,9.8595,-17.784,-17.784,-17.784,6.8035,-10.737,-0.89196,56.761,868.92,1.3787,-2.8594,6.4508,5.0904,-3.4022,5.9647,0.24431,-2.8545,8.0061,9.3293,-83.282,31.292,-62.144,-33.915,77.62,-17.329,102.3,-52.963,20.591,-5.5211,-5.5211,-5.5211,0.016819,9.663,0.15961,15.114,-69.191
-3.132,-4.6276,-3.4978,2.4612,-5.2235,2.044,-5.4798,-4.232,4.8964,-2.6208,-20.747,12.942,-4.34,3.2255,9.0883,10.126,9.5959,-22.298,-4.8632,-1.8285,-1.8285,-1.8285,-1.2503,6.2105,0.17646,-17.265,1.3787,995.23,1.1411,-6.229,-6.5156,0.303,-0.17512,-0.0050009,-3.7879,-3.4315,15.173,-14.132,-20.504,-22.349,12.498,6.6905,0.64828,-6.1675,2.1752,-13.963,-0.36824,-0.36824,-0.36824,-0.025324,-4.7829,-0.070075,25.978,14.202
1.1461,1.1994,0.022254,1.5121,1.7959,-3.4792,-0.94213,6.1558,-3.6798,2.3315,15.657,-9.9788,6.3929,-4.7137,-2.5388,-9.643,-4.9883,14.418,0.364,0.34518,0.34518,0.34518,-0.11922,-1.4317,0.021305,13.832,-2.8594,1.1411,998.7,2.4653,1.7127,-0.17987,-0.43831,0.1582,0.76773,1.2149,3.929,-6.0455,2.3068,-4.8561,0.044427,8.0269,0.83342,8.0635,-4.1392,2.6501,0.97792,0.97792,0.97792,0.0073477,1.7624,0.015465,3.8491,-3.1406
-4.6623,-6.3139,-3.6726,1.188,-7.1291,4.7449,-5.3377,-10.474,8.5924,-4.9226,-36.535,23.089,-8.2064,5.5155,13.366,17.57,17.384,-37.788,-5.7873,-1.9733,-1.9733,-1.9733,-1.3739,8.2275,0.14191,-32.229,6.4508,-6.229,2.4653,990.9,-8.7093,0.5527,0.096118,-0.15228,-4.7524,-4.9652,12.77,-8.3911,-24.91,-18.768,14.146,-1.3703,0.26827,-15.813,7.0497,-17.922,-1.18,-1.18,-1.18,-0.034418,-6.9556,-0.15176,24.47,19.505
-4.5843,-6.5647,-4.4995,2.9981,-6.9552,2.2977,-7.539,-6.655,6.846,-3.6951,-29.1,18.307,-3.5674,1.9592,13.913,11.804,16.4,-31.917,-6.7644,-2.074,-2.074,-2.074,-1.8164,8.6861,0.18889,-25.673,5.0904,-6.5156,1.7127,-8.7093,991.01,0.49944,-0.32926,-0.026925,-5.0741,-4.8858,19.724,-16.453,-28.358,-28.037,17.488,6.4414,1.1841,-11.326,4.4987,-19.396,-0.45782,-0.45782,-0.45782,-0.034945,-6.7823,-0.018642,34.056,20.866
0.50437,0.54791,-0.034895,0.11983,0.10338,0.57211,0.52846,0.91983,-0.33678,0.19315,1.5226,-1.1041,-2.5728,2.656,-2.1657,1.9546,-4.0007,2.4635,0.48114,-0.3368,-0.3368,-0.3368,0.21901,-0.61154,0.049371,2.7927,-3.4022,0.303,-0.17987,0.5527,0.49944,999.89,0.135,0.013172,0.1378,0.40733,-0.29579,-1.6579,1.8106,-0.70992,-1.4037,1.9482,-0.41795,3.1456,-1.5802,1.2629,-0.075465,-0.075465,-0.075465,0.0018988,0.5341,-0.024088,-0.65397,-2.4866
-0.54411,-0.69487,-0.10726,0.93496,0.72559,-3.672,-2.2146,1.9705,-1.5351,1.0477,6.3283,-3.7389,10.25,-9.3198,3.7677,-10.775,6.329,3.1739,-1.1445,0.92033,0.92033,0.92033,-0.66634,0.7708,-0.092547,2.2879,5.9647,-0.17512,-0.43831,0.096118,-0.32926,0.135,999.37,0.081025,0.0018526,-0.2874,4.3528,-1.2485,-3.7728,-3.0899,4.0232,1.5416,1.5989,-1.9659,0.87118,-1.8751,0.84578,0.84578,0.84578,-0.00069242,-0.27354,-0.041354,5.7595,4.3863
-0.05133,-0.0074451,0.11235,-0.31459,-0.10185,0.50453,0.35667,-0.78195,0.39788,-0.26921,-1.6917,1.0813,-0.97836,0.75588,-0.0073705,1.2658,0.27481,-1.401,0.12858,-0.0085154,-0.0085154,-0.0085154,0.070933,-0.012207,0.011126,-1.4627,0.24431,-0.0050009,0.1582,-0.15228,-0.026925,0.013172,0.081025,999.98,0.013042,-0.056609,-1.1406,1.347,0.4107,1.4803,-0.49215,-1.3948,-0.17217,-0.91286,0.50347,0.11156,-0.14477,-0.14477,-0.14477,-0.00021517,-0.091317,0.00052253,-1.5076,-0.099546
-2.1228,-3.3755,-3.0928,2.3065,-4.4143,2.4199,-4.1666,-2.5332,3.8311,-2.0312,-16.119,9.8704,-6.7561,5.9014,5.3381,11.035,3.5823,-16.374,-3.6696,-1.9898,-1.9898,-1.9898,-0.83315,4.6786,0.24127,-11.6,-2.8545,-3.7879,0.76773,-4.7524,-5.0741,0.1378,0.0018526,0.013042,996.87,-2.498,12.933,-14.361,-15.721,-20.394,9.2438,8.2343,0.080837,-1.567,-0.019175,-10.658,-0.39925,-0.39925,-0.39925,-0.019763,-3.5208,-0.020897,21.936,9.4132
-2.9291,-3.85,-1.8649,0.85549,-3.4023,0.60388,-3.9062,-5.2379,4.0147,-2.2378,-17.212,11.08,1.5841,-2.6584,9.7533,3.404,14.1,-19.716,-3.7011,-0.4019,-0.4019,-0.4019,-1.1032,4.8903,-0.0072586,-17.488,8.0061,-3.4315,1.2149,-4.9652,-4.8858,0.40733,-0.2874,-0.056609,-2.498,997.09,8.2703,-3.4519,-15.308,-10.074,9.6711,-1.5773,1.0401,-11.053,5.0585,-10.673,-0.22512,-0.22512,-0.22512,-0.019027,-4.0071,-0.13488,14.957,13.317
7.4798,14.442,16.833,-23.145,12.173,17.016,34.618,-24.049,3.1733,-4.3903,-13.784,9.9403,-30.825,23.804,-28.712,25.995,-15.731,4.5585,21.746,5.7956,5.7956,5.7956,7.337,-20.52,0.11659,-15.069,9.3293,15.173,3.929,12.77,19.724,-0.29579,4.3528,-1.1406,12.933,8.2703,896.1,111.6,85.556,144.25,-63.494,-89.706,-10.069,-25.389,17.918,50.222,-5.6541,-5.6541,-5.6541,0.071412,10.957,-0.097254,-156.56,-49.644
-0.1014,-7.7366,-21.447,27.714,-16.506,0.060117,-28.113,36.9,-3.4531,4.6342,17.099,-15.384,-35.633,42.406,-9.025,34.547,-61.652,19.041,-16.353,-15.6,-15.6,-15.6,-3.677,14.227,0.27767,51.925,-83.282,-14.132,-6.0455,-8.3911,-16.453,-1.6579,-1.2485,1.347,-14.361,-3.4519,111.6,838.77,-68.173,-182.03,45.314,136.72,0.86011,85.475,-49.061,-38.298,3.0116,3.0116,3.0116,-0.060034,-5.0397,0.69244,167.96,10.543
-15.218,-22.212,-15.305,15.285,-18.121,-9.2894,-33.566,-6.4345,12.285,-5.4054,-52.815,33.788,30.267,-30.097,54.298,-9.5006,66.843,-74.054,-25.589,-3.4845,-3.4845,-3.4845,-8.3377,29.164,-0.42345,-56.931,31.292,-20.504,2.3068,-24.91,-28.358,1.8106,-3.7728,0.4107,-15.721,-15.308,85.556,-68.173,897.16,-110.74,71.033,38.79,10.271,-31.428,11.313,-66.455,2.6521,2.6521,2.6521,-0.10729,-20.738,-0.25578,137.64,78.491
-6.9894,-17.298,-26.922,33.15,-23.164,-5.5335,-42.066,32.699,1.5012,2.423,-4.4458,-1.2081,-16.008,22.837,16.866,23.869,-26.071,-13.232,-27.067,-15.818,-15.818,-15.818,-7.3877,26.48,0.076234,24.832,-62.144,-22.349,-4.8561,-18.768,-28.037,-0.70992,-3.0899,1.4803,-20.394,-10.074,144.25,-182.03,-110.74,779,75.41,146.22,5.9714,65.801,-40.822,-65.917,4.3445,4.3445,4.3445,-0.10376,-13.941,0.64419,220.67,46.127
10.31,14.882,9.4353,-11.924,8.5563,15.977,26.129,-2.6136,-2.5415,-0.011164,11.675,-8.2962,-46.515,43.614,-41.932,36.142,-55.714,32.976,18.261,-0.41967,-0.41967,-0.41967,6.7745,-19.195,0.32963,25.195,-33.915,12.498,0.044427,14.146,17.488,-1.4037,4.0232,-0.49215,9.2438,9.6711,-63.494,45.314,71.033,75.41,946.86,-28.915,-10.543,22.361,-8.2307,44.176,-4.0224,-4.0224,-4.0224,0.064521,12.771,-0.082754,-98.358,-57.919
-4.146,1.16,15.677,-24.124,7.4692,6.4687,21.126,-44.19,12.224,-9.4666,-54.033,38.106,18.549,-27.702,19.062,-8.2223,68.687,-55.335,9.6123,11.558,11.558,11.558,2.3049,-5.1488,-0.38831,-78.891,77.62,6.6905,8.0269,-1.3703,6.4414,1.9482,1.5416,-1.3948,8.2343,-1.5773,-89.706,136.72,38.79,146.22,-28.915,875.59,-1.3456,-90.753,50.259,17.854,-4.2801,-4.2801,-4.2801,0.020679,-2.0945,-0.46125,-129.51,7.1896
1.7389,2.1073,0.15146,-1.9796,-1.643,9.085,5.5647,-3.6128,3.2477,-2.244,-13.254,7.623,-26.382,24.316,-10.828,27.021,-18.671,-5.0232,3.0653,-2.5058,-2.5058,-2.5058,1.7452,-2.3239,0.068624,-2.5511,-17.329,0.64828,0.83342,0.26827,1.1841,-0.41795,1.5989,-0.17217,0.080837,1.0401,-10.069,0.86011,10.271,5.9714,-10.543,-1.3456,995.89,7.7849,-3.6586,5.431,-2.0306,-2.0306,-2.0306,0.003207,1.1217,-0.20896,-13.506,-12.509
-13.884,-13.325,5.4457,-11.827,-2.3516,-6.2714,-4.161,-41.517,15.842,-10.106,-70,48.674,54.352,-61.092,56.94,-33.396,115.6,-89.641,-8.2404,10.483,10.483,10.483,-4.0066,13.835,-0.66641,-103.25,102.3,-6.1675,8.0635,-15.813,-11.326,3.1456,-1.9659,-0.91286,-1.567,-11.053,-25.389,85.475,-31.428,65.801,22.361,-90.753,7.7849,892.77,55.379,-26.014,-0.86628,-0.86628,-0.86628,-0.045275,-14.718,-0.77609,-29.288,61.259
6.5805,5.9119,-3.7183,7.0687,0.23261,3.0082,0.50019,21.62,-7.6794,5.027,34.033,-23.856,-27.745,31.291,-27.503,17.758,-58.125,43.474,3.0485,-5.8051,-5.8051,-5.8051,1.7099,-5.8103,0.32047,51.675,-52.963,2.1752,-4.1392,7.0497,4.4987,-1.5802,0.87118,0.50347,-0.019175,5.0585,17.918,-49.061,11.313,-40.822,-8.2307,50.259,-3.6586,55.379,971.14,10.315,0.56294,0.56294,0.56294,0.018282,6.7114,0.17119,22.745,-28.517
-10.487,-14.953,-9.7603,8.274,-13.226,-2.0801,-20.043,-9.6355,11.25,-5.6305,-48.156,30.689,11.253,-12.764,35.647,4.7783,44.905,-59.82,-16.308,-2.7653,-2.7653,-2.7653,-5.0381,19.558,-0.19612,-48.162,20.591,-13.963,2.6501,-17.922,-19.396,1.2629,-1.8751,0.11156,-10.658,-10.673,50.222,-38.298,-66.455,-65.917,44.176,17.854,5.431,-26.014,10.315,955.96,0.66389,0.66389,0.66389,-0.074238,-14.586,-0.19891,83.147,51.405
0.092002,0.18864,-0.0083568,-1.4753,-1.6047,5.3309,2.5828,-4.4678,3.1444,-2.0586,-13.152,8.0485,-13.672,12.023,-2.9524,15.584,-4.899,-9.2972,0.96811,-1.1964,-1.1964,-1.1964,0.73319,-0.1374,0.29249,-7.9459,-5.5211,-0.36824,0.97792,-1.18,-0.45782,-0.075465,0.84578,-0.14477,-0.39925,-0.22512,-5.6541,3.0116,2.6521,4.3445,-4.0224,-4.2801,-2.0306,-0.86628,0.56294,0.66389,998.71,-1.2863,-1.2863,-0.0026681,-0.47785,-0.28838,-6.8083,-3.2494
0.092002,0.18864,-0.0083568,-1.4753,-1.6047,5.3309,2.5828,-4.4678,3.1444,-2.0586,-13.152,8.0485,-13.672,12.023,-2.9524,15.584,-4.899,-9.2972,0.96811,-1.1964,-1.1964,-1.1964,0.73319,-0.1374,0.29249,-7.9459,-5.5211,-0.36824,0.97792,-1.18,-0.45782,-0.075465,0.84578,-0.14477,-0.39925,-0.22512,-5.6541,3.0116,2.6521,4.3445,-4.0224,-4.2801,-2.0306,-0.86628,0.56294,0.66389,-1.2863,998.71,-1.2863,-0.0026681,-0.47785,-0.28838,-6.8083,-3.2494
0.092002,0.18864,-0.0083568,-1.4753,-1.6047,5.3309,2.5828,-4.4678,3.1444,-2.0586,-13.152,8.0485,-13.672,12.023,-2.9524,15.584,-4.899,-9.2972,0.96811,-1.1964,-1.1964,-1.1964,0.73319,-0.1374,0.29249,-7.9459,-5.5211,-0.36824,0.97792,-1.18,-0.45782,-0.075465,0.84578,-0.14477,-0.39925,-0.22512,-5.6541,3.0116,2.6521,4.3445,-4.0224,-4.2801,-2.0306,-0.86628,0.56294,0.66389,-1.2863,-1.2863,998.71,-0.0026681,-0.47785,-0.28838,-6.8083,-3.2494
-0.01768,-0.025203,-0.017205,0.010333,-0.027834,0.012481,-0.027158,-0.029135,0.028648,-0.015734,-0.12165,0.076426,-0.022655,0.015253,0.05195,0.055832,0.060793,-0.12998,-0.025365,-0.0086762,-0.0086762,-0.0086762,-0.0064998,0.033383,0.00089058,-0.10523,0.016819,-0.025324,0.0073477,-0.034418,-0.034945,0.0018988,-0.00069242,-0.00021517,-0.019763,-0.019027,0.071412,-0.060034,-0.10729,-0.10376,0.064521,0.020679,0.003207,-0.045275,0.018282,-0.074238,-0.0026681,-0.0026681,-0.0026681,1000,-0.026521,-0.0003958,0.12554,0.078464
-3.965,-5.239,-2.6389,1.0832,-4.9344,1.5948,-5.0673,-7.5819,5.8921,-3.3155,-25.202,16.141,-0.0093827,-1.6561,12.772,7.0559,18.135,-28.033,-4.9658,-0.79602,-0.79602,-0.79602,-1.4097,6.691,0.078236,-24.65,9.663,-4.7829,1.7624,-6.9556,-6.7823,0.5341,-0.27354,-0.091317,-3.5208,-4.0071,10.957,-5.0397,-20.738,-13.941,12.771,-2.0945,1.1217,-14.718,6.7114,-14.586,-0.47785,-0.47785,-0.47785,-0.026521,994.46,-0.14529,20.146,17.665
0.19586,0.27505,0.1139,0.13692,0.14813,0.055194,0.041324,0.47627,-0.2934,0.40596,-0.00010967,-0.4941,-0.063833,0.72915,0.045822,0.29572,-0.60083,0.38681,0.19157,0.10241,0.10241,0.10241,-0.016013,-0.48517,0.0010345,0.2979,0.15961,-0.070075,0.015465,-0.15176,-0.018642,-0.024088,-0.041354,0.00052253,-0.020897,-0.13488,-0.097254,0.69244,-0.25578,0.64419,-0.082754,-0.46125,-0.20896,-0.77609,0.17119,-0.19891,-0.28838,-0.28838,-0.28838,-0.0003958,-0.14529,0.0071893,1.5006,0.43798
13.376,24.485,26.897,-33.881,22.944,18.732,52.139,-27.06,-2.0425,-2.4559,8.0793,-3.0637,-30.916,23.11,-47.023,17.557,-28.123,32.937,34.481,10.565,10.565,10.565,11.022,-34.528,0.42282,-0.12971,15.114,25.978,3.8491,24.47,34.056,-0.65397,5.7595,-1.5076,21.936,14.957,-156.56,167.96,137.64,220.67,-98.358,-129.51,-13.506,-29.288,22.745,83.147,-6.8083,-6.8083,-6.8083,0.12554,20.146,1.5006,760.14,-81.002
14.917,19.022,6.9119,-6.6189,9.276,16.483,25.821,13.806,-8.8864,4.1323,39.548,-27.466,-61.768,61.834,-60.371,43.787,-94.905,66.325,20.186,-4.0786,-4.0786,-4.0786,7.7725,-23.306,-1.031,63.772,-69.191,14.202,-3.1406,19.505,20.866,-2.4866,4.3863,-0.099546,9.4132,13.317,-49.644,10.543,78.491,46.127,-57.919,7.1896,-12.509,61.259,-28.517,51.405,-3.2494,-3.2494,-3.2494,0.078464,17.665,0.43798,-81.002,922.93
