0.42681,0.33059,-0.26149,0.26039,0.28704,0.12048,0.19717,0.27959,0.17877,0.41819,0.60427,0.44483,0.55727,0.48903,0.40389,0.44511,0.35606,0.58036,-0.43323,-0.037448,-0.037448,-0.037448,0.03914,-0.19987,17.467,0.086693,-0.0080496
0.24799,0.0901,-0.36205,0.15601,0.061971,0.0055596,0.011517,0.024205,0.012526,0.058021,0.09406,0.00082217,0.028005,0.00060847,0.0087042,0.018508,0.014009,0.038139,-0.55348,-0.30557,-0.30557,-0.30557,8.5164e-06,-0.56621,-283.57,-0.67687,-0.48235
0.58147,0.49346,-0.12374,0.37104,0.5097,0.26116,0.52513,0.55746,0.35933,0.96789,0.91852,0.98509,0.97525,0.98503,0.95068,0.99696,0.99358,0.99786,-0.30791,0.085375,0.085375,0.085375,0.23543,0.18769,318.5,0.75495,0.38823
836.33,-155.35,71.626,-55.545,-161.29,-21.821,-36.873,-124.91,-96.859,-99.048,22.521,-8.6481,51.287,67.476,-21.608,-5.532,15.591,6.9904,32.078,50.614,50.614,50.614,-20.934,19.194,-0.01242,33.499,5.3416
-155.35,792.96,-12.164,-14.235,-192.49,-64.895,-67.151,-155.19,-60.013,-112.08,13.439,-46.507,10.813,8.8399,-41.46,6.6143,48.543,-8.7303,-53.633,-15.231,-15.231,-15.231,-5.8678,45.918,0.025947,38.068,-10.706
71.626,-12.164,827.69,116.66,-1.544,-13.297,-8.6268,9.1034,99.971,38.91,11.197,-37.791,-45.235,-64.364,-30.226,35.484,35.919,-6.3945,-169.87,-96.668,-96.668,-96.668,6.0848,27.158,0.035996,-5.1552,-20.143
-55.545,-14.235,116.66,828.25,39.438,16.936,82.565,-81.619,-109.35,-33.055,8.0106,49.181,-8.3058,44.946,-11.826,-12.569,11.551,25.76,94.331,23.917,23.917,23.917,85.565,110.88,-0.014505,-19.308,12.899
-161.29,-192.49,-1.544,39.438,711.74,28.969,-81.881,-78.127,-118.03,-66.471,47.6,-61.263,-14.229,-13.797,-5.821,14.219,18.487,-116.77,14.068,25.517,25.517,25.517,-91.78,-28.685,0.010938,56.268,-26.617
-21.821,-64.895,-13.297,16.936,28.969,707.13,-47.218,-149.26,158.01,-35.966,-55.896,-91.754,-23.035,-21.601,-55.574,-127.43,-19.497,65.21,-68.534,24.751,24.751,24.751,4.0241,-40.698,-0.0062356,10.695,-45.708
-36.873,-67.151,-8.6268,82.565,-81.881,-47.218,372.64,160.26,138.41,-74.165,-46.89,32.152,-62.814,-11.598,65.249,-89.56,-31.536,42.401,60.153,8.7836,8.7836,8.7836,-63.435,87.386,0.0012204,29.003,-69.081
-124.91,-155.19,9.1034,-81.619,-78.127,-149.26,160.26,409.18,137.53,-52.564,25.145,34.398,73.881,82.671,44.986,-67.728,-47.73,-92.847,-12.685,-34.997,-34.997,-34.997,83.807,-0.84587,-0.010875,-16.353,35.724
-96.859,-60.013,99.971,-109.35,-118.03,158.01,138.41,137.53,580.68,-19.173,-52.815,-178.55,7.0892,-24.012,-99.962,5.8181,0.69112,24.996,64.453,7.3271,7.3271,7.3271,26.575,16.001,0.016736,24.295,-19.945
-99.048,-112.08,38.91,-33.055,-66.471,-35.966,-74.165,-52.564,-19.173,491.72,23.046,149.06,54.022,-209.3,-111.1,216.47,-130.12,-5.8431,-43.257,26.694,26.694,26.694,16.614,-93.975,-0.015866,-34.782,5.7519
22.521,13.439,11.197,8.0106,47.6,-55.896,-46.89,25.145,-52.815,23.046,327.06,74.243,-52.496,106.08,-204.13,-93.131,91.735,-171.82,-72.443,-30.844,-30.844,-30.844,7.7288,-21.909,-0.0090866,-2.1681,46.242
-8.6481,-46.507,-37.791,49.181,-61.263,-91.754,32.152,34.398,-178.55,149.06,74.243,334.17,-63.982,-70.507,123.7,-145.54,-169.78,24.89,-84.125,-26.471,-26.471,-26.471,54.574,-3.8118,-0.008712,-42.878,-2.5444
51.287,10.813,-45.235,-8.3058,-14.229,-23.035,-62.814,73.881,7.0892,54.022,-52.496,-63.982,317.17,113.08,13.637,111.98,-112.11,-121.72,-81.575,55.063,55.063,55.063,50.382,-77.161,-0.04625,37.642,51.122
67.476,8.8399,-64.364,44.946,-13.797,-21.601,-11.598,82.671,-24.012,-209.3,106.08,-70.507,113.08,306.76,19.748,-101.33,105.18,-90.16,-68.191,11.216,11.216,11.216,-13.788,2.4131,-0.012839,24.827,53.848
-21.608,-41.46,-30.226,-11.826,-5.821,-55.574,65.249,44.986,-99.962,-111.1,-204.13,123.7,13.637,19.748,396.19,-160.42,-160.03,122.2,-0.26494,-15.48,-15.48,-15.48,-15.991,42.28,0.019708,-10.87,-42.557
-5.532,6.6143,35.484,-12.569,14.219,-127.43,-89.56,-67.728,5.8181,216.47,-93.131,-145.54,111.98,-101.33,-160.42,431.24,93.13,49.671,134.59,56.758,56.758,56.758,29.346,-25.45,0.0083663,22.82,17.265
15.591,48.543,35.919,11.551,18.487,-19.497,-31.536,-47.73,0.69112,-130.12,91.735,-169.78,-112.11,105.18,-160.03,93.13,307.44,28.294,105.23,-8.2986,-8.2986,-8.2986,-30.044,45.943,0.026476,2.8511,19.68
6.9904,-8.7303,-6.3945,25.76,-116.77,65.21,42.401,-92.847,24.996,-5.8431,-171.82,24.89,-121.72,-90.16,122.2,49.671,28.294,257.73,93.677,17.52,17.52,17.52,3.1889,54.016,0.036891,-14.737,-47.574
32.078,-53.633,-169.87,94.331,14.068,-68.534,60.153,-12.685,64.453,-43.257,-72.443,-84.125,-81.575,-68.191,-0.26494,134.59,105.23,93.677,598.75,8.9879,8.9879,8.9879,7.1047,122.49,0.053867,-10.043,4.9127
50.614,-15.231,-96.668,23.917,25.517,24.751,8.7836,-34.997,7.3271,26.694,-30.844,-26.471,55.063,11.216,-15.48,56.758,-8.2986,17.52,8.9879,757.39,-242.61,-242.61,82.163,-24.314,-0.0099707,28.693,-3.506
50.614,-15.231,-96.668,23.917,25.517,24.751,8.7836,-34.997,7.3271,26.694,-30.844,-26.471,55.063,11.216,-15.48,56.758,-8.2986,17.52,8.9879,-242.61,757.39,-242.61,82.163,-24.314,-0.0099707,28.693,-3.506
50.614,-15.231,-96.668,23.917,25.517,24.751,8.7836,-34.997,7.3271,26.694,-30.844,-26.471,55.063,11.216,-15.48,56.758,-8.2986,17.52,8.9879,-242.61,-242.61,757.39,82.163,-24.314,-0.0099707,28.693,-3.506
-20.934,-5.8678,6.0848,85.565,-91.78,4.0241,-63.435,83.807,26.575,16.614,7.7288,54.574,50.382,-13.788,-15.991,29.346,-30.044,3.1889,7.1047,82.163,82.163,82.163,811.75,15.558,-0.023056,-24.928,41.684
19.194,45.918,27.158,110.88,-28.685,-40.698,87.386,-0.84587,16.001,-93.975,-21.909,-3.8118,-77.161,2.4131,42.28,-25.45,45.943,54.016,122.49,-24.314,-24.314,-24.314,15.558,109.54,0.031756,2.0352,-26.496
-0.01242,0.025947,0.035996,-0.014505,0.010938,-0.0062356,0.0012204,-0.010875,0.016736,-0.015866,-0.0090866,-0.008712,-0.04625,-0.012839,0.019708,0.0083663,0.026476,0.036891,0.053867,-0.0099707,-0.0099707,-0.0099707,-0.023056,0.031756,6.2097e-05,0.0030379,-0.020076
33.499,38.068,-5.1552,-19.308,56.268,10.695,29.003,-16.353,24.295,-34.782,-2.1681,-42.878,37.642,24.827,-10.87,22.82,2.8511,-14.737,-10.043,28.693,28.693,28.693,-24.928,2.0352,0.0030379,48.375,-24.447
5.3416,-10.706,-20.143,12.899,-26.617,-45.708,-69.081,35.724,-19.945,5.7519,46.242,-2.5444,51.122,53.848,-42.557,17.265,19.68,-47.574,4.9127,-3.506,-3.506,-3.506,41.684,-26.496,-0.020076,-24.447,77.382
