1166.6,1066.1,-386.11,-1252.5,512.24,512.24,512.24,572.91,571.74
871.67,638.45,-593.46,-1570.2,201.8,201.8,201.8,19.594,266.59
1956.3,1903.1,-111.61,-742.95,1094.6,1094.6,1094.6,2595.7,1173.5
0.7872,-0.29188,-0.091408,0.06215,-0.0203,-0.0203,-0.0203,-0.13386,-0.22569
-0.29188,0.53615,-0.21538,-0.071247,-0.035906,-0.035906,-0.035906,-0.021332,-0.32812
-0.091408,-0.21538,0.81463,-0.1823,-0.095041,-0.095041,-0.095041,0.16734,-0.088952
0.06215,-0.071247,-0.1823,0.073021,0.04113,0.04113,0.04113,-0.036668,0.13815
-0.0203,-0.035906,-0.095041,0.04113,0.69445,-0.30555,-0.30555,-0.009921,0.11375
-0.0203,-0.035906,-0.095041,0.04113,-0.30555,0.69445,-0.30555,-0.009921,0.11375
-0.0203,-0.035906,-0.095041,0.04113,-0.30555,-0.30555,0.69445,-0.009921,0.11375
-0.13386,-0.021332,0.16734,-0.036668,-0.009921,-0.009921,-0.009921,0.053093,0.047009
-0.22569,-0.32812,-0.088952,0.13815,0.11375,0.11375,0.11375,0.047009,0.65275
47.627,47.627,47.627,47.627,47.627,47.627,47.627,47.627,47.627
