669.74,640.51,757.62,787.89,0.34131,85.079,709.96,754.8,669.72,531.62,562.2,254.95,996
2.5755,62.241,364.71,376.82,0.0036676,14.369,548.96,616.95,479.73,32.414,162.84,60.85,948.61
1391,988.02,1000,3816,4.4931,240.52,920.72,950.55,882.11,1475.4,1244.5,444.32,999.94
6.9103e-06,-3.0492e-07,-1.4235e-06,4.0439e-07,-5.1851e-05,8.4806e-06,2.7669e-05,-1.0439e-05,-1.9065e-05,6.4606e-06,-8.383e-06,-1.4767e-05,3.0004e-05
-3.0492e-07,1.9395e-05,9.2305e-06,6.4529e-08,-0.00013236,4.8987e-06,0.00014781,-7.4534e-05,-7.9348e-05,-7.0509e-06,8.1954e-06,1.4449e-05,-8.8638e-05
-1.4235e-06,9.2305e-06,4.1837e-05,1.7214e-06,-0.00016296,-1.2118e-06,3.853e-05,-2.8207e-05,-2.7089e-05,-1.1639e-05,1.4089e-05,1.2743e-05,-9.9317e-05
4.0439e-07,6.4529e-08,1.7214e-06,3.6264e-06,-1.9093e-05,2.4958e-06,1.3018e-05,-3.6183e-06,-6.1604e-06,2.2353e-07,-9.5173e-07,-9.2117e-07,2.5823e-06
-5.1851e-05,-0.00013236,-0.00016296,-1.9093e-05,0.9095,-0.0059691,0.012163,-0.0088649,-0.0028776,0.0012396,-0.0012004,-0.00072245,0.0077096
8.4806e-06,4.8987e-06,-1.2118e-06,2.4958e-06,-0.0059691,0.33382,0.00053532,-0.33336,0.33282,-3.0329e-05,-1.2002e-05,-4.2088e-05,0.0023539
2.7669e-05,0.00014781,3.853e-05,1.3018e-05,0.012163,0.00053532,0.01125,-0.0053337,-0.0058654,-4.3682e-05,0.00011045,-0.00029024,0.0015047
-1.0439e-05,-7.4534e-05,-2.8207e-05,-3.6183e-06,-0.0088649,-0.33336,-0.0053337,0.33602,-0.33063,1.4822e-05,-7.1219e-05,0.00012307,0.00043933
-1.9065e-05,-7.9348e-05,-2.7089e-05,-6.1604e-06,-0.0028776,0.33282,-0.0058654,-0.33063,0.33655,4.5067e-05,-5.8703e-05,0.00016423,-0.0019362
6.4606e-06,-7.0509e-06,-1.1639e-05,2.2353e-07,0.0012396,-3.0329e-05,-4.3682e-05,1.4822e-05,4.5067e-05,0.00011407,-0.00011392,-0.00018059,-0.00035959
-8.383e-06,8.1954e-06,1.4089e-05,-9.5173e-07,-0.0012004,-1.2002e-05,0.00011045,-7.1219e-05,-5.8703e-05,-0.00011392,0.00014612,0.00012766,0.00026187
-1.4767e-05,1.4449e-05,1.2743e-05,-9.2117e-07,-0.00072245,-4.2088e-05,-0.00029024,0.00012307,0.00016423,-0.00018059,0.00012766,0.00055306,-0.00041988
3.0004e-05,-8.8638e-05,-9.9317e-05,2.5823e-06,0.0077096,0.0023539,0.0015047,0.00043933,-0.0019362,-0.00035959,0.00026187,-0.00041988,0.034059
99.906,99.906,99.906,99.906,99.906,99.906,99.906,99.906,99.906,99.906,99.906,99.906,99.906
