215.35,0.72034,0.7656,0.00018788,0.058658,0.1134,0.22745,0.14023,0.99238
36.17,0.096774,0.40784,7.6838e-06,0.018396,0.018225,0.11748,0.046931,0.91681
352.27,0.98246,0.99608,0.0018085,0.22364,0.3522,0.4062,0.27715,0.99985
0.00016634,0.031636,0.025885,-107.22,0.64321,-0.11721,0.2052,-0.22845,-0.74394
0.031636,35.729,1.2114,-48206,94.529,-24.47,31.418,-13.298,-685.7
0.025885,1.2114,72.879,-18401,213.59,-75.833,121.05,-114.34,-287.3
-107.22,-48206,-18401,3.2438e+08,-1.1411e+06,2.2279e+05,-2.7793e+05,81190,4.1407e+06
0.64321,94.529,213.59,-1.1411e+06,9499.5,-606.85,996.53,-2450.4,-3807.4
-0.11721,-24.47,-75.833,2.2279e+05,-606.85,2730.3,-1513.7,-2162.9,2124.7
0.2052,31.418,121.05,-2.7793e+05,996.53,-1513.7,1266,582.6,-3477.7
-0.22845,-13.298,-114.34,81190,-2450.4,-2162.9,582.6,3612.6,-1571.1
-0.74394,-685.7,-287.3,4.1407e+06,-3807.4,2124.7,-3477.7,-1571.1,80204
