177.77,0.61512,0.72876,1.1577,0.0002154,0.081982,0.45099,0.48345,0.40147,0.094891,0.22622,0.1248,0.99037
7.0588,0.2,0.23922,0.54866,3.5872e-05,0.036051,0.36847,0.39952,0.31086,0.012394,0.10316,0.030099,0.95532
347.56,0.9875,0.96078,2.601,0.00061973,0.16275,0.58584,0.6102,0.53896,0.18899,0.30726,0.23548,0.99957
0.00010723,0.012527,-0.010704,0.0064069,0.0015114,0.066721,-0.11785,0.080313,0.013601,-0.20145,0.094284,0.13617,0.013186
0.012527,30.599,-7.0531,4.4214,-0.51357,64.22,19.465,2.8959,-61.322,-84.471,32.5,50.83,-16.032
-0.010704,-7.0531,44.036,-7.567,2.0191,-15.237,82.092,-23.833,-8.5896,-12.847,-9.5129,0.45587,-53.624
0.0064069,4.4214,-7.567,7.3888,-0.82091,18.838,-58.565,24.039,5.2032,-36.493,13.381,13.111,54.541
0.0015114,-0.51357,2.0191,-0.82091,9999.5,-27.644,-4.1811,-10.149,17.494,6.8971,4.3277,-3.9105,-2.905
0.066721,64.22,-15.237,18.838,-27.644,4352.9,154.6,-2945,2702.1,-531.26,-25.004,32.861,858.57
-0.11785,19.465,82.092,-58.565,-4.1811,154.6,5702.3,-2533.1,-2687.7,-273.25,32.759,-0.26773,148.7
0.080313,2.8959,-23.833,24.039,-10.149,-2945,-2533.1,4755.3,-2299.7,-80.29,-19.839,-39.627,379.14
0.013601,-61.322,-8.5896,5.2032,17.494,2702.1,-2687.7,-2299.7,4998.2,450.96,5.161,-72.469,-479.41
-0.20145,-84.471,-12.847,-36.493,6.8971,-531.26,-273.25,-80.29,450.96,4200.8,-1363.8,-2798.8,-151.41
0.094284,32.5,-9.5129,13.381,4.3277,-25.004,32.759,-19.839,5.161,-1363.8,1052,731.69,-638.39
0.13617,50.83,0.45587,13.111,-3.9105,32.861,-0.26773,-39.627,-72.469,-2798.8,731.69,2441.8,-580.99
0.013186,-16.032,-53.624,54.541,-2.905,858.57,148.7,379.14,-479.41,-151.41,-638.39,-580.99,6878.9
