557.96,398.14,-288.21,-933.84,49.591,49.591,49.591,0.017933,-3068.5
3416.2,3415.9,732.58,205.96,1528,1528,1528,8417,-17.96
0.00068496,-0.00064325,-8.7303e-05,-3.6344e-05,-1.5449e-06,-1.5449e-06,-1.5449e-06,-1.4412e-05,-1.1116e-05
-0.00064325,0.00062192,8.7191e-05,3.4207e-05,1.438e-06,1.438e-06,1.438e-06,1.039e-05,1.787e-05
-8.7303e-05,8.7191e-05,0.00011308,-3.1841e-05,-1.4402e-05,-1.4402e-05,-1.4402e-05,4.4091e-06,9.081e-06
-3.6344e-05,3.4207e-05,-3.1841e-05,2.6061e-05,5.652e-06,5.652e-06,5.652e-06,4.4435e-07,-8.3669e-08
-1.5449e-06,1.438e-06,-1.4402e-05,5.652e-06,0.66667,-0.33333,-0.33333,-4.277e-07,-9.3313e-07
-1.5449e-06,1.438e-06,-1.4402e-05,5.652e-06,-0.33333,0.66667,-0.33333,-4.277e-07,-9.3313e-07
-1.5449e-06,1.438e-06,-1.4402e-05,5.652e-06,-0.33333,-0.33333,0.66667,-4.277e-07,-9.3313e-07
-1.4412e-05,1.039e-05,4.4091e-06,4.4435e-07,-4.277e-07,-4.277e-07,-4.277e-07,2.3012e-06,2.1302e-06
-1.1116e-05,1.787e-05,9.081e-06,-8.3669e-08,-9.3313e-07,-9.3313e-07,-9.3313e-07,2.1302e-06,1.2007e-05
78.927,78.927,78.927,78.927,78.927,78.927,78.927,78.927,78.927
1409.9,1331.8,325.77,-522.45,1018.9,1018.9,1018.9,1198.3,-808.59
1,1,1,1,1,1,1,1,1
