0.58947,0.52878,0.23766,-0.00444,0.46037,0.46037,0.46037,0.092379
0.30304,0.20979,0.21867,-0.032086,0.42334,0.42334,0.42334,0.00052666
0.87165,0.83068,0.26411,0.038152,0.49027,0.49027,0.49027,0.26727
554.88,-482.25,-22.508,-15.778,-14.867,-14.867,-14.867,-53.559
-482.25,461.45,-22.225,0.55601,38.35,38.35,38.35,-41.093
-22.508,-22.225,993.88,-14.59,-11.097,-11.097,-11.097,-60.052
-15.778,0.55601,-14.59,952.27,-67.665,-67.665,-67.665,-154.52
-14.867,38.35,-11.097,-67.665,813.17,-186.83,-186.83,-94.69
-14.867,38.35,-11.097,-67.665,-186.83,813.17,-186.83,-94.69
-14.867,38.35,-11.097,-67.665,-186.83,-186.83,813.17,-94.69
-53.559,-41.093,-60.052,-154.52,-94.69,-94.69,-94.69,329.43
