221.26,0.63254,0.71961,0.011892,0.3942,0.0085427,0.21834,0.092958,0.058459
55.2,0.19841,0.21961,0.0018632,0.16144,0.0036171,0.10639,0.066524,0.0010373
347.37,0.96629,0.93333,0.015213,0.46014,0.018199,0.25089,0.10668,0.113
0.00021337,-0.0072591,-0.05102,10.777,-0.0094119,-1.6339,-0.95309,0.39751,-0.0095995
-0.0072591,30.062,-3.0422,-1559.9,-56.152,829.45,240.83,-326.47,30.474
-0.05102,-3.0422,50.435,-2254.1,33.398,263.44,47.162,-204.1,58.104
10.777,-1559.9,-2254.1,2.1049e+07,1.595e+05,-3.4092e+05,-2.2574e+06,-1.9363e+05,25476
-0.0094119,-56.152,33.398,1.595e+05,5140,-13812,-23831,-2409.5,14.033
-1.6339,829.45,263.44,-3.4092e+05,-13812,2.7588e+05,50490,-37605,-6271.9
-0.95309,240.83,47.162,-2.2574e+06,-23831,50490,2.5554e+05,23465,-2621
0.39751,-326.47,-204.1,-1.9363e+05,-2409.5,-37605,23465,20032,-169.29
-0.0095995,30.474,58.104,25476,14.033,-6271.9,-2621,-169.29,1225.4
