755.58,600.13,724.9,1154.8,0.19247,78.512,456.04,487.35,408.84,98.262,231.75,127.43,991.2
27.573,200,239.22,455.17,0.024517,31.127,368.47,399.52,310.86,12.394,103.16,30.099,955.32
1382.8,988.24,1000,2601,0.61973,162.75,723.7,752.86,694.1,199.21,307.26,235.48,999.83
8.3557e-06,5.4829e-06,-4.5528e-06,2.2298e-06,4.5117e-05,2.8778e-05,-4.0288e-05,2.5019e-05,-3.4939e-06,-0.00014439,5.6975e-05,0.00010885,-4.7286e-05
5.4829e-06,3.5396e-05,-8.0981e-06,3.1939e-06,-1.9428e-05,6.414e-05,7.1519e-05,-2.9234e-05,-9.3239e-05,-0.00024034,8.9738e-05,0.00017458,-8.8354e-05
-4.5528e-06,-8.0981e-06,3.7526e-05,-4.776e-06,0.00019452,-4.1101e-05,6.2893e-05,-4.9782e-05,-8.6213e-06,9.0399e-05,-3.9656e-05,-5.1961e-05,-9.1098e-05
2.2298e-06,3.1939e-06,-4.776e-06,7.9293e-06,-2.0071e-05,1.8675e-05,-0.00016006,7.8475e-05,6.009e-05,-0.00011837,4.9383e-05,6.6244e-05,4.4075e-05
4.5117e-05,-1.9428e-05,0.00019452,-2.0071e-05,0.9947,-0.0025256,-0.0022326,-0.0001744,0.0023511,0.0015008,-0.00014366,-0.0010358,0.0015934
2.8778e-05,6.414e-05,-4.1101e-05,1.8675e-05,-0.0025256,0.33474,0.001003,-0.3331,0.33216,-0.00143,0.00027489,0.00034931,0.0025266
-4.0288e-05,7.1519e-05,6.2893e-05,-0.00016006,-0.0022326,0.001003,0.026624,-0.012162,-0.013173,-0.0026765,0.00044562,0.00040313,0.0059247
2.5019e-05,-2.9234e-05,-4.9782e-05,7.8475e-05,-0.0001744,-0.3331,-0.012162,0.33932,-0.32758,0.0009767,-0.00024818,-0.00037588,-0.00098488
-3.4939e-06,-9.3239e-05,-8.6213e-06,6.009e-05,0.0023511,0.33216,-0.013173,-0.32758,0.34027,0.0024064,-0.00052421,-0.00072384,-0.0035042
-0.00014439,-0.00024034,9.0399e-05,-0.00011837,0.0015008,-0.00143,-0.0026765,0.0009767,0.0024064,0.014554,-0.0045867,-0.010338,-0.00012983
5.6975e-05,8.9738e-05,-3.9656e-05,4.9383e-05,-0.00014366,0.00027489,0.00044562,-0.00024818,-0.00052421,-0.0045867,0.0021084,0.0031619,-0.0013363
0.00010885,0.00017458,-5.1961e-05,6.6244e-05,-0.0010358,0.00034931,0.00040313,-0.00037588,-0.00072384,-0.010338,0.0031619,0.0083137,-0.0027674
-4.7286e-05,-8.8354e-05,-9.1098e-05,4.4075e-05,0.0015934,0.0025266,0.0059247,-0.00098488,-0.0035042,-0.00012983,-0.0013363,-0.0027674,0.021928
88.483,88.483,88.483,88.483,88.483,88.483,88.483,88.483,88.483,88.483,88.483,88.483,88.483
