1.1694,1.1163,-0.023197,-1.0305,0.94529,0.94529,0.94529,0.27527
0.40717,0.39785,-0.64936,-1.5643,0.32666,0.32666,0.32666,1.9154e-05
1.682,1.675,0.49581,-0.44399,1.5606,1.5606,1.5606,1.3862
242,-263.68,77.37,-40.306,-8.7761,-8.7761,-8.7761,26.366
-263.68,325.75,-166.73,93.815,25.369,25.369,25.369,-60.499
77.37,-166.73,283.91,-156.83,-53.503,-53.503,-53.503,81.709
-40.306,93.815,-156.83,92.776,28.872,28.872,28.872,-49.488
-8.7761,25.369,-53.503,28.872,677.82,-322.18,-322.18,-14.609
-8.7761,25.369,-53.503,28.872,-322.18,677.82,-322.18,-14.609
-8.7761,25.369,-53.503,28.872,-322.18,-322.18,677.82,-14.609
26.366,-60.499,81.709,-49.488,-14.609,-14.609,-14.609,34.271
