845.06,836.81,-226.78,-436.66,138.86,138.86,138.86,70.112,-619.38
998.89,977.57,228.18,-295.04,843.11,843.11,843.11,375.15,682.67
0.48405,-0.45055,-0.001683,0.16703,0.0090779,0.0090779,0.0090779,-0.13594,0.0057203
-0.45055,0.60423,0.027384,0.16449,-0.00090182,-0.00090182,-0.00090182,-0.090687,-0.0061657
-0.001683,0.027384,0.53612,-0.26055,-0.034615,-0.034615,-0.034615,-0.41927,-0.0253
0.16703,0.16449,-0.26055,0.78732,0.036594,0.036594,0.036594,-0.20083,0.01496
0.0090779,-0.00090182,-0.034615,0.036594,0.66953,-0.33047,-0.33047,0.014626,0.0017577
0.0090779,-0.00090182,-0.034615,0.036594,-0.33047,0.66953,-0.33047,0.014626,0.0017577
0.0090779,-0.00090182,-0.034615,0.036594,-0.33047,-0.33047,0.66953,0.014626,0.0017577
-0.13594,-0.090687,-0.41927,-0.20083,0.014626,0.014626,0.014626,0.57867,0.017749
0.0057203,-0.0061657,-0.0253,0.01496,0.0017577,0.0017577,0.0017577,0.017749,0.0012661
43.504,43.504,43.504,43.504,43.504,43.504,43.504,43.504,43.504
936.97,921.51,-51.062,-374.13,416.85,416.85,416.85,157.69,75.088
1,1,1,1,1,1,1,1,1
