537.34,507.54,-484.62,-1469.6,597.35,597.35,597.35,8.7494,-325.2
2160.9,2105.9,-89.153,-1013.3,805.98,805.98,805.98,991.48,371.79
0.59602,-0.4001,0.063384,0.11302,-0.059625,-0.059625,-0.059625,-0.21824,0.074949
-0.4001,0.60187,0.05237,0.11154,-0.066586,-0.066586,-0.066586,-0.1976,0.1096
0.063384,0.05237,0.93239,-0.019943,-0.032408,-0.032408,-0.032408,0.13698,0.18429
0.11302,0.11154,-0.019943,0.96829,0.015081,0.015081,0.015081,0.064995,-0.013457
-0.059625,-0.066586,-0.032408,0.015081,0.96095,-0.039047,-0.039047,0.0422,0.15305
-0.059625,-0.066586,-0.032408,0.015081,-0.039047,0.96095,-0.039047,0.0422,0.15305
-0.059625,-0.066586,-0.032408,0.015081,-0.039047,-0.039047,0.96095,0.0422,0.15305
-0.21824,-0.1976,0.13698,0.064995,0.0422,0.0422,0.0422,0.69904,-0.30883
0.074949,0.1096,0.18429,-0.013457,0.15305,0.15305,0.15305,-0.30883,0.31952
26.584,26.584,26.584,26.584,26.584,26.584,26.584,26.584,26.584
1264.1,1234.6,-250.07,-1215.1,733.87,733.87,733.87,339.8,99.619
1,1,1,1,1,1,1,1,1
