1.4079,1.3351,0.32108,-0.53442,1.0672,1.0672,1.0672,1.3451
0.55796,0.39814,-0.28231,-0.93154,0.072711,0.072711,0.072711,1.7933e-05
3.4162,3.4159,0.57795,-0.040766,1.5279,1.5279,1.5279,8.417
359.23,-325.69,22.163,-44.717,-9.0575,-9.0575,-9.0575,-8.5898
-325.69,310.44,-1.7966,28.971,6.1319,6.1319,6.1319,2.5477
22.163,-1.7966,152.45,-74.523,-19.472,-19.472,-19.472,-6.0108
-44.717,28.971,-74.523,53.357,10.742,10.742,10.742,5.2753
-9.0575,6.1319,-19.472,10.742,670.1,-329.9,-329.9,0.90364
-9.0575,6.1319,-19.472,10.742,-329.9,670.1,-329.9,0.90364
-9.0575,6.1319,-19.472,10.742,-329.9,-329.9,670.1,0.90364
-8.5898,2.5477,-6.0108,5.2753,0.90364,0.90364,0.90364,2.2188
