762.34,665.82,707.51,640.78,8.9404,349.78,966.57,1134.6,784.83,29.778,240.98,175.27,105.76
49.838,79.787,164.71,196.47,6.1651,302.4,818.05,1011.6,642.49,4.311,159.15,66.396,1.7417
1364.1,1000,988.24,3311.3,16.259,438.87,1153.7,1313.4,972.93,62.78,448.16,257.92,262.69
8.6078e-06,-1.5505e-07,-5.9443e-06,1.6197e-07,-9.7504e-05,-3.0277e-05,4.1338e-05,-4.301e-05,-1.2586e-05,7.8012e-05,-5.2735e-06,-2.5732e-06,-2.1797e-06
-1.5505e-07,2.0188e-05,-2.4442e-06,1.4974e-06,0.00031158,3.2655e-05,-4.245e-05,2.4796e-05,-6.8078e-06,-0.00015531,2.943e-05,-4.6747e-05,5.1601e-05
-5.9443e-06,-2.4442e-06,3.4028e-05,1.8766e-06,0.000508,-2.932e-05,-1.6282e-05,1.6353e-05,4.7466e-05,-9.7171e-05,-2.1804e-05,0.00010179,-3.056e-05
1.6197e-07,1.4974e-06,1.8766e-06,2.2228e-06,0.00019736,-1.501e-05,4.2137e-06,-9.8569e-06,6.3461e-06,5.1567e-06,-3.6196e-06,9.7519e-06,-1.6527e-06
-9.7504e-05,0.00031158,0.000508,0.00019736,0.38194,-0.010158,0.010007,-0.010722,-0.00054389,0.032095,-0.0054363,-0.008358,-0.00072539
-3.0277e-05,3.2655e-05,-2.932e-05,-1.501e-05,-0.010158,0.3351,-0.0020962,-0.33135,0.33355,-0.0031372,0.00073805,-0.00073267,0.00046517
4.1338e-05,-4.245e-05,-1.6282e-05,4.2137e-06,0.010007,-0.0020962,0.010319,-0.0063113,-0.0042067,0.0018849,-0.00083585,-0.00038754,0.00027529
-4.301e-05,2.4796e-05,1.6353e-05,-9.8569e-06,-0.010722,-0.33135,-0.0063113,0.33767,-0.33099,-0.00253,0.00075468,-6.8404e-05,4.7359e-06
-1.2586e-05,-6.8078e-06,4.7466e-05,6.3461e-06,-0.00054389,0.33355,-0.0042067,-0.33099,0.33545,0.00049129,1.2258e-05,0.00068811,-0.00046642
7.8012e-05,-0.00015531,-9.7171e-05,5.1567e-06,0.032095,-0.0031372,0.0018849,-0.00253,0.00049129,0.024655,-0.0043769,-0.00021314,-0.0020331
-5.2735e-06,2.943e-05,-2.1804e-05,-3.6196e-06,-0.0054363,0.00073805,-0.00083585,0.00075468,1.2258e-05,-0.0043769,0.0015889,-0.00074901,0.00049977
-2.5732e-06,-4.6747e-05,0.00010179,9.7519e-06,-0.008358,-0.00073267,-0.00038754,-6.8404e-05,0.00068811,-0.00021314,-0.00074901,0.0028279,-0.00066087
-2.1797e-06,5.1601e-05,-3.056e-05,-1.6527e-06,-0.00072539,0.00046517,0.00027529,4.7359e-06,-0.00046642,-0.0020331,0.00049977,-0.00066087,0.00072967
93.453,93.453,93.453,93.453,93.453,93.453,93.453,93.453,93.453,93.453,93.453,93.453,93.453
