490.66,490.65,-25.68,-85.504,35.888,35.888,35.888,4.8484,-438.2
1293.6,1286.7,133.19,52.547,209.69,209.69,209.69,714.55,89.649
0.64576,-0.35238,-0.031666,-0.02742,-0.036619,-0.036619,-0.036619,-0.30798,0.062849
-0.35238,0.64937,-0.029104,-0.025194,-0.033809,-0.033809,-0.033809,-0.30594,0.07077
-0.031666,-0.029104,0.93914,-0.052883,-0.066677,-0.066677,-0.066677,-0.037985,-0.19425
-0.02742,-0.025194,-0.052883,0.95405,-0.057934,-0.057934,-0.057934,-0.032924,-0.16882
-0.036619,-0.033809,-0.066677,-0.057934,0.92694,-0.073057,-0.073057,-0.043259,-0.21187
-0.036619,-0.033809,-0.066677,-0.057934,-0.073057,0.92694,-0.073057,-0.043259,-0.21187
-0.036619,-0.033809,-0.066677,-0.057934,-0.073057,-0.073057,0.92694,-0.043259,-0.21187
-0.30798,-0.30594,-0.037985,-0.032924,-0.043259,-0.043259,-0.043259,0.73035,0.01864
0.062849,0.07077,-0.19425,-0.16882,-0.21187,-0.21187,-0.21187,0.01864,0.30052
24.826,24.826,24.826,24.826,24.826,24.826,24.826,24.826,24.826
1012.7,1010.3,34.843,-32.842,100.64,100.64,100.64,457.13,-112.74
1,1,1,1,1,1,1,1,1
