756.49,589.47,545.97,635.08,12.462,425.93,918.84,1130.6,704.7,51.188
42.614,373.91,317.65,448.5,9.7409,403.03,883.06,1082.7,666.61,38.007
1289.1,890.71,741.18,840.92,14.157,460.14,993.3,1224,790.5,64.104
5.024e-05,-7.0169e-05,-1.8037e-05,-9.5299e-05,-0.0012373,-0.00080659,-0.00066452,0.00011588,0.00090595,0.00050968
-7.0169e-05,0.00017436,-3.2319e-05,0.0002162,-0.00053394,0.0014767,0.0013539,-0.00024665,-0.0016989,-0.00069133
-1.8037e-05,-3.2319e-05,0.00012973,-0.00010129,0.003157,-7.9052e-05,0.00071853,-0.00039994,-0.00031592,2.8277e-05
-9.5299e-05,0.0002162,-0.00010129,0.00045753,-0.0017275,0.0020486,-0.00048509,0.00068389,-0.0013286,-0.0019463
-0.0012373,-0.00053394,0.003157,-0.0017275,0.98412,-0.016921,-0.074969,0.029651,0.046618,-0.067248
-0.00080659,0.0014767,-7.9052e-05,0.0020486,-0.016921,0.35017,0.012801,-0.33478,0.31531,-0.009972
-0.00066452,0.0013539,0.00071853,-0.00048509,-0.074969,0.012801,0.09826,-0.041989,-0.054423,0.03405
0.00011588,-0.00024665,-0.00039994,0.00068389,0.029651,-0.33478,-0.041989,0.35261,-0.31273,-0.018512
0.00090595,-0.0016989,-0.00031592,-0.0013286,0.046618,0.31531,-0.054423,-0.31273,0.37159,-0.0087756
0.00050968,-0.00069133,2.8277e-05,-0.0019463,-0.067248,-0.009972,0.03405,-0.018512,-0.0087756,0.04591
59.585,59.585,59.585,59.585,59.585,59.585,59.585,59.585,59.585,59.585
