182.41,0.63186,0.7703,0.084124,1.0866,0.95766,1.3721,0.28548,0.20856,0.95042,0.45223,0.0567
4.2581,0.018779,0.24706,0.0078362,0.43561,0.37073,0.5803,-0.13891,0.019915,0.27554,0.075778,0.00065546
358.61,0.98312,0.99608,0.23716,1.7473,1.3011,1.6795,0.89634,0.80101,1.844,0.89087,0.31251
0.00013269,-0.00078253,0.018648,-0.035334,-0.00043036,0.030888,-0.015266,-0.01483,0.0092353,1.7608e-05,0.019156,0.0051858
-0.00078253,19.2,-2.9198,-3.4352,2.5849,-5.3159,5.0336,2.4505,7.6873,-0.2163,-2.4144,-2.9084
0.018648,-2.9198,34.851,-5.0013,0.21136,8.893,-6.1577,-6.3671,-0.53473,1.2944,-0.13809,8.9868
-0.035334,-3.4352,-5.0013,641.18,-66.666,52.901,-54.701,11.963,10.845,-3.3846,-5.6628,39.174
-0.00043036,2.5849,0.21136,-66.666,351.29,-15.378,-315.76,332.95,6.8185,-0.28435,-25.596,-14.479
0.030888,-5.3159,8.893,52.901,-15.378,130.46,-69.974,-54.599,2.4725,-10.554,11.915,22.898
-0.015266,5.0336,-6.1577,-54.701,-315.76,-69.974,382.7,-301.54,2.6734,3.0932,-17.433,-24.161
-0.01483,2.4505,-6.3671,11.963,332.95,-54.599,-301.54,365.51,-4.1496,3.3781,8.1673,-9.6852
0.0092353,7.6873,-0.53473,10.845,6.8185,2.4725,2.6734,-4.1496,181.96,-45.869,-49.607,-136.61
1.7608e-05,-0.2163,1.2944,-3.3846,-0.28435,-10.554,3.0932,3.3781,-45.869,23.815,-0.69927,34.005
0.019156,-2.4144,-0.13809,-5.6628,-25.596,11.915,-17.433,8.1673,-49.607,-0.69927,115.22,46.059
0.0051858,-2.9084,8.9868,39.174,-14.479,22.898,-24.161,-9.6852,-136.61,34.005,46.059,350.7
