699.82,349.87,630.59,1162.2,15.325,410.68,551.66,774.43,363.75,199.58
445.31,80.292,494.12,783.63,7.7195,363.48,441.22,663.53,288.47,146.44
1036.1,569.15,768.63,1785.6,22.296,479,642.57,870.12,478.17,259.84
0.22163,-0.27721,0.12703,0.091272,-0.01789,-0.10969,0.015109,0.055634,0.16532,-0.16772
-0.27721,0.38521,-0.23625,-0.12889,0.015354,0.1218,-0.0863,-0.10445,-0.22625,0.053765
0.12703,-0.23625,0.39296,0.052855,0.039614,0.22778,0.24079,0.22021,-0.0075743,0.060972
0.091272,-0.12889,0.052855,0.04858,0.003141,-0.086154,0.013568,0.015292,0.10145,0.01825
-0.01789,0.015354,0.039614,0.003141,0.99724,-0.015902,-0.013201,-0.011185,0.0047166,-0.0068277
-0.10969,0.1218,0.22778,-0.086154,-0.015902,0.88662,-0.033163,-0.016092,0.097288,-0.056975
0.015109,-0.0863,0.24079,0.013568,-0.013201,-0.033163,0.75788,-0.25451,-0.22135,0.051046
0.055634,-0.10445,0.22021,0.015292,-0.011185,-0.016092,-0.25451,0.72851,-0.2554,0.06821
0.16532,-0.22625,-0.0075743,0.10145,0.0047166,0.097288,-0.22135,-0.2554,0.64731,0.12519
-0.16772,0.053765,0.060972,0.01825,-0.0068277,-0.056975,0.051046,0.06821,0.12519,0.93439
41.784,41.784,41.784,41.784,41.784,41.784,41.784,41.784,41.784,41.784
