217.13,0.64051,0.72016,0.68985,0.011818,0.39378,0.8419,1.0291,0.63527,0.0086674,0.21767,0.09381,0.060462
55.2,0.19841,0.21961,0.5073,0.0018632,0.16144,0.17067,0.39347,0.017833,0.0036171,0.10639,0.066524,0.0010373
347.37,0.96629,0.93333,1.0898,0.015213,0.46014,0.99852,1.224,0.83031,0.018199,0.25089,0.10668,0.113
0.00030714,0.00037873,-0.055217,-0.060816,0.0060622,0.037685,-0.017566,-0.023327,-0.061036,-0.0051625,0.05171,0.0067203,-0.11401
0.00037873,25.691,-5.8916,14.919,0.7658,12.718,15.132,-2.6609,-15.379,2.0033,10.391,-9.4341,26.363
-0.055217,-5.8916,43.616,5.807,-2.5842,-19.511,-21.706,6.7491,26.264,0.79942,-23.199,-5.4465,44.122
-0.060816,14.919,5.807,121.18,0.55511,35.44,44.212,27.444,-7.9936,5.4137,2.8484,28.287,74.709
0.0060622,0.7658,-2.5842,0.55511,998.56,-15.068,-2.7951,-7.4656,7.6026,0.3575,-14.508,1.8316,-1.6105
0.037685,12.718,-19.511,35.44,-15.068,600.11,30.442,-236.66,163.23,-8.6063,-168.16,-0.83217,-65.886
-0.017566,15.132,-21.706,44.212,-2.7951,30.442,565.55,-259.68,-290.11,4.6127,-18.27,-3.6664,-26.221
-0.023327,-2.6609,6.7491,27.444,-7.4656,-236.66,-259.68,521.78,-241.56,-7.6107,-89.394,-1.0663,9.5642
-0.061036,-15.379,26.264,-7.9936,7.6026,163.23,-290.11,-241.56,595.21,0.99499,78.765,-0.22957,75.453
-0.0051625,2.0033,0.79942,5.4137,0.3575,-8.6063,4.6127,-7.6107,0.99499,993.16,5.2161,-13.401,-15.661
0.05171,10.391,-23.199,2.8484,-14.508,-168.16,-18.27,-89.394,78.765,5.2161,847.7,27.362,-17.401
0.0067203,-9.4341,-5.4465,28.287,1.8316,-0.83217,-3.6664,-1.0663,-0.22957,-13.401,27.362,924.78,-13.778
-0.11401,26.363,44.122,74.709,-1.6105,-65.886,-26.221,9.5642,75.453,-15.661,-17.401,-13.778,577.89
