0,14.815,23.529,237.66,0.017687,24.778,362.55,380.1,340.88,9.719,67.779,46.274,867.73
1289.1,363.64,572.55,880.41,0.30133,100.94,1157.6,1178.4,1141.1,89.785,248.37,133.7,999.69
3.5032e-05,4.3368e-05,7.5974e-05,-5.3108e-05,-1.6512e-05,0.00038014,0.0020498,-0.0008358,-0.0012108,6.9002e-05,0.00021884,0.00023154,-8.1719e-05
4.3368e-05,0.0013032,0.00029711,-0.00036574,-8.3554e-05,-5.0231e-05,0.0063058,-0.0031656,-0.0030591,0.0044768,-0.00049685,-0.0029742,-0.0026993
7.5974e-05,0.00029711,0.00047877,-0.00019529,-4.1032e-05,0.0013038,0.002122,-0.00047819,-0.0017483,0.0017617,0.00016956,-0.00010568,-0.00023033
-5.3108e-05,-0.00036574,-0.00019529,0.00026406,5.2848e-05,-0.00025027,-0.0051926,0.0024847,0.0027121,-0.0014713,-0.00040963,0.00019576,0.00092484
-1.6512e-05,-8.3554e-05,-4.1032e-05,5.2848e-05,0.99997,-0.0016475,0.00098948,-0.001348,0.00029569,-0.0013597,-5.2904e-05,0.00088932,0.0015057
0.00038014,-5.0231e-05,0.0013038,-0.00025027,-0.0016475,0.34565,-0.0065497,-0.32401,0.33045,0.00075152,-0.00072396,0.0012852,0.0062272
0.0020498,0.0063058,0.002122,-0.0051926,0.00098948,-0.0065497,0.39134,-0.19798,-0.19101,0.018018,0.021994,0.0014641,-0.042519
-0.0008358,-0.0031656,-0.00047819,0.0024847,-0.001348,-0.32401,-0.19798,0.43648,-0.23967,-0.0082865,-0.011486,-0.00032119,0.024307
-0.0012108,-0.0030591,-0.0017483,0.0027121,0.00029569,0.33045,-0.19101,-0.23967,0.42961,-0.0089659,-0.010732,-0.001671,0.017976
6.9002e-05,0.0044768,0.0017617,-0.0014713,-0.0013597,0.00075152,0.018018,-0.0082865,-0.0089659,0.11954,-0.026998,-0.067894,-0.0027811
0.00021884,-0.00049685,0.00016956,-0.00040963,-5.2904e-05,-0.00072396,0.021994,-0.011486,-0.010732,-0.026998,0.011288,0.017604,-0.0034518
0.00023154,-0.0029742,-0.00010568,0.00019576,0.00088932,0.0012852,0.0014641,-0.00032119,-0.001671,-0.067894,0.017604,0.04984,0.0021066
-8.1719e-05,-0.0026993,-0.00023033,0.00092484,0.0015057,0.0062272,-0.042519,0.024307,0.017976,-0.0027811,-0.0034518,0.0021066,0.013335
72.462,72.462,72.462,72.462,72.462,72.462,72.462,72.462,72.462,72.462,72.462,72.462,72.462
1007.7,103.11,423.09,487.61,0.093613,49.55,1000.1,1025.1,975.58,53.07,202.04,90.333,996.27
0.5625,0.5625,0.5625,0.5625,0.5625,0.5625,0.5625,0.5625,0.5625,0.5625,0.5625,0.5625,0.5625
692.66,115.99,311.37,557.23,0.039064,36.989,768.22,784.53,747.54,58.14,199.24,101.75,997.91
0.3125,0.3125,0.3125,0.3125,0.3125,0.3125,0.3125,0.3125,0.3125,0.3125,0.3125,0.3125,0.3125
121.37,249.61,266.67,597.24,0.16672,48.289,1148.5,1173.7,1125.4,10.284,86.031,49.141,929.68
0.125,0.125,0.125,0.125,0.125,0.125,0.125,0.125,0.125,0.125,0.125,0.125,0.125
