177.77,0.61512,0.72876,1.1577,0.0002154,0.081982,0.45099,0.48345,0.40147,0.094891,0.22622,0.1248,0.99037
7.0588,0.2,0.23922,0.54866,3.5872e-05,0.036051,0.36847,0.39952,0.31086,0.012394,0.10316,0.030099,0.95532
347.56,0.9875,0.96078,2.601,0.00061973,0.16275,0.58584,0.6102,0.53896,0.18899,0.30726,0.23548,0.99957
9.3794e-05,0.0073067,-0.0083094,0.0032611,0.0002442,0.024392,-0.017689,0.016507,-0.007884,-0.021901,0.02911,0.019269,0.0015342
0.0073067,25.9,-6.202,3.3828,0.055354,25.876,-7.0366,1.0229,-24.853,-7.7425,8.1679,6.1008,-5.4821
-0.0083094,-6.202,40.434,-5.9802,0.1803,-5.5955,20.247,6.7744,12.37,-9.3066,-11.218,-5.6994,-7.9991
0.0032611,3.3828,-5.9802,5.9737,-0.062063,4.6312,-13.511,-2.2364,-6.8675,-6.0842,5.6307,-0.94952,7.2238
0.0002442,0.055354,0.1803,-0.062063,999.99,-1.2199,0.011341,-0.54682,0.67302,-0.063243,0.27269,-0.18284,0.16584
0.024392,25.876,-5.5955,4.6312,-1.2199,728.86,-4.9888,-152.05,119.09,-80.171,-27.227,-45.736,48.491
-0.017689,-7.0366,20.247,-13.511,0.011341,-4.9888,713.97,-283.48,-278.49,-8.6037,5.4406,-15.922,3.9967
0.016507,1.0229,6.7744,-2.2364,-0.54682,-152.05,-283.48,603.78,-244.17,-32.341,-3.6736,-29.394,28.057
-0.007884,-24.853,12.37,-6.8675,0.67302,119.09,-278.49,-244.17,636.74,47.83,23.553,16.344,-20.434
-0.021901,-7.7425,-9.3066,-6.0842,-0.063243,-80.171,-8.6037,-32.341,47.83,635.5,-197.16,-338.48,-36.236
0.02911,8.1679,-11.218,5.6307,0.27269,-27.227,5.4406,-3.6736,23.553,-197.16,404.78,-18.65,-57.212
0.019269,6.1008,-5.6994,-0.94952,-0.18284,-45.736,-15.922,-29.394,16.344,-338.48,-18.65,493.79,-45.226
0.0015342,-5.4821,-7.9991,7.2238,0.16584,48.491,3.9967,28.057,-20.434,-36.236,-57.212,-45.226,940.09
