207.61,0.66791,0.75468,0.23054,0.0068916,0.34024,0.22703,0.40535,0.065106,0.044319,0.34941,0.13546,0.045667
0.40816,0.13793,0.4549,0.087054,0.0036234,0.27789,0.11272,0.24869,-0.042354,0.0052335,0.14953,0.067133,0.00043189
348.75,0.9949,0.9451,0.31903,0.011269,0.40686,0.49723,0.67988,0.28792,0.082913,0.68669,0.18874,0.086553
0.00041958,0.057379,0.19085,-0.43329,-0.010531,-0.16303,-0.086841,-0.043054,0.11998,-0.022707,-0.0036717,-0.06508,0.045688
0.057379,23.846,7.7769,-49.66,-1.5706,-20.799,7.5553,-16.029,4.7694,-2.0134,-4.2512,-10.349,23.822
0.19085,7.7769,218.41,-313.51,-5.8664,-7.3798,-36.257,-0.62728,6.7522,17.98,10.005,-40.753,55.481
-0.43329,-49.66,-313.51,695.66,5.9775,92.028,21.121,22.4,-69.626,42.395,11.018,155.25,-98.068
-0.010531,-1.5706,-5.8664,5.9775,998.16,-18.722,3.9704,-10.209,8.5125,-1.3257,4.4424,-14.446,9.9111
-0.16303,-20.799,-7.3798,92.028,-18.722,704.72,6.3791,-183.9,111.38,-46.89,42.972,-221.23,-39.478
-0.086841,7.5553,-36.257,21.121,3.9704,6.3791,622.24,-297.15,-303.53,-1.4185,24.52,-54.534,23.717
-0.043054,-16.029,-0.62728,22.4,-10.209,-183.9,-297.15,585.02,-231.08,-24.64,-28.837,-133.67,-18.825
0.11998,4.7694,6.7522,-69.626,8.5125,111.38,-303.53,-231.08,657.55,22.25,-71.809,87.562,20.658
-0.022707,-2.0134,17.98,42.395,-1.3257,-46.89,-1.4185,-24.64,22.25,969,-115.45,-52.241,-25.59
-0.0036717,-4.2512,10.005,11.018,4.4424,42.972,24.52,-28.837,-71.809,-115.45,83.672,11.933,-34.546
-0.06508,-10.349,-40.753,155.25,-14.446,-221.23,-54.534,-133.67,87.562,-52.241,11.933,758.1,45.341
0.045688,23.822,55.481,-98.068,9.9111,-39.478,23.717,-18.825,20.658,-25.59,-34.546,45.341,684.04
