1.3734,1.2904,0.38109,-0.46634,0.95993,0.95993,0.95993,0.97954
0.5907,0.44361,-0.26924,-1.094,0.29861,0.29861,0.29861,0.0012977
2.9719,2.9437,0.66382,0.21791,1.2857,1.2857,1.2857,5.5663
397.97,-348.93,-57.502,-17.776,6.0778,6.0778,6.0778,-13.799
-348.93,336.46,58.031,12.318,-5.5698,-5.5698,-5.5698,-0.98068
-57.502,58.031,133.93,-39.509,-26.248,-26.248,-26.248,1.9781
-17.776,12.318,-39.509,22.211,7.2882,7.2882,7.2882,0.54019
6.0778,-5.5698,-26.248,7.2882,673.75,-326.25,-326.25,-0.71971
6.0778,-5.5698,-26.248,7.2882,-326.25,673.75,-326.25,-0.71971
6.0778,-5.5698,-26.248,7.2882,-326.25,-326.25,673.75,-0.71971
-13.799,-0.98068,1.9781,0.54019,-0.71971,-0.71971,-0.71971,7.1836
