516.22,375.85,-364.53,-581.47,-160.24,-160.24,-160.24,116.05,190.9
654.22,569,-322.87,-508.18,-112.94,-112.94,-112.94,170.58,340.27
0.76196,-0.29774,0.0077148,0.048293,-0.016561,-0.016561,-0.016561,-0.077182,-0.28904
-0.29774,0.58818,-0.058403,-0.066646,-0.092607,-0.092607,-0.092607,-0.11533,-0.32662
0.0077148,-0.058403,0.88226,-0.22092,-0.12359,-0.12359,-0.12359,-0.02994,0.069634
0.048293,-0.066646,-0.22092,0.58069,-0.22837,-0.22837,-0.22837,-0.044907,0.17115
-0.016561,-0.092607,-0.12359,-0.22837,0.86772,-0.13228,-0.13228,-0.039641,0.043558
-0.016561,-0.092607,-0.12359,-0.22837,-0.13228,0.86772,-0.13228,-0.039641,0.043558
-0.016561,-0.092607,-0.12359,-0.22837,-0.13228,-0.13228,0.86772,-0.039641,0.043558
-0.077182,-0.11533,-0.02994,-0.044907,-0.039641,-0.039641,-0.039641,0.96602,-0.077077
-0.28904,-0.32662,0.069634,0.17115,0.043558,0.043558,0.043558,-0.077077,0.61812
18.032,18.032,18.032,18.032,18.032,18.032,18.032,18.032,18.032
597.68,483.2,-347.09,-545.35,-144.4,-144.4,-144.4,145.06,284.98
1,1,1,1,1,1,1,1,1
