0.18707,0.18553,0.012386,0.091598,0.12504,0.076623,0.15736,0.095418,0.022444,0.040416,0.99642,0.050301,0.73713,0.050236,0.47094,0.47181,0.040903,0.73554,-0.38822,0.4129,0.4129,0.4129,8.4912e-05
0.14488,0.14261,-0.016159,0.074585,0.031407,0.0017091,0.11015,0.071793,0.00053922,0.0024557,0.98062,0.0026066,0.013026,0.0010005,0.026641,0.027405,0.00075353,0.012447,-0.42306,0.3399,0.3399,0.3399,5.3938e-06
0.21486,0.21329,0.054843,0.12673,0.1751,0.19263,0.19387,0.1243,0.086084,0.095711,0.99999,0.18025,0.99923,0.15999,0.9982,0.99987,0.11732,0.99927,-0.16258,0.44084,0.44084,0.44084,0.00034355
903.3,-98.888,3.1647,-16.884,-93.551,-6.6071,-108.02,-9.1452,1.3559,46.397,-3.4215,-6.0011,19.641,54.373,5.2329,13.408,-41.116,24.609,-43.762,-22.449,-22.449,-22.449,-0.3407
-98.888,897.89,12.414,-15.141,-91.439,-9.4765,-112.24,-7.9164,4.1398,50.206,-3.8434,-7.1475,18.572,58.991,5.9481,14.665,-43.014,23.643,-32.065,-18.487,-18.487,-18.487,-0.31781
3.1647,12.414,845.17,-9.0628,-37.772,-28.293,3.2809,9.4275,1.6641,10.845,2.365,11.918,14.584,-88.168,4.4051,-6.7756,64.574,10.82,-78.752,-81.312,-81.312,-81.312,-0.40781
-16.884,-15.141,-9.0628,954.3,7.9993,-15.064,10.399,-36.126,-13.596,3.5038,2.4018,7.9867,-1.1965,24.15,6.5365,4.6856,4.4261,4.311,-135.74,-4.9891,-4.9891,-4.9891,-0.28778
-93.551,-91.439,-37.772,7.9993,812.68,61.401,-114.71,18.268,-23.545,67.049,1.5013,-51.569,-47.695,-8.3874,5.0947,9.9808,-64.641,-37.593,-65.785,-14.716,-14.716,-14.716,-0.23825
-6.6071,-9.4765,-28.293,-15.064,61.401,870.38,-13.953,-9.4785,62.667,13.802,-4.6131,39.261,12.931,45.447,-62.727,-64.467,28.331,9.5292,44.407,-13.669,-13.669,-13.669,-0.2233
-108.02,-112.24,3.2809,10.399,-114.71,-13.953,851.19,21.398,24.534,75.4,-8.184,11.861,22.62,67.812,2.3517,13.583,-31.081,24.091,61.889,-18.974,-18.974,-18.974,-0.34319
-9.1452,-7.9164,9.4275,-36.126,18.268,-9.4785,21.398,954.33,-4.9681,-40.121,2.2066,5.937,1.9452,28.791,7.4889,9.1282,-18.642,5.0779,-111.92,-1.0769,-1.0769,-1.0769,-0.04496
1.3559,4.1398,1.6641,-13.596,-23.545,62.667,24.534,-4.9681,908.76,4.6406,6.3624,-71.062,2.2176,-55.308,-6.9276,-11.749,-33.279,7.4374,-105.5,-27.057,-27.057,-27.057,-0.0094988
46.397,50.206,10.845,3.5038,67.049,13.802,75.4,-40.121,4.6406,692.99,12.76,-50.501,-4.1339,-131.66,1.6383,9.0309,-124.19,-8.5484,-22.081,9.801,9.801,9.801,0.027554
-3.4215,-3.8434,2.365,2.4018,1.5013,-4.6131,-8.184,2.2066,6.3624,12.76,996.88,23.616,1.9659,24.216,0.69861,2.4061,15.345,-0.25191,24.096,-4.9016,-4.9016,-4.9016,0.016066
-6.0011,-7.1475,11.918,7.9867,-51.569,39.261,11.861,5.937,-71.062,-50.501,23.616,727.68,-17.617,-188.81,-25.106,-38.181,-191.34,-0.078971,-114.31,15.879,15.879,15.879,0.068862
19.641,18.572,14.584,-1.1965,-47.695,12.931,22.62,1.9452,2.2176,-4.1339,1.9659,-17.617,525.16,21.452,19.449,20.207,-52.55,-471.36,10.498,3.3022,3.3022,3.3022,-0.033048
54.373,58.991,-88.168,24.15,-8.3874,45.447,67.812,28.791,-55.308,-131.66,24.216,-188.81,21.452,659.98,24.033,3.8255,-51.801,26.314,-81.321,-37.768,-37.768,-37.768,-0.032343
5.2329,5.9481,4.4051,6.5365,5.0947,-62.727,2.3517,7.4889,-6.9276,1.6383,0.69861,-25.106,19.449,24.033,527.33,-469.9,-54.156,21.99,23.405,8.0356,8.0356,8.0356,0.034008
13.408,14.665,-6.7756,4.6856,9.9808,-64.467,13.583,9.1282,-11.749,9.0309,2.4061,-38.181,20.207,3.8255,-469.9,529.38,-47.764,23.574,7.2842,5.0523,5.0523,5.0523,0.029705
-41.116,-43.014,64.574,4.4261,-64.641,28.331,-31.081,-18.642,-33.279,-124.19,15.345,-191.34,-52.55,-51.801,-54.156,-47.764,748.37,-37.582,-59.908,52.257,52.257,52.257,-0.020724
24.609,23.643,10.82,4.311,-37.593,9.5292,24.091,5.0779,7.4374,-8.5484,-0.25191,-0.078971,-471.36,26.314,21.99,23.574,-37.582,528.21,41.525,-11.354,-11.354,-11.354,0.0078605
-43.762,-32.065,-78.752,-135.74,-65.785,44.407,61.889,-111.92,-105.5,-22.081,24.096,-114.31,10.498,-81.321,23.405,7.2842,-59.908,41.525,401.73,8.4561,8.4561,8.4561,-0.77421
-22.449,-18.487,-81.312,-4.9891,-14.716,-13.669,-18.974,-1.0769,-27.057,9.801,-4.9016,15.879,3.3022,-37.768,8.0356,5.0523,52.257,-11.354,8.4561,838.36,-161.64,-161.64,-0.073414
-22.449,-18.487,-81.312,-4.9891,-14.716,-13.669,-18.974,-1.0769,-27.057,9.801,-4.9016,15.879,3.3022,-37.768,8.0356,5.0523,52.257,-11.354,8.4561,-161.64,838.36,-161.64,-0.073414
-22.449,-18.487,-81.312,-4.9891,-14.716,-13.669,-18.974,-1.0769,-27.057,9.801,-4.9016,15.879,3.3022,-37.768,8.0356,5.0523,52.257,-11.354,8.4561,-161.64,-161.64,838.36,-0.073414
-0.3407,-0.31781,-0.40781,-0.28778,-0.23825,-0.2233,-0.34319,-0.04496,-0.0094988,0.027554,0.016066,0.068862,-0.033048,-0.032343,0.034008,0.029705,-0.020724,0.0078605,-0.77421,-0.073414,-0.073414,-0.073414,999.99
