0.23846,0.13811,0.18602,0.17366,0.037416,0.14159,0.14159,0.027216,0.1695,0.097456,0.19093,0.84398,0.29564,0.68859,0.24934,0.81119,0.29996,0.070962,-0.014902,0.39921,0.39921,0.39921,0.00025099
0.17238,0.02669,0.082785,0.084596,0.0060062,0.021599,0.023502,0.0005623,0.0074237,0.0011354,0.0085608,0.064961,0.034077,0.065414,0.011859,0.16517,0.0069009,0.0017947,-0.032642,0.18174,0.18174,0.18174,6.9645e-06
0.33412,0.22188,0.24981,0.24582,0.13034,0.22242,0.23674,0.085842,0.23118,0.47885,0.99783,0.99991,0.97695,0.99935,0.99649,0.99938,0.98617,0.3368,-0.0017709,0.46502,0.46502,0.46502,0.0012826
871.45,-101.41,-83.802,-96.767,-15.233,-93.883,-114.33,-37.156,-73.019,49.808,-100.17,-85.407,-45.196,-55.52,-26.286,-19.41,-14.641,-11.892,34.086,-37.605,-37.605,-37.605,-1.3774
-101.41,915.08,-62.645,-72.671,-13.025,-78.341,-93.183,-29.829,-53.415,37.124,-89.51,-40.146,-1.8335,-42.951,-31.106,-39.252,22.307,-13.487,28.676,-24.722,-24.722,-24.722,-1.0104
-83.802,-62.645,942.24,-66.247,-11.81,-57.267,-71.388,-24.43,-52.701,25.949,-55.369,-78.941,-50.361,-55.109,-11.34,-4.8187,-32.435,-12.455,21.199,-27.938,-27.938,-27.938,-0.96863
-96.767,-72.671,-66.247,881.79,-21.98,-24.096,-47.269,-50.384,-89.36,97.649,-81.484,-96.429,-72.199,-55.767,12.832,-27.417,-36.286,29.745,50.447,20.767,20.767,20.767,-1.2156
-15.233,-13.025,-11.81,-21.98,958.17,11.877,12.316,-18.137,-32.246,-90.923,8.059,12.292,-35.085,-56.157,-33.787,-22.513,-49.026,-84.38,22.547,20.17,20.17,20.17,-0.12546
-93.883,-78.341,-57.267,-24.096,11.877,878.87,-129.68,-1.9536,-12.792,11.117,-79.342,-36.846,25.06,-23.849,-44.707,-9.3897,40.718,-20.03,-4.8258,-80.807,-80.807,-80.807,-0.86132
-114.33,-93.183,-71.388,-47.269,12.316,-129.68,856.18,-11.546,-27.968,41.705,-108.5,-58.159,9.5122,-28.86,-48.6,-12.686,34.836,-5.9335,2.5397,-79.347,-79.347,-79.347,-1.1592
-37.156,-29.829,-24.43,-50.384,-18.137,-1.9536,-11.546,971.94,-38.261,21.88,-65.601,-7.7717,-32.763,-15.937,-35.307,-25.435,-19.879,-6.9774,25.875,25.514,25.514,25.514,-0.5254
-73.019,-53.415,-52.701,-89.36,-32.246,-12.792,-27.968,-38.261,922.7,22.844,-24.537,-87.029,-67.502,-87.472,18.008,-24.435,-51.569,-17.216,41.395,12.52,12.52,12.52,-0.87926
49.808,37.124,25.949,97.649,-90.923,11.117,41.705,21.88,22.844,555.29,122.85,112.04,-38.264,-139.13,-145.2,-6.7848,-133.31,-331.24,-16.882,-28.214,-28.214,-28.214,0.81506
-100.17,-89.51,-55.369,-81.484,8.059,-79.342,-108.5,-65.601,-24.537,122.85,555.21,118.26,-22.596,110.47,-325.92,-86.086,32.443,20.723,24.441,43.234,43.234,43.234,-1.8256
-85.407,-40.146,-78.941,-96.429,12.292,-36.846,-58.159,-7.7717,-87.029,112.04,118.26,669.06,-121.03,-212.02,202.77,46.052,-98.134,70.96,8.6544,-76.666,-76.666,-76.666,-1.2254
-45.196,-1.8335,-50.361,-72.199,-35.085,25.06,9.5122,-32.763,-67.502,-38.264,-22.596,-121.03,650.21,101.22,-33.761,217.11,-344.32,-35.802,24.816,1.2898,1.2898,1.2898,-0.98969
-55.52,-42.951,-55.109,-55.767,-56.157,-23.849,-28.86,-15.937,-87.472,-139.13,110.47,-212.02,101.22,449.55,60.307,-248.47,66.977,-155.01,14.01,-40.762,-40.762,-40.762,-0.87169
-26.286,-31.106,-11.34,12.832,-33.787,-44.707,-48.6,-35.307,18.008,-145.2,-325.92,202.77,-33.761,60.307,613.94,-66.791,-43.717,-157.63,-1.1956,30.588,30.588,30.588,-0.84264
-19.41,-39.252,-4.8187,-27.417,-22.513,-9.3897,-12.686,-25.435,-24.435,-6.7848,-86.086,46.052,217.11,-248.47,-66.791,727.98,216.31,-49.745,20.48,42.517,42.517,42.517,-0.29569
-14.641,22.307,-32.435,-36.286,-49.026,40.718,34.836,-19.879,-51.569,-133.31,32.443,-98.134,-344.32,66.977,-43.717,216.31,636.54,-97.499,14.194,-3.8591,-3.8591,-3.8591,-0.59315
-11.892,-13.487,-12.455,29.745,-84.38,-20.03,-5.9335,-6.9774,-17.216,-331.24,20.723,70.96,-35.802,-155.01,-157.63,-49.745,-97.499,725.03,6.2998,-18.25,-18.25,-18.25,-0.012856
34.086,28.676,21.199,50.447,22.547,-4.8258,2.5397,25.875,41.395,-16.882,24.441,8.6544,24.816,14.01,-1.1956,20.48,14.194,6.2998,969.22,-27.998,-27.998,-27.998,0.34131
-37.605,-24.722,-27.938,20.767,20.17,-80.807,-79.347,25.514,12.52,-28.214,43.234,-76.666,1.2898,-40.762,30.588,42.517,-3.8591,-18.25,-27.998,905.43,-94.565,-94.565,-0.25661
-37.605,-24.722,-27.938,20.767,20.17,-80.807,-79.347,25.514,12.52,-28.214,43.234,-76.666,1.2898,-40.762,30.588,42.517,-3.8591,-18.25,-27.998,-94.565,905.43,-94.565,-0.25661
-37.605,-24.722,-27.938,20.767,20.17,-80.807,-79.347,25.514,12.52,-28.214,43.234,-76.666,1.2898,-40.762,30.588,42.517,-3.8591,-18.25,-27.998,-94.565,-94.565,905.43,-0.25661
-1.3774,-1.0104,-0.96863,-1.2156,-0.12546,-0.86132,-1.1592,-0.5254,-0.87926,0.81506,-1.8256,-1.2254,-0.98969,-0.87169,-0.84264,-0.29569,-0.59315,-0.012856,0.34131,-0.25661,-0.25661,-0.25661,999.98
