231.65,223.7,-43.408,169.26,131.64,55.46,132.9,146.76,63.999,65.122,830.11,284.18,983.9,94.925,124.6,143.57,277.96,820.23,-601.75,526.3,526.3,526.3,0.016867,89.284,33277,-32.385,176.47,309.17,168.02,253.78,261.74,77.48,125.05,134.98,90.844,225.31,56.765,349.02,801.27,621.87,481.58,196.9,530.52,470.38,212.67,-74.958,594.96,594.96,594.96,0.63964,59.622,2.2526e+05,-55.858,172.55
184.09,168.42,-85.287,152.69,23.574,19.805,39.507,40.16,4.3277,45.2,110.42,12.854,960.72,46.206,19.773,21.976,23.644,103.69,-938.96,329.06,329.06,329.06,0.003265,60.047,-19583,-65.272,-129.41,178.39,51.432,169.78,171.84,23.166,41.919,44.463,14.151,23.465,7.1662,34.26,83.665,5.1953,49.855,21.84,48.033,20.405,12.328,-215.92,416.99,416.99,416.99,0.0036114,-17.183,11282,-112.36,-235.29
298.88,298.78,7.715,194.36,226.19,93.802,235.12,194.84,175.26,96.674,997.79,992.67,998.74,150.87,255.32,265.24,986.97,998.62,-413.19,887.7,887.7,887.7,0.054419,108.13,2.3529e+05,17.982,384.31,577.31,285.37,501.85,501.5,196.55,272.63,265.77,183.83,512.06,112.5,990.12,998.05,997.49,988.58,646.59,999.34,998.17,985.25,0.54264,1005.8,1005.8,1005.8,3.6834,134.22,3.3619e+05,33.303,549.02
0.9973,-0.002827,-0.001185,-0.00082049,-0.0031417,0.0001264,-0.0036673,-0.00046861,0.00021718,0.0013437,-0.0014449,-0.0013095,-8.1658e-05,0.00087188,0.0013676,0.0011373,-0.00084893,-0.0013861,0.010853,-0.010073,-0.010073,-0.010073,-4.5227e-07,0.00033364,-0.00016309,0.0022382,-0.013838,-0.0074821,-0.0031413,-0.0068333,-0.0061745,-0.001683,-0.0037201,-0.0046295,0.0019731,-0.0065694,0.0017174,0.0003538,-0.0010035,0.020369,-0.0088632,-0.0018245,-0.0097939,0.018203,0.0043163,-0.00041627,-0.011579,-0.011579,-0.011579,-8.1131e-05,0.0029477,5.5063e-05,0.0037464,-0.020607
-0.002827,0.99702,-0.0012532,-0.00076973,-0.0034776,0.00011023,-0.0039826,-0.00060946,0.00035837,0.0013059,-0.0029318,-0.00017473,-4.557e-05,0.00078271,0.0011667,0.00096151,0.00031297,-0.0028584,0.011343,-0.010411,-0.010411,-0.010411,-4.3494e-07,0.0004209,-0.00019834,0.0022339,-0.013781,-0.0077148,-0.0035202,-0.0068539,-0.0062516,-0.0017621,-0.0040507,-0.0049153,0.0019086,-0.0067595,0.0018494,0.00091867,-0.0022892,0.022462,-0.010623,-0.0028193,-0.011932,0.018546,0.006066,-0.00014076,-0.011782,-0.011782,-0.011782,-8.1901e-05,0.0028134,2.4197e-05,0.0036617,-0.020297
-0.001185,-0.0012532,0.99929,-0.00052736,-0.0013453,0.00039869,-0.0014614,-0.00091397,0.0010335,0.00045074,-0.0033649,0.0042008,-0.00017468,0.0010597,0.001149,0.0015185,0.0041948,-0.0034435,0.005212,-0.0057655,-0.0057655,-0.0057655,-2.7899e-07,-8.3684e-05,-0.00017883,0.00091506,-0.0058377,-0.0041923,-0.0014414,-0.004144,-0.0037994,-0.00072975,-0.0016429,-0.0019307,0.001934,-0.004901,0.00086206,0.0056402,-0.0040391,0.0056283,-0.0032672,0.0027304,-0.0021263,0.0026564,0.003942,-0.0014219,-0.0067522,-0.0067522,-0.0067522,-4.4712e-05,0.0012893,-0.00015612,0.0018883,-0.011131
-0.00082049,-0.00076973,-0.00052736,0.99911,3.952e-05,0.00056606,-0.00020002,-0.00041833,0.00056493,0.0007257,0.0032353,-0.00045274,-0.00039092,0.001728,0.0023843,0.0027141,-0.00059798,0.0030665,0.0038623,-0.0052962,-0.0052962,-0.0052962,-4.2271e-07,-0.00053568,0.00011081,0.0011207,-0.007298,-0.0039128,0.00013423,-0.0049064,-0.0042117,-0.00048731,-0.00034518,-0.00091067,0.0026656,-0.0049977,0.00038814,0.0041045,0.0014143,-0.0036185,0.0047662,0.0082615,0.0080353,0.0014029,-0.0038509,-0.0030939,-0.0071565,-0.0071565,-0.0071565,-5.0172e-05,0.0022135,2.7814e-06,0.0026942,-0.014958
-0.0031417,-0.0034776,-0.0013453,3.952e-05,0.99446,-0.00036254,-0.0058199,-0.0010792,0.00070027,0.00073145,-0.012983,0.0058196,0.00040892,-0.00081534,-0.00142,-0.0017545,0.0065956,-0.012709,0.012188,-0.0093795,-0.0093795,-0.0093795,-9.094e-08,0.0012817,-0.00040191,0.001639,-0.0096867,-0.0068714,-0.0058683,-0.0041531,-0.0042683,-0.0019887,-0.0058692,-0.0061931,-0.00012001,-0.0048343,0.0024203,0.00092291,-0.0099711,0.037781,-0.023905,-0.013968,-0.029568,0.021124,0.018187,0.0034277,-0.0088867,-0.0088867,-0.0088867,-5.8274e-05,0.0008473,-1.6562e-05,0.0016876,-0.010139
0.0001264,0.00011023,0.00039869,0.00056606,-0.00036254,0.99928,-0.00045493,0.0011103,-0.0015141,-2.5694e-05,0.0020344,-0.0063708,0.00036393,-0.0016458,-0.001734,-0.0025474,-0.0059771,0.0022606,-0.0013923,0.0033526,0.0033526,0.0033526,2.6474e-07,0.00059494,-2.9593e-05,-0.00022349,0.0017991,0.0023583,-0.0002769,0.0032071,0.002868,5.7196e-05,-0.0001774,-0.00014837,-0.002511,0.0044558,-0.00016584,-0.0093159,0.0041069,0.0081169,-0.0039266,-0.0088356,-0.0076485,0.0082829,-0.00054803,0.0030919,0.0045252,0.0045252,0.0045252,2.8205e-05,-0.00075505,0.00021585,-0.0012414,0.0078999
-0.0036673,-0.0039826,-0.0014614,-0.00020002,-0.0058199,-0.00045493,0.99367,-0.00063602,8.3093e-05,0.0012306,-0.0094984,0.0012757,0.00038544,-0.00072496,-0.00093673,-0.0015927,0.0022246,-0.0091865,0.014095,-0.010935,-0.010935,-0.010935,-2.0935e-07,0.0013228,-0.00038549,0.0022918,-0.013695,-0.0081002,-0.0060295,-0.0054734,-0.0053324,-0.0023144,-0.0062989,-0.0070028,5.1423e-05,-0.0053846,0.0026084,-0.002474,-0.0063288,0.041162,-0.023495,-0.014305,-0.029445,0.027937,0.015334,0.0033867,-0.010948,-0.010948,-0.010948,-7.5054e-05,0.0018974,-8.1956e-07,0.0027559,-0.0154
-0.00046861,-0.00060946,-0.00091397,-0.00041833,-0.0010792,0.0011103,-0.00063602,0.99713,0.0036466,-0.00056095,-0.014201,0.01988,-0.00035211,0.0020166,0.0012251,0.002894,0.019277,-0.014504,0.003416,-0.0059216,-0.0059216,-0.0059216,-2.2641e-07,-0.00048068,4.0354e-05,-0.00018502,0.00063376,-0.0040334,-0.0015471,-0.0041132,-0.0040965,-0.00027452,-0.0012244,-0.00072224,0.0034486,-0.0076207,0.00084715,0.020432,-0.016458,-0.0037486,-0.0039509,0.0085996,1.2159e-05,-0.016441,0.012834,-0.0032885,-0.0066137,-0.0066137,-0.0066137,-3.5397e-05,-0.00038554,5.9124e-05,0.00064004,-0.0065548
0.00021718,0.00035837,0.0010335,0.00056493,0.00070027,-0.0015141,8.3093e-05,0.0036466,0.99529,0.00082556,0.016966,-0.025399,0.00052056,-0.0027778,-0.0018216,-0.0040646,-0.024503,0.017402,-0.0029524,0.0066297,0.0066297,0.0066297,2.9052e-07,0.00080465,5.147e-05,0.00044457,-0.0020156,0.0044561,0.0012722,0.0049247,0.0048805,0.0001081,0.00085248,0.00015557,-0.0045817,0.0094527,-0.00080443,-0.02681,0.020347,0.0098787,0.0020438,-0.013218,-0.0039412,0.024363,-0.014485,0.0048052,0.0076239,0.0076239,0.0076239,3.9537e-05,0.00059404,0.00016612,-0.00065131,0.0074654
0.0013437,0.0013059,0.00045074,0.0007257,0.00073145,-2.5694e-05,0.0012306,-0.00056095,0.00082556,0.99885,-0.0065207,0.0076887,0.00016012,-0.00073181,-0.0016115,-0.0011609,0.0074068,-0.006538,-0.0052267,0.0050018,0.0050018,0.0050018,3.5815e-07,5.9394e-05,-1.4265e-05,-0.0015977,0.0099395,0.0038288,0.00050698,0.0042109,0.0035289,0.00082704,0.0011387,0.002008,-0.0012378,0.0029533,-0.0005758,0.0043284,-0.006286,-0.006306,-0.0012682,-0.0017004,-0.0016707,-0.013199,0.0054083,0.0010096,0.0065094,0.0065094,0.0065094,4.9438e-05,-0.0026315,-7.4258e-05,-0.0028738,0.01484
-0.0014449,-0.0029318,-0.0033649,0.0032353,-0.012983,0.0020344,-0.0094984,-0.014201,0.016966,-0.0065207,0.88783,0.11659,0.0010158,-0.00077836,-0.0097891,-0.0032823,0.11523,-0.11242,0.010019,-0.011152,-0.011152,-0.011152,1.2555e-06,0.0023083,-0.00029928,-0.00578,0.035817,-0.0063358,-0.016483,0.0027234,-0.0015773,-0.00099176,-0.011826,-0.006087,0.0020383,-0.016368,0.0052085,0.085555,-0.10935,0.049501,-0.08033,-0.021957,-0.086188,-0.070115,0.11515,0.0055924,-0.0028731,-0.0028731,-0.0028731,4.369e-05,-0.014527,0.00052988,-0.010913,0.043538
-0.0013095,-0.00017473,0.0042008,-0.00045274,0.0058196,-0.0063708,0.0012757,0.01988,-0.025399,0.0076887,0.11659,0.84781,0.0012823,-0.0087361,-0.00020133,-0.011843,-0.14778,0.11836,-0.0044029,0.019084,0.019084,0.019084,-5.7863e-08,0.0020889,-0.00034512,0.0068714,-0.039875,0.011497,0.0096592,0.0092831,0.011989,-0.00086615,0.0051804,-0.0011943,-0.015532,0.03559,-0.0037496,-0.13985,0.12785,0.031938,0.038786,-0.038572,0.019144,0.14258,-0.10613,0.014104,0.016914,0.016914,0.016914,3.6029e-05,0.01258,0.00029101,0.0070839,-0.016584
-8.1658e-05,-4.557e-05,-0.00017468,-0.00039092,0.00040892,0.00036393,0.00038544,-0.00035211,0.00052056,0.00016012,0.0010158,0.0012823,0.99978,0.00094751,0.0011786,0.0015038,0.0010953,0.00089507,0.00074065,-0.001803,-0.001803,-0.001803,-1.7883e-07,-0.00037243,0.00015701,0.0002692,-0.0018993,-0.0013032,0.00042888,-0.0019438,-0.0016614,-3.6959e-05,0.00027463,0.00013413,0.0013923,-0.0022679,1.6546e-05,0.0035537,-0.00019066,-0.0052017,0.0036233,0.0053373,0.0058035,-0.0030077,-0.0018628,-0.0018424,-0.0026405,-0.0026405,-0.0026405,-1.7781e-05,0.00074598,-5.2406e-05,0.00095936,-0.0055564
0.00087188,0.00078271,0.0010597,0.001728,-0.00081534,-0.0016458,-0.00072496,0.0020166,-0.0027778,-0.00073181,-0.00077836,-0.0087361,0.00094751,0.9958,-0.0050131,-0.0065623,-0.0079741,-0.00026273,-0.0053975,0.009856,0.009856,0.009856,8.1082e-07,0.0014721,-0.00023452,-0.0013805,0.0095418,0.0071084,-0.00079732,0.0094761,0.0082744,0.00048605,-0.00017082,0.00042335,-0.0063896,0.011388,-0.00052935,-0.017865,0.0042419,0.017271,-0.011611,-0.021949,-0.020637,0.011781,0.00382,0.0078207,0.013474,0.013474,0.013474,8.9418e-05,-0.0032943,6.5948e-05,-0.0044592,0.026217
0.0013676,0.0011667,0.001149,0.0023843,-0.00142,-0.001734,-0.00093673,0.0012251,-0.0018216,-0.0016115,-0.0097891,-0.00020133,0.0011786,-0.0050131,0.99323,-0.00796,0.0004725,-0.0092318,-0.0073096,0.01216,0.01216,0.01216,1.1095e-06,0.001807,-0.00081867,-0.0024533,0.016322,0.0089493,-0.0016854,0.012272,0.010431,0.00077872,-0.000485,0.00082646,-0.0074795,0.012845,-0.00049025,-0.013451,-0.0039132,0.020041,-0.018195,-0.026497,-0.028799,0.0044008,0.01298,0.0094526,0.017237,0.017237,0.017237,0.0001203,-0.0054794,0.00035314,-0.0066579,0.037202
0.0011373,0.00096151,0.0015185,0.0027141,-0.0017545,-0.0025474,-0.0015927,0.002894,-0.0040646,-0.0011609,-0.0032823,-0.011843,0.0015038,-0.0065623,-0.00796,0.98969,-0.010631,-0.0024697,-0.0074821,0.014546,0.014546,0.014546,1.2636e-06,0.0023848,-0.00089978,-0.0021,0.01457,0.010504,-0.0017866,0.014441,0.012525,0.00061679,-0.00076401,0.0002001,-0.0098755,0.017143,-0.0006096,-0.026631,0.0047089,0.029651,-0.020373,-0.035097,-0.034764,0.018761,0.0083491,0.012384,0.020271,0.020271,0.020271,0.00013528,-0.0052106,0.00039919,-0.0069207,0.040443
-0.00084893,0.00031297,0.0041948,-0.00059798,0.0065956,-0.0059771,0.0022246,0.019277,-0.024503,0.0074068,0.11523,-0.14778,0.0010953,-0.0079741,0.0004725,-0.010631,0.8563,0.11685,-0.0057276,0.01913,0.01913,0.01913,-1.1327e-07,0.0016931,-0.00017968,0.0065273,-0.037985,0.011614,0.010371,0.008827,0.011576,-0.00056762,0.0059711,-0.00021363,-0.014483,0.034285,-0.0039743,-0.13423,0.12522,0.023464,0.04244,-0.033263,0.025081,0.13391,-0.10618,0.012448,0.016627,0.016627,0.016627,3.6298e-05,0.01236,0.00022589,0.0069975,-0.016792
-0.0013861,-0.0028584,-0.0034435,0.0030665,-0.012709,0.0022606,-0.0091865,-0.014504,0.017402,-0.006538,-0.11242,0.11836,0.00089507,-0.00026273,-0.0092318,-0.0024697,0.11685,0.88726,0.010061,-0.011866,-0.011866,-0.011866,1.1798e-06,0.0020922,-0.00016528,-0.0057661,0.035594,-0.0068292,-0.016226,0.0018964,-0.0023012,-0.0009477,-0.011597,-0.0058538,0.0027914,-0.017553,0.0051852,0.088336,-0.11031,0.045933,-0.078452,-0.0189,-0.083027,-0.073263,0.11479,0.0045667,-0.0039491,-0.0039491,-0.0039491,3.7096e-05,-0.014333,0.00048293,-0.010599,0.041512
0.010853,0.011343,0.005212,0.0038623,0.012188,-0.0013923,0.014095,0.003416,-0.0029524,-0.0052267,0.010019,-0.0044029,0.00074065,-0.0053975,-0.0073096,-0.0074821,-0.0057276,0.010061,0.95531,0.043968,0.043968,0.043968,2.0813e-06,-0.00064462,-0.00017187,-0.0090074,0.056187,0.032468,0.012348,0.03077,0.027835,0.0067296,0.014675,0.018203,-0.010827,0.031541,-0.0070668,-0.013971,0.010707,-0.071551,0.031648,-0.0029926,0.030971,-0.060795,-0.019629,0.0052469,0.051178,0.051178,0.051178,0.00035333,-0.012297,-3.1364e-05,-0.016093,0.090079
-0.010073,-0.010411,-0.0057655,-0.0052962,-0.0093795,0.0033526,-0.010935,-0.0059216,0.0066297,0.0050018,-0.011152,0.019084,-0.001803,0.009856,0.01216,0.014546,0.01913,-0.011866,0.043968,0.95078,-0.049219,-0.049219,-2.7146e-06,-0.0013052,4.9984e-05,0.008968,-0.057159,-0.036058,-0.0096573,-0.037427,-0.033613,-0.0061784,-0.012213,-0.015673,0.017249,-0.041219,0.0066595,0.037697,-0.018146,0.03788,-0.013651,0.030224,-0.0015646,0.031989,0.015171,-0.014271,-0.059537,-0.059537,-0.059537,-0.00040411,0.013843,-0.00033268,0.018594,-0.10633
-0.010073,-0.010411,-0.0057655,-0.0052962,-0.0093795,0.0033526,-0.010935,-0.0059216,0.0066297,0.0050018,-0.011152,0.019084,-0.001803,0.009856,0.01216,0.014546,0.01913,-0.011866,0.043968,-0.049219,0.95078,-0.049219,-2.7146e-06,-0.0013052,4.9984e-05,0.008968,-0.057159,-0.036058,-0.0096573,-0.037427,-0.033613,-0.0061784,-0.012213,-0.015673,0.017249,-0.041219,0.0066595,0.037697,-0.018146,0.03788,-0.013651,0.030224,-0.0015646,0.031989,0.015171,-0.014271,-0.059537,-0.059537,-0.059537,-0.00040411,0.013843,-0.00033268,0.018594,-0.10633
-0.010073,-0.010411,-0.0057655,-0.0052962,-0.0093795,0.0033526,-0.010935,-0.0059216,0.0066297,0.0050018,-0.011152,0.019084,-0.001803,0.009856,0.01216,0.014546,0.01913,-0.011866,0.043968,-0.049219,-0.049219,0.95078,-2.7146e-06,-0.0013052,4.9984e-05,0.008968,-0.057159,-0.036058,-0.0096573,-0.037427,-0.033613,-0.0061784,-0.012213,-0.015673,0.017249,-0.041219,0.0066595,0.037697,-0.018146,0.03788,-0.013651,0.030224,-0.0015646,0.031989,0.015171,-0.014271,-0.059537,-0.059537,-0.059537,-0.00040411,0.013843,-0.00033268,0.018594,-0.10633
-4.5227e-07,-4.3494e-07,-2.7899e-07,-4.2271e-07,-9.094e-08,2.6474e-07,-2.0935e-07,-2.2641e-07,2.9052e-07,3.5815e-07,1.2555e-06,-5.7863e-08,-1.7883e-07,8.1082e-07,1.1095e-06,1.2636e-06,-1.1327e-07,1.1798e-06,2.0813e-06,-2.7146e-06,-2.7146e-06,-2.7146e-06,1,-2.3108e-07,4.7789e-08,5.6452e-07,-3.6582e-06,-2.0036e-06,-5.3319e-08,-2.4238e-06,-2.0955e-06,-2.71e-07,-2.8067e-07,-5.5485e-07,1.2736e-06,-2.4884e-06,2.3347e-07,2.0166e-06,4.4251e-07,-9.9775e-07,1.7955e-06,3.6789e-06,3.2498e-06,1.0396e-06,-1.4505e-06,-1.4128e-06,-3.5916e-06,-3.5916e-06,-3.5916e-06,-2.5077e-08,1.0686e-06,1.4628e-07,1.3159e-06,-7.3274e-06
0.00033364,0.0004209,-8.3684e-05,-0.00053568,0.0012817,0.00059494,0.0013228,-0.00048068,0.00080465,5.9394e-05,0.0023083,0.0020889,-0.00037243,0.0014721,0.001807,0.0023848,0.0016931,0.0020922,-0.00064462,-0.0013052,-0.0013052,-0.0013052,-2.3108e-07,0.9993,8.8423e-05,8.8735e-05,-0.00095074,-0.0009134,0.0013258,-0.0021478,-0.0017667,0.00023148,0.0011491,0.0010501,0.0020341,-0.0026938,-0.00028454,0.0057752,0.00015941,-0.012576,0.0079665,0.0095111,0.011875,-0.0081052,-0.0042642,-0.0030959,-0.0025004,-0.0025004,-0.0025004,-1.6469e-05,0.00080636,-3.9883e-05,0.0010225,-0.0060554
-0.00016309,-0.00019834,-0.00017883,0.00011081,-0.00040191,-2.9593e-05,-0.00038549,4.0354e-05,5.147e-05,-1.4265e-05,-0.00029928,-0.00034512,0.00015701,-0.00023452,-0.00081867,-0.00089978,-0.00017968,-0.00016528,-0.00017187,4.9984e-05,4.9984e-05,4.9984e-05,4.7789e-08,8.8423e-05,5.6618e-06,0.00021832,-0.0010286,2.4196e-05,-0.00021786,0.00018104,0.00027027,-0.00064455,0.00012636,-0.0004351,0.00014244,0.00025043,4.5554e-06,-7.4165e-05,-0.00019487,-0.00016404,0.00034019,-0.0002104,0.00012181,-0.00064492,0.00030248,0.00034014,0.00018557,0.00018557,0.00018557,4.3728e-06,0.00042427,-4.4687e-06,0.00024657,-0.00043308
0.0022382,0.0022339,0.00091506,0.0011207,0.001639,-0.00022349,0.0022918,-0.00018502,0.00044457,-0.0015977,-0.00578,0.0068714,0.0002692,-0.0013805,-0.0024533,-0.0021,0.0065273,-0.0057661,-0.0090074,0.008968,0.008968,0.008968,5.6452e-07,8.8735e-05,0.00021832,0.99762,0.014843,0.0067484,0.001428,0.007126,0.0061499,0.0013789,0.0022751,0.0034521,-0.002429,0.0060323,-0.0011562,0.00227,-0.0052198,-0.010957,0.00057405,-0.0031222,-0.0003698,-0.017306,0.004082,0.0018425,0.011234,0.011234,0.011234,8.1862e-05,-0.0037699,-0.00011843,-0.0043716,0.023292
-0.013838,-0.013781,-0.0058377,-0.007298,-0.0096867,0.0017991,-0.013695,0.00063376,-0.0020156,0.0099395,0.035817,-0.039875,-0.0018993,0.0095418,0.016322,0.01457,-0.037985,0.035594,0.056187,-0.057159,-0.057159,-0.057159,-3.6582e-06,-0.00095074,-0.0010286,0.014843,0.90702,-0.042936,-0.0083941,-0.045916,-0.039636,-0.0085107,-0.013734,-0.021075,0.016501,-0.039709,0.0071511,-0.0092824,0.031031,0.061688,1.4245e-05,0.025061,0.0082391,0.10228,-0.026338,-0.013358,-0.071957,-0.071957,-0.071957,-0.00052222,0.023877,0.00083104,0.027838,-0.14893
-0.0074821,-0.0077148,-0.0041923,-0.0039128,-0.0068714,0.0023583,-0.0081002,-0.0040334,0.0044561,0.0038288,-0.0063358,0.011497,-0.0013032,0.0071084,0.0089493,0.010504,0.011614,-0.0068292,0.032468,-0.036058,-0.036058,-0.036058,-2.0036e-06,-0.0009134,2.4196e-05,0.0067484,-0.042936,0.97354,-0.0070131,-0.02748,-0.024621,-0.0045909,-0.008975,-0.01164,0.012449,-0.029828,0.0048701,0.025386,-0.011268,0.028865,-0.0096354,0.021479,-0.0011198,0.026269,0.0095328,-0.010245,-0.043699,-0.043699,-0.043699,-0.00029795,0.010434,-0.00028448,0.013851,-0.078796
-0.0031413,-0.0035202,-0.0014414,0.00013423,-0.0058683,-0.0002769,-0.0060295,-0.0015471,0.0012722,0.00050698,-0.016483,0.0096592,0.00042888,-0.00079732,-0.0016854,-0.0017866,0.010371,-0.016226,0.012348,-0.0096573,-0.0096573,-0.0096573,-5.3319e-08,0.0013258,-0.00021786,0.001428,-0.0083941,-0.0070131,0.99369,-0.0040574,-0.0043052,-0.0019905,-0.0061595,-0.006291,-4.9638e-06,-0.0053754,0.0025553,0.0038794,-0.013466,0.03865,-0.02608,-0.0143,-0.031776,0.018342,0.021675,0.0034988,-0.0089232,-0.0089232,-0.0089232,-5.6441e-05,0.00037252,-9.5135e-05,0.0013267,-0.0086998
-0.0068333,-0.0068539,-0.004144,-0.0049064,-0.0041531,0.0032071,-0.0054734,-0.0041132,0.0049247,0.0042109,0.0027234,0.0092831,-0.0019438,0.0094761,0.012272,0.014441,0.008827,0.0018964,0.03077,-0.037427,-0.037427,-0.037427,-2.4238e-06,-0.0021478,0.00018104,0.007126,-0.045916,-0.02748,-0.0040574,0.96909,-0.027252,-0.0041448,-0.006513,-0.0095938,0.015559,-0.033223,0.0041375,0.0305,-0.0057756,0.0060981,0.0070534,0.037717,0.022094,0.016375,-0.0028368,-0.015439,-0.047341,-0.047341,-0.047341,-0.00032484,0.01236,-0.00031098,0.015935,-0.090159
-0.0061745,-0.0062516,-0.0037994,-0.0042117,-0.0042683,0.002868,-0.0053324,-0.0040965,0.0048805,0.0035289,-0.0015773,0.011989,-0.0016614,0.0082744,0.010431,0.012525,0.011576,-0.0023012,0.027835,-0.033613,-0.033613,-0.033613,-2.0955e-06,-0.0017667,0.00027027,0.0061499,-0.039636,-0.024621,-0.0043052,-0.027252,0.97583,-0.0037519,-0.0063201,-0.0088638,0.013736,-0.0299,0.0038927,0.02949,-0.0088439,0.0083666,0.0027851,0.031933,0.015605,0.013056,0.0017731,-0.013265,-0.042053,-0.042053,-0.042053,-0.00028649,0.01045,-0.00032117,0.013737,-0.078309
-0.001683,-0.0017621,-0.00072975,-0.00048731,-0.0019887,5.7196e-05,-0.0023144,-0.00027452,0.0001081,0.00082704,-0.00099176,-0.00086615,-3.6959e-05,0.00048605,0.00077872,0.00061679,-0.00056762,-0.0009477,0.0067296,-0.0061784,-0.0061784,-0.0061784,-2.71e-07,0.00023148,-0.00064455,0.0013789,-0.0085107,-0.0045909,-0.0019905,-0.0041448,-0.0037519,0.99895,-0.0023409,-0.0028987,0.001147,-0.0039651,0.001072,2.5863e-05,-0.00064213,0.013039,-0.0057709,-0.001469,-0.006486,0.011524,0.0028358,-0.00014598,-0.0070651,-0.0070651,-0.0070651,-4.9529e-05,0.0017905,0.00012436,0.0022767,-0.01251
-0.0037201,-0.0040507,-0.0016429,-0.00034518,-0.0058692,-0.0001774,-0.0062989,-0.0012244,0.00085248,0.0011387,-0.011826,0.0051804,0.00027463,-0.00017082,-0.000485,-0.00076401,0.0059711,-0.011597,0.014675,-0.012213,-0.012213,-0.012213,-2.8067e-07,0.0011491,0.00012636,0.0022751,-0.013734,-0.008975,-0.0061595,-0.006513,-0.0063201,-0.0023409,0.99361,-0.0070194,0.0009407,-0.0071348,0.0027339,0.0019903,-0.0093347,0.038985,-0.023267,-0.01156,-0.02801,0.023973,0.017179,0.0024003,-0.012504,-0.012504,-0.012504,-8.3818e-05,0.001934,-0.0001532,0.0030099,-0.017408
-0.0046295,-0.0049153,-0.0019307,-0.00091067,-0.0061931,-0.00014837,-0.0070028,-0.00072224,0.00015557,0.002008,-0.006087,-0.0011943,0.00013413,0.00042335,0.00082646,0.0002001,-0.00021363,-0.0058538,0.018203,-0.015673,-0.015673,-0.015673,-5.5485e-07,0.0010501,-0.0004351,0.0034521,-0.021075,-0.01164,-0.006291,-0.0095938,-0.0088638,-0.0028987,-0.0070194,0.99169,0.001891,-0.0091833,0.003073,-0.0015523,-0.0038955,0.042288,-0.021214,-0.009679,-0.025422,0.033456,0.01209,0.0014837,-0.017158,-0.017158,-0.017158,-0.00011965,0.0039536,-6.7972e-05,0.0051758,-0.028511
0.0019731,0.0019086,0.001934,0.0026656,-0.00012001,-0.002511,5.1423e-05,0.0034486,-0.0045817,-0.0012378,0.0020383,-0.015532,0.0013923,-0.0063896,-0.0074795,-0.0098755,-0.014483,0.0027914,-0.010827,0.017249,0.017249,0.017249,1.2736e-06,0.0020341,0.00014244,-0.002429,0.016501,0.012449,-4.9638e-06,0.015559,0.013736,0.001147,0.0009407,0.001891,0.99004,0.018801,-0.0013257,-0.02862,0.0092707,0.019346,-0.012976,-0.031403,-0.025926,0.014792,0.001686,0.011501,0.022741,0.022741,0.022741,0.00015036,-0.0052027,3.6341e-05,-0.0072053,0.042543
-0.0065694,-0.0067595,-0.004901,-0.0049977,-0.0048343,0.0044558,-0.0053846,-0.0076207,0.0094527,0.0029533,-0.016368,0.03559,-0.0022679,0.011388,0.012845,0.017143,0.034285,-0.017553,0.031541,-0.041219,-0.041219,-0.041219,-2.4884e-06,-0.0026938,0.00025043,0.0060323,-0.039709,-0.029828,-0.0053754,-0.033223,-0.0299,-0.0039651,-0.0071348,-0.0091833,0.018801,0.95987,0.0047241,0.055797,-0.027372,-0.0024786,0.0025833,0.046904,0.022037,-0.0096866,0.013986,-0.01871,-0.051135,-0.051135,-0.051135,-0.00033718,0.010518,-0.00035861,0.015099,-0.089471
0.0017174,0.0018494,0.00086206,0.00038814,0.0024203,-0.00016584,0.0026084,0.00084715,-0.00080443,-0.0005758,0.0052085,-0.0037496,1.6546e-05,-0.00052935,-0.00049025,-0.0006096,-0.0039743,0.0051852,-0.0070668,0.0066595,0.0066595,0.0066595,2.3347e-07,-0.00028454,4.5554e-06,-0.0011562,0.0071511,0.0048701,0.0025553,0.0041375,0.0038927,0.001072,0.0027339,0.003073,-0.0013257,0.0047241,0.99874,-0.0036257,0.0048598,-0.014282,0.0084584,0.0018324,0.0092001,-0.0083731,-0.0070639,8.6356e-05,0.0072844,0.0072844,0.0072844,4.8547e-05,-0.0012647,-7.918e-05,-0.0019004,0.0111
0.0003538,0.00091867,0.0056402,0.0041045,0.00092291,-0.0093159,-0.002474,0.020432,-0.02681,0.0043284,0.085555,-0.13985,0.0035537,-0.017865,-0.013451,-0.026631,-0.13423,0.088336,-0.013971,0.037697,0.037697,0.037697,2.0166e-06,0.0057752,-7.4165e-05,0.00227,-0.0092824,0.025386,0.0038794,0.0305,0.02949,2.5863e-05,0.0019903,-0.0015523,-0.02862,0.055797,-0.0036257,0.84496,0.10811,0.079841,-0.0061629,-0.090498,-0.046309,0.1476,-0.068115,0.032099,0.045448,0.045448,0.045448,0.00024222,0.0015885,8.8549e-06,-0.0054744,0.051717
-0.0010035,-0.0022892,-0.0040391,0.0014143,-0.0099711,0.0041069,-0.0063288,-0.016458,0.020347,-0.006286,-0.10935,0.12785,-0.00019066,0.0042419,-0.0039132,0.0047089,0.12522,-0.11031,0.010707,-0.018146,-0.018146,-0.018146,4.4251e-07,0.00015941,-0.00019487,-0.0052198,0.031031,-0.011268,-0.013466,-0.0057756,-0.0088439,-0.00064213,-0.0093347,-0.0038955,0.0092707,-0.027372,0.0048598,0.10811,0.88659,0.014515,-0.059223,0.008144,-0.052625,-0.095608,0.10664,-0.0044927,-0.013815,-0.013815,-0.013815,-2.6961e-05,-0.01179,0.00032082,-0.0071407,0.02071
0.020369,0.022462,0.0056283,-0.0036185,0.037781,0.0081169,0.041162,-0.0037486,0.0098787,-0.006306,0.049501,0.031938,-0.0052017,0.017271,0.020041,0.029651,0.023464,0.045933,-0.071551,0.03788,0.03788,0.03788,-9.9775e-07,-0.012576,-0.00016404,-0.010957,0.061688,0.028865,0.03865,0.0060981,0.0083666,0.013039,0.038985,0.042288,0.019346,-0.0024786,-0.014282,0.079841,0.014515,0.69291,0.17462,0.15468,0.23902,-0.22055,-0.095311,-0.044557,0.027911,0.027911,0.027911,0.00020762,-0.0036486,-0.00042174,-0.0051182,0.022644
-0.0088632,-0.010623,-0.0032672,0.0047662,-0.023905,-0.0039266,-0.023495,-0.0039509,0.0020438,-0.0012682,-0.08033,0.038786,0.0036233,-0.011611,-0.018195,-0.020373,0.04244,-0.078452,0.031648,-0.013651,-0.013651,-0.013651,1.7955e-06,0.0079665,0.00034019,0.00057405,1.4245e-05,-0.0096354,-0.02608,0.0070534,0.0027851,-0.0057709,-0.023267,-0.021214,-0.012976,0.0025833,0.0084584,-0.0061629,-0.059223,0.17462,0.87212,-0.098025,-0.1669,0.070166,0.10451,0.029169,-0.0018505,-0.0018505,-0.0018505,1.0448e-05,-0.0088166,-0.0011127,-0.0073261,0.035641
-0.0018245,-0.0028193,0.0027304,0.0082615,-0.013968,-0.0088356,-0.014305,0.0085996,-0.013218,-0.0017004,-0.021957,-0.038572,0.0053373,-0.021949,-0.026497,-0.035097,-0.033263,-0.0189,-0.0029926,0.030224,0.030224,0.030224,3.6789e-06,0.0095111,-0.0002104,-0.0031222,0.025061,0.021479,-0.0143,0.037717,0.031933,-0.001469,-0.01156,-0.009679,-0.031403,0.046904,0.0018324,-0.090498,0.008144,0.15468,-0.098025,0.86745,-0.15258,0.10313,0.046731,0.044338,0.048226,0.048226,0.048226,0.00031736,-0.013403,0.0007959,-0.017649,0.10467
-0.0097939,-0.011932,-0.0021263,0.0080353,-0.029568,-0.0076485,-0.029445,1.2159e-05,-0.0039412,-0.0016707,-0.086188,0.019144,0.0058035,-0.020637,-0.028799,-0.034764,0.025081,-0.083027,0.030971,-0.0015646,-0.0015646,-0.0015646,3.2498e-06,0.011875,0.00012181,-0.0003698,0.0082391,-0.0011198,-0.031776,0.022094,0.015605,-0.006486,-0.02801,-0.025422,-0.025926,0.022037,0.0092001,-0.046309,-0.052625,0.23902,-0.1669,-0.15258,0.77153,0.11658,0.1208,0.047387,0.017345,0.017345,0.017345,0.00013449,-0.013711,-0.00068408,-0.01403,0.076164
0.018203,0.018546,0.0026564,0.0014029,0.021124,0.0082829,0.027937,-0.016441,0.024363,-0.013199,-0.070115,0.14258,-0.0030077,0.011781,0.0044008,0.018761,0.13391,-0.073263,-0.060795,0.031989,0.031989,0.031989,1.0396e-06,-0.0081052,-0.00064492,-0.017306,0.10228,0.026269,0.018342,0.016375,0.013056,0.011524,0.023973,0.033456,0.014792,-0.0096866,-0.0083731,0.1476,-0.095608,-0.22055,0.070166,0.10313,0.11658,0.73222,0.033065,-0.029213,0.034249,0.034249,0.034249,0.00031279,-0.021106,0.00041543,-0.019721,0.087769
0.0043163,0.006066,0.003942,-0.0038509,0.018187,-0.00054803,0.015334,0.012834,-0.014485,0.0054083,0.11515,-0.10613,-0.0018628,0.00382,0.01298,0.0083491,-0.10618,0.11479,-0.019629,0.015171,0.015171,0.015171,-1.4505e-06,-0.0042642,0.00030248,0.004082,-0.026338,0.0095328,0.021675,-0.0028368,0.0017731,0.0028358,0.017179,0.01209,0.001686,0.013986,-0.0070639,-0.068115,0.10664,-0.095311,0.10451,0.046731,0.1208,0.033065,0.87481,-0.012937,0.0053073,0.0053073,0.0053073,-2.1695e-05,0.013796,-0.0009545,0.010246,-0.041552
-0.00041627,-0.00014076,-0.0014219,-0.0030939,0.0034277,0.0030919,0.0033867,-0.0032885,0.0048052,0.0010096,0.0055924,0.014104,-0.0018424,0.0078207,0.0094526,0.012384,0.012448,0.0045667,0.0052469,-0.014271,-0.014271,-0.014271,-1.4128e-06,-0.0030959,0.00034014,0.0018425,-0.013358,-0.010245,0.0034988,-0.015439,-0.013265,-0.00014598,0.0024003,0.0014837,0.011501,-0.01871,8.6356e-05,0.032099,-0.0044927,-0.044557,0.029169,0.044338,0.047387,-0.029213,-0.012937,0.98476,-0.020891,-0.020891,-0.020891,-0.00013859,0.0055174,-0.00039481,0.0073141,-0.043026
-0.011579,-0.011782,-0.0067522,-0.0071565,-0.0088867,0.0045252,-0.010948,-0.0066137,0.0076239,0.0065094,-0.0028731,0.016914,-0.0026405,0.013474,0.017237,0.020271,0.016627,-0.0039491,0.051178,-0.059537,-0.059537,-0.059537,-3.5916e-06,-0.0025004,0.00018557,0.011234,-0.071957,-0.043699,-0.0089232,-0.047341,-0.042053,-0.0070651,-0.012504,-0.017158,0.022741,-0.051135,0.0072844,0.045448,-0.013815,0.027911,-0.0018505,0.048226,0.017345,0.034249,0.0053073,-0.020891,0.92621,-0.073785,-0.073785,-0.00050473,0.018477,-0.00041335,0.024144,-0.13697
-0.011579,-0.011782,-0.0067522,-0.0071565,-0.0088867,0.0045252,-0.010948,-0.0066137,0.0076239,0.0065094,-0.0028731,0.016914,-0.0026405,0.013474,0.017237,0.020271,0.016627,-0.0039491,0.051178,-0.059537,-0.059537,-0.059537,-3.5916e-06,-0.0025004,0.00018557,0.011234,-0.071957,-0.043699,-0.0089232,-0.047341,-0.042053,-0.0070651,-0.012504,-0.017158,0.022741,-0.051135,0.0072844,0.045448,-0.013815,0.027911,-0.0018505,0.048226,0.017345,0.034249,0.0053073,-0.020891,-0.073785,0.92621,-0.073785,-0.00050473,0.018477,-0.00041335,0.024144,-0.13697
-0.011579,-0.011782,-0.0067522,-0.0071565,-0.0088867,0.0045252,-0.010948,-0.0066137,0.0076239,0.0065094,-0.0028731,0.016914,-0.0026405,0.013474,0.017237,0.020271,0.016627,-0.0039491,0.051178,-0.059537,-0.059537,-0.059537,-3.5916e-06,-0.0025004,0.00018557,0.011234,-0.071957,-0.043699,-0.0089232,-0.047341,-0.042053,-0.0070651,-0.012504,-0.017158,0.022741,-0.051135,0.0072844,0.045448,-0.013815,0.027911,-0.0018505,0.048226,0.017345,0.034249,0.0053073,-0.020891,-0.073785,-0.073785,0.92621,-0.00050473,0.018477,-0.00041335,0.024144,-0.13697
-8.1131e-05,-8.1901e-05,-4.4712e-05,-5.0172e-05,-5.8274e-05,2.8205e-05,-7.5054e-05,-3.5397e-05,3.9537e-05,4.9438e-05,4.369e-05,3.6029e-05,-1.7781e-05,8.9418e-05,0.0001203,0.00013528,3.6298e-05,3.7096e-05,0.00035333,-0.00040411,-0.00040411,-0.00040411,-2.5077e-08,-1.6469e-05,4.3728e-06,8.1862e-05,-0.00052222,-0.00029795,-5.6441e-05,-0.00032484,-0.00028649,-4.9529e-05,-8.3818e-05,-0.00011965,0.00015036,-0.00033718,4.8547e-05,0.00024222,-2.6961e-05,0.00020762,1.0448e-05,0.00031736,0.00013449,0.00031279,-2.1695e-05,-0.00013859,-0.00050473,-0.00050473,-0.00050473,1,0.00013552,-4.3259e-06,0.00017203,-0.00096327
0.0029477,0.0028134,0.0012893,0.0022135,0.0008473,-0.00075505,0.0018974,-0.00038554,0.00059404,-0.0026315,-0.014527,0.01258,0.00074598,-0.0032943,-0.0054794,-0.0052106,0.01236,-0.014333,-0.012297,0.013843,0.013843,0.013843,1.0686e-06,0.00080636,0.00042427,-0.0037699,0.023877,0.010434,0.00037252,0.01236,0.01045,0.0017905,0.001934,0.0039536,-0.0052027,0.010518,-0.0012647,0.0015885,-0.01179,-0.0036486,-0.0088166,-0.013403,-0.013711,-0.021106,0.013796,0.0055174,0.018477,0.018477,0.018477,0.00013552,0.99326,2.7675e-05,-0.0076719,0.040854
5.5063e-05,2.4197e-05,-0.00015612,2.7814e-06,-1.6562e-05,0.00021585,-8.1956e-07,5.9124e-05,0.00016612,-7.4258e-05,0.00052988,0.00029101,-5.2406e-05,6.5948e-05,0.00035314,0.00039919,0.00022589,0.00048293,-3.1364e-05,-0.00033268,-0.00033268,-0.00033268,1.4628e-07,-3.9883e-05,-4.4687e-06,-0.00011843,0.00083104,-0.00028448,-9.5135e-05,-0.00031098,-0.00032117,0.00012436,-0.0001532,-6.7972e-05,3.6341e-05,-0.00035861,-7.918e-05,8.8549e-06,0.00032082,-0.00042174,-0.0011127,0.0007959,-0.00068408,0.00041543,-0.0009545,-0.00039481,-0.00041335,-0.00041335,-0.00041335,-4.3259e-06,2.7675e-05,9.0783e-06,-0.00032674,0.0014271
0.0037464,0.0036617,0.0018883,0.0026942,0.0016876,-0.0012414,0.0027559,0.00064004,-0.00065131,-0.0028738,-0.010913,0.0070839,0.00095936,-0.0044592,-0.0066579,-0.0069207,0.0069975,-0.010599,-0.016093,0.018594,0.018594,0.018594,1.3159e-06,0.0010225,0.00024657,-0.0043716,0.027838,0.013851,0.0013267,0.015935,0.013737,0.0022767,0.0030099,0.0051758,-0.0072053,0.015099,-0.0019004,-0.0054744,-0.0071407,-0.0051182,-0.0073261,-0.017649,-0.01403,-0.019721,0.010246,0.0073141,0.024144,0.024144,0.024144,0.00017203,-0.0076719,-0.00032674,0.99084,0.049958
-0.020607,-0.020297,-0.011131,-0.014958,-0.010139,0.0078999,-0.0154,-0.0065548,0.0074654,0.01484,0.043538,-0.016584,-0.0055564,0.026217,0.037202,0.040443,-0.016792,0.041512,0.090079,-0.10633,-0.10633,-0.10633,-7.3274e-06,-0.0060554,-0.00043308,0.023292,-0.14893,-0.078796,-0.0086998,-0.090159,-0.078309,-0.01251,-0.017408,-0.028511,0.042543,-0.089471,0.0111,0.051717,0.02071,0.022644,0.035641,0.10467,0.076164,0.087769,-0.041552,-0.043026,-0.13697,-0.13697,-0.13697,-0.00096327,0.040854,0.0014271,0.049958,0.72418
85.683,85.683,85.683,85.683,85.683,85.683,85.683,85.683,85.683,85.683,85.683,85.683,85.683,85.683,85.683,85.683,85.683,85.683,85.683,85.683,85.683,85.683,85.683,85.683,85.683,85.683,85.683,85.683,85.683,85.683,85.683,85.683,85.683,85.683,85.683,85.683,85.683,85.683,85.683,85.683,85.683,85.683,85.683,85.683,85.683,85.683,85.683,85.683,85.683,85.683,85.683,85.683,85.683,85.683
