0.46727,0.41897,-0.20071,0.20588,0.37835,0.1421,0.3344,0.19779,0.21272,0.25594,0.41289,0.7673,0.73162,0.52961,0.19843,0.55098,0.54712,0.47841,-0.37949,0.012925,0.012925,0.012925,0.06613,-0.39303,20.792,-0.1376,-0.13824,0.091402,0.063269,0.057437,0.049887,0.072787,0.014251,0.034038,0.061266,0.048802,0.77564,0.40188,0.20111,0.46911,0.59346,0.4503,0.0095074,0.54818,0.78508,-0.23613,0.32036,0.32036,0.32036,2.8432e-06,0.044347,-44.797,0.096652,0.087255
0.39334,0.35167,-0.2875,0.1336,0.24374,0.060539,0.25718,0.06751,0.11069,0.17677,0.026773,0.47405,0.38882,0.10777,0.012497,0.33486,0.34637,0.15049,-0.40986,-0.1044,-0.1044,-0.1044,0.011424,-0.49393,-185.04,-0.47868,-0.6902,0.083149,0.028375,0.023657,0.036195,0.063104,0.0010294,0.028741,0.03856,0.011558,0.48525,0.0083483,0.0064307,0.010452,0.39284,0.06936,0.0013467,0.11091,0.65277,-0.3487,0.25665,0.25665,0.25665,2.0004e-06,0.0097292,-134.2,-0.55679,-0.20784
0.55092,0.46995,-0.10009,0.29307,0.50544,0.23533,0.46511,0.41742,0.25554,0.3369,0.8135,0.96788,0.92554,0.92123,0.363,0.89056,0.78235,0.86027,-0.33895,0.12357,0.12357,0.12357,0.16495,-0.25953,331.62,0.17423,0.39608,0.10093,0.098121,0.078158,0.056533,0.086056,0.040156,0.038428,0.095042,0.080641,0.99994,0.76059,0.54832,0.87413,0.70769,0.73979,0.020883,0.75744,0.99383,-0.034664,0.38761,0.38761,0.38761,4.3788e-06,0.060732,44.267,0.48125,0.34902
9996,-1.6349,7.5888,-12.895,2.0982,4.0342,9.443,-27.682,9.2088,-6.6093,-40.379,27.829,10.993,-16.732,16.295,-2.281,46.356,-42.518,3.1543,6.1518,6.1518,6.1518,0.63602,0.041216,-3.5964,-54.233,47.684,1.6718,5.1869,-3.7198,0.67072,1.3204,0.69864,-0.80931,3.0803,-2.6041,-44.937,73.814,12.485,75.18,-10.371,-69.991,-0.16374,-56.882,30.874,3.5889,-2.5267,-2.5267,-2.5267,0.00015535,-3.5422,1.7306,-63.067,11.815
-1.6349,9999.3,3.0747,-5.2254,0.84899,1.6358,3.826,-11.218,3.7324,-2.679,-16.364,11.279,4.4502,-6.7765,6.6008,-0.92043,18.782,-17.231,1.2779,2.4923,2.4923,2.4923,0.25757,0.018087,-2.4326,-21.975,19.317,0.67736,2.1018,-1.5072,0.2716,0.53506,0.28327,-0.32793,1.248,-1.055,-18.207,29.905,5.0583,30.459,-4.202,-28.358,-0.066392,-23.045,12.509,1.4539,-1.0232,-1.0232,-1.0232,6.294e-05,-1.4351,2.6406,-25.555,4.7845
7.5888,3.0747,9985.7,24.267,-3.9521,-7.5886,-17.771,52.09,-17.327,12.436,75.979,-52.363,-20.698,31.496,-30.669,4.3034,-87.24,80.006,-5.9364,-11.577,-11.577,-11.577,-1.1975,-0.073585,3.3865,102.06,-89.748,-3.1462,-9.7609,7.0003,-1.2627,-2.4848,-1.3143,1.5231,-5.7969,4.901,84.569,-138.92,-23.497,-141.49,19.518,131.72,0.30798,107.05,-58.103,-6.7551,4.7566,4.7566,4.7566,-0.00029235,6.6666,1.7979,118.68,-22.242
-12.895,-5.2254,24.267,9958.8,6.716,12.897,30.201,-88.521,29.447,-21.135,-129.11,88.985,35.169,-53.523,52.117,-7.3094,148.25,-135.96,10.087,19.671,19.671,19.671,2.0365,0.12586,-1.8369,-173.44,152.51,5.3463,16.587,-11.895,2.1455,4.2223,2.2343,-2.5882,9.8502,-8.3274,-143.71,236.07,39.935,240.44,-33.171,-223.84,-0.52323,-181.91,98.734,11.482,-8.0831,-8.0831,-8.0831,0.00049677,-11.328,2.0064,-201.69,37.795
2.0982,0.84899,-3.9521,6.716,9998.9,-2.0974,-4.9205,14.415,-4.794,3.4408,21.019,-14.486,-5.7388,8.728,-8.4935,1.2012,-24.15,22.136,-1.6431,-3.2035,-3.2035,-3.2035,-0.33284,-0.016435,-4.5997,28.251,-24.855,-0.87086,-2.7013,1.9374,-0.34988,-0.68753,-0.3637,0.4216,-1.6043,1.3564,23.412,-38.459,-6.5082,-39.173,5.4049,36.464,0.085015,29.633,-16.083,-1.8725,1.3184,1.3184,1.3184,-8.0915e-05,1.8453,3.5761,32.854,-6.1642
4.0342,1.6358,-7.5886,12.897,-2.0974,9996,-9.4443,27.686,-9.2114,6.6118,40.385,-27.834,-10.989,16.731,-16.295,2.2769,-46.358,42.524,-3.154,-6.1511,-6.1511,-6.1511,-0.63648,-0.042643,3.1112,54.239,-47.684,-1.6719,-5.1874,3.7199,-0.67057,-1.3205,-0.69913,0.80941,-3.0802,2.6039,44.94,-73.816,-12.487,-75.183,10.373,69.994,0.16375,56.882,-30.875,-3.59,2.5264,2.5264,2.5264,-0.00015535,3.5421,-5.0199,63.077,-11.813
9.443,3.826,-17.771,30.201,-4.9205,-9.4443,9977.9,64.83,-21.566,15.479,94.553,-65.167,-25.76,39.205,-38.171,5.3572,-108.57,99.569,-7.3871,-14.405,-14.405,-14.405,-1.4927,-0.09047,-2.6416,127.03,-111.7,-3.9155,-12.148,8.7116,-1.5714,-3.0921,-1.6366,1.8956,-7.2137,6.0984,105.25,-172.89,-29.251,-176.1,24.296,163.93,0.38305,133.22,-72.31,-8.4117,5.9208,5.9208,5.9208,-0.00036381,8.2961,-1.5138,147.72,-27.684
-27.682,-11.218,52.09,-88.521,14.415,27.686,64.83,9810,63.212,-45.371,-277.15,191.02,75.487,-114.89,111.87,-15.685,318.22,-291.85,21.652,42.224,42.224,42.224,4.3719,0.27197,-3.9322,-372.3,327.37,11.476,35.605,-25.534,4.6052,9.0634,4.7965,-5.5559,21.144,-17.875,-308.49,506.73,85.724,516.11,-71.204,-480.48,-1.1232,-390.47,211.94,24.648,-17.35,-17.35,-17.35,0.0010663,-24.316,7.946,-432.96,81.127
9.2088,3.7324,-17.327,29.447,-4.794,-9.2114,-21.566,63.212,9979,15.095,92.199,-63.546,-25.106,38.216,-37.212,5.2129,-105.86,97.087,-7.202,-14.045,-14.045,-14.045,-1.4546,-0.092075,1.2343,123.85,-108.9,-3.8176,-11.844,8.4938,-1.5317,-3.015,-1.596,1.8482,-7.0333,5.9457,102.62,-168.56,-28.517,-171.68,23.687,159.83,0.37364,129.89,-70.501,-8.1999,5.7711,5.7711,5.7711,-0.00035471,8.0883,-5.9322,144.03,-26.984
-6.6093,-2.679,12.436,-21.135,3.4408,6.6118,15.479,-45.371,15.095,9989.2,-66.174,45.61,18.018,-27.429,26.708,-3.7403,75.977,-69.683,5.1688,10.079,10.079,10.079,1.0445,0.066382,0.37756,-88.892,78.159,2.74,8.501,-6.0962,1.0993,2.1639,1.1458,-1.3265,5.0478,-4.2671,-73.654,120.98,20.47,123.22,-17.002,-114.71,-0.26814,-93.222,50.6,5.8863,-4.1421,-4.1421,-4.1421,0.00025458,-5.805,5.959,-103.38,19.367
-40.379,-16.364,75.979,-129.11,21.019,40.385,94.553,-277.15,92.199,-66.174,9595.7,278.61,110.09,-167.55,163.16,-22.864,464.14,-425.68,31.581,61.589,61.589,61.589,6.373,0.40243,-18.024,-543.01,477.46,16.739,51.932,-37.243,6.7164,13.22,6.9954,-8.1033,30.84,-26.072,-449.93,739.07,125.02,752.76,-103.85,-700.79,-1.6387,-569.52,309.12,35.943,-25.303,-25.303,-25.303,0.0015553,-35.466,12.429,-631.47,118.31
27.829,11.279,-52.363,88.985,-14.486,-27.834,-65.167,191.02,-63.546,45.61,278.61,9808,-75.869,115.48,-112.45,15.755,-319.89,293.38,-21.765,-42.445,-42.445,-42.445,-4.3934,-0.27801,9.6,374.25,-329.07,-11.536,-35.792,25.668,-4.6288,-9.111,-4.8219,5.5849,-21.254,17.968,310.1,-509.37,-86.168,-518.8,71.574,482.98,1.1293,392.51,-213.04,-24.774,17.439,17.439,17.439,-0.0010719,24.443,-12.354,435.22,-81.542
10.993,4.4502,-20.698,35.169,-5.7388,-10.989,-25.76,75.487,-25.106,18.018,110.09,-75.869,9970,45.677,-44.464,6.2682,-126.45,115.93,-8.6047,-16.779,-16.779,-16.779,-1.7384,-0.094841,-8.1011,147.92,-130.12,-4.5601,-14.146,10.146,-1.8313,-3.6008,-1.9041,2.2075,-8.4017,7.1037,122.58,-201.37,-34.064,-205.1,28.293,190.93,0.4458,155.17,-84.217,-9.7961,6.8992,6.8992,6.8992,-0.00042373,9.663,15.014,172.01,-32.259
-16.732,-6.7765,31.496,-53.523,8.728,16.731,39.205,-114.89,38.216,-27.429,-167.55,115.48,45.677,9930.5,67.66,-9.5166,192.43,-176.45,13.093,25.53,25.53,25.53,2.6471,0.152,12.907,-225.12,198,6.9395,21.528,-15.439,2.7859,5.4798,2.8997,-3.3596,12.785,-10.809,-186.55,306.43,51.846,312.11,-43.061,-290.55,-0.6785,-236.12,128.16,14.911,-10.497,-10.497,-10.497,0.00064479,-14.704,-6.9113,-261.8,49.08
16.295,6.6008,-30.669,52.117,-8.4935,-16.295,-38.171,111.87,-37.212,26.708,163.16,-112.45,-44.464,67.66,9934.1,9.2544,-187.37,171.82,-12.749,-24.861,-24.861,-24.861,-2.5752,-0.15287,-4.1182,219.2,-192.77,-6.757,-20.963,15.034,-2.7122,-5.336,-2.8233,3.2711,-12.449,10.525,181.63,-298.36,-50.475,-303.89,41.925,282.9,0.661,229.91,-124.79,-14.514,10.218,10.218,10.218,-0.00062785,14.317,4.3179,254.91,-47.779
-2.281,-0.92043,4.3034,-7.3094,1.2012,2.2769,5.3572,-15.685,5.2129,-3.7403,-22.864,15.755,6.2682,-9.5166,9.2544,9998.7,26.296,-24.083,1.7899,3.4891,3.4891,3.4891,0.3629,0.010564,9.8236,-30.751,27.08,0.94815,2.94,-2.1092,0.38174,0.74826,0.39488,-0.45895,1.7469,-1.4775,-25.491,41.885,7.0865,42.662,-5.8847,-39.706,-0.092307,-32.272,17.513,2.0395,-1.4382,-1.4382,-1.4382,8.8109e-05,-2.0098,-14.436,-35.758,6.7243
46.356,18.782,-87.24,148.25,-24.15,-46.358,-108.57,318.22,-105.86,75.977,464.14,-319.89,-126.45,192.43,-187.37,26.296,9467,488.75,-36.263,-70.718,-70.718,-70.718,-7.3221,-0.44565,1.3338,623.51,-548.3,-19.22,-59.629,42.764,-7.7138,-15.179,-8.0314,9.3047,-35.412,29.938,516.65,-848.67,-143.57,-864.39,119.25,804.7,1.8808,653.97,-354.95,-41.28,29.062,29.062,29.062,-0.0017859,40.725,1.9021,725.08,-135.89
-42.518,-17.231,80.006,-135.96,22.136,42.524,99.569,-291.85,97.087,-69.683,-425.68,293.38,115.93,-176.45,171.82,-24.083,488.75,9551.7,33.255,64.853,64.853,64.853,6.7124,0.421,-13.767,-571.81,502.79,17.626,54.686,-39.218,7.0728,13.921,7.3665,-8.5331,32.475,-27.454,-473.8,778.27,131.65,792.68,-109.36,-737.95,-1.7254,-599.72,325.51,37.852,-26.646,-26.646,-26.646,0.0016378,-37.346,12.068,-664.96,124.59
3.1543,1.2779,-5.9364,10.087,-1.6431,-3.154,-7.3871,21.652,-7.202,5.1688,31.581,-21.765,-8.6047,13.093,-12.749,1.7899,-36.263,33.255,9997.5,-4.8124,-4.8124,-4.8124,-0.49781,-0.030186,1.105,42.423,-37.307,-1.3078,-4.0572,2.9098,-0.5249,-1.0328,-0.54627,0.63308,-2.4096,2.0372,35.153,-57.745,-9.7671,-58.814,8.1131,54.753,0.128,44.498,-24.152,-2.8079,1.9773,1.9773,1.9773,-0.00012152,2.7711,1.2899,49.332,-9.2458
6.1518,2.4923,-11.577,19.671,-3.2035,-6.1511,-14.405,42.224,-14.045,10.079,61.589,-42.445,-16.779,25.53,-24.861,3.4891,-70.718,64.853,-4.8124,9990.6,-9.3855,-9.3855,-0.97023,-0.059511,3.9623,82.729,-72.75,-2.5503,-7.9122,5.6746,-1.0236,-2.0142,-1.0652,1.2346,-4.6992,3.973,68.551,-112.61,-19.045,-114.69,15.821,106.78,0.24969,86.779,-47.1,-5.4747,3.8557,3.8557,3.8557,-0.00023699,5.4042,2.7973,96.201,-18.029
6.1518,2.4923,-11.577,19.671,-3.2035,-6.1511,-14.405,42.224,-14.045,10.079,61.589,-42.445,-16.779,25.53,-24.861,3.4891,-70.718,64.853,-4.8124,-9.3855,9990.6,-9.3855,-0.97023,-0.059511,3.9623,82.729,-72.75,-2.5503,-7.9122,5.6746,-1.0236,-2.0142,-1.0652,1.2346,-4.6992,3.973,68.551,-112.61,-19.045,-114.69,15.821,106.78,0.24969,86.779,-47.1,-5.4747,3.8557,3.8557,3.8557,-0.00023699,5.4042,2.7973,96.201,-18.029
6.1518,2.4923,-11.577,19.671,-3.2035,-6.1511,-14.405,42.224,-14.045,10.079,61.589,-42.445,-16.779,25.53,-24.861,3.4891,-70.718,64.853,-4.8124,-9.3855,-9.3855,9990.6,-0.97023,-0.059511,3.9623,82.729,-72.75,-2.5503,-7.9122,5.6746,-1.0236,-2.0142,-1.0652,1.2346,-4.6992,3.973,68.551,-112.61,-19.045,-114.69,15.821,106.78,0.24969,86.779,-47.1,-5.4747,3.8557,3.8557,3.8557,-0.00023699,5.4042,2.7973,96.201,-18.029
0.63602,0.25757,-1.1975,2.0365,-0.33284,-0.63648,-1.4927,4.3719,-1.4546,1.0445,6.373,-4.3934,-1.7384,2.6471,-2.5752,0.3629,-7.3221,6.7124,-0.49781,-0.97023,-0.97023,-0.97023,9999.9,-0.0052899,-2.9085,8.5682,-7.5364,-0.26404,-0.81904,0.58725,-0.10601,-0.20841,-0.1106,0.12787,-0.4862,0.41091,7.0997,-11.66,-1.9754,-11.877,1.64,11.055,0.025729,8.9822,-4.8757,-0.56898,0.39976,0.39976,0.39976,-2.4523e-05,0.55923,-0.85459,9.9666,-1.8689
0.041216,0.018087,-0.073585,0.12586,-0.016435,-0.042643,-0.09047,0.27197,-0.092075,0.066382,0.40243,-0.27801,-0.094841,0.152,-0.15287,0.010564,-0.44565,0.421,-0.030186,-0.059511,-0.059511,-0.059511,-0.0052899,10000,4.3424,0.52528,-0.4478,-0.016137,-0.050643,0.036107,-0.006025,-0.012961,-0.0071527,0.0078229,-0.029778,0.024978,0.43176,-0.70509,-0.1182,-0.71744,0.098937,0.6722,0.0017782,0.54538,-0.29699,-0.03304,0.022598,0.022598,0.022598,-1.4991e-06,0.03394,-4.9705,0.61137,-0.10597
-3.5964,-2.4326,3.3865,-1.8369,-4.5997,3.1112,-2.6416,-3.9322,1.2343,0.37756,-18.024,9.6,-8.1011,12.907,-4.1182,9.8236,1.3338,-13.767,1.105,3.9623,3.9623,3.9623,-2.9085,4.3424,0.17129,1.9871,-13.305,0.13495,1.0086,-0.98712,-0.26551,0.49605,-0.46312,0.041127,1.0028,-1.116,3.1528,-1.367,-8.7286,-4.913,4.6002,-2.7522,-0.40067,-7.3968,3.3281,-5.6043,2.082,2.082,2.082,4.1404e-05,-0.77745,-0.087479,9.0531,-8.6466
-54.233,-21.975,102.06,-173.44,28.251,54.239,127.03,-372.3,123.85,-88.892,-543.01,374.25,147.92,-225.12,219.2,-30.751,623.51,-571.81,42.423,82.729,82.729,82.729,8.5682,0.52528,1.9871,9270.5,641.45,22.486,69.761,-50.029,9.0238,17.758,9.3976,-10.886,41.427,-35.023,-604.43,992.85,167.97,1011.3,-139.51,-941.42,-2.2002,-765.07,415.26,48.298,-33.998,-33.998,-33.998,0.0020893,-47.643,8.7337,-848.3,158.97
47.684,19.317,-89.748,152.51,-24.855,-47.684,-111.7,327.37,-108.9,78.159,477.46,-329.07,-130.12,198,-192.77,27.08,-548.3,502.79,-37.307,-72.75,-72.75,-72.75,-7.5364,-0.4478,-13.305,641.45,9435.9,-19.773,-61.344,43.993,-7.9368,-15.615,-8.2622,9.5725,-36.43,30.799,531.53,-873.11,-147.71,-889.29,122.69,827.86,1.9343,672.79,-365.17,-42.475,29.903,29.903,29.903,-0.0018373,41.897,10.622,745.96,-139.82
1.6718,0.67736,-3.1462,5.3463,-0.87086,-1.6719,-3.9155,11.476,-3.8176,2.74,16.739,-11.536,-4.5601,6.9395,-6.757,0.94815,-19.22,17.626,-1.3078,-2.5503,-2.5503,-2.5503,-0.26404,-0.016137,0.13495,22.486,-19.773,9999.3,-2.1504,1.5422,-0.27818,-0.5474,-0.28964,0.33556,-1.2771,1.0797,18.632,-30.606,-5.1774,-31.173,4.3005,29.02,0.06783,23.584,-12.801,-1.4887,1.048,1.048,1.048,-6.4406e-05,1.4687,0.012802,26.149,-4.9004
5.1869,2.1018,-9.7609,16.587,-2.7013,-5.1874,-12.148,35.605,-11.844,8.501,51.932,-35.792,-14.146,21.528,-20.963,2.94,-59.629,54.686,-4.0572,-7.9122,-7.9122,-7.9122,-0.81904,-0.050643,1.0086,69.761,-61.344,-2.1504,9993.3,4.7846,-0.86297,-1.6983,-0.89865,1.041,-3.962,3.3495,57.804,-94.951,-16.062,-96.71,13.342,90.032,0.21047,73.168,-39.713,-4.6182,3.2512,3.2512,3.2512,-0.00019982,4.5564,-0.6087,81.125,-15.202
-3.7198,-1.5072,7.0003,-11.895,1.9374,3.7199,8.7116,-25.534,8.4938,-6.0962,-37.243,25.668,10.146,-15.439,15.034,-2.1092,42.764,-39.218,2.9098,5.6746,5.6746,5.6746,0.58725,0.036107,-0.98712,-50.029,43.993,1.5422,4.7846,9996.6,0.61892,1.218,0.64438,-0.74659,2.8414,-2.4022,-41.455,68.095,11.519,69.357,-9.5679,-64.568,-0.15094,-52.474,28.481,3.3117,-2.3317,-2.3317,-2.3317,0.0001433,-3.2677,-0.21948,-58.178,10.903
0.67072,0.2716,-1.2627,2.1455,-0.34988,-0.67057,-1.5714,4.6052,-1.5317,1.0993,6.7164,-4.6288,-1.8313,2.7859,-2.7122,0.38174,-7.7138,7.0728,-0.5249,-1.0236,-1.0236,-1.0236,-0.10601,-0.006025,-0.26551,9.0238,-7.9368,-0.27818,-0.86297,0.61892,9999.9,-0.21967,-0.11618,0.13467,-0.51253,0.43334,7.4777,-12.284,-2.0779,-12.511,1.7259,11.647,0.027206,9.4655,-5.1374,-0.59751,0.42078,0.42078,0.42078,-2.5849e-05,0.58946,0.63383,10.494,-1.9675
1.3204,0.53506,-2.4848,4.2223,-0.68753,-1.3205,-3.0921,9.0634,-3.015,2.1639,13.22,-9.111,-3.6008,5.4798,-5.336,0.74826,-15.179,13.921,-1.0328,-2.0142,-2.0142,-2.0142,-0.20841,-0.012961,0.49605,17.758,-15.615,-0.5474,-1.6983,1.218,-0.21967,9999.6,-0.22873,0.265,-1.0086,0.85267,14.714,-24.17,-4.0885,-24.618,3.3961,22.918,0.053584,18.625,-10.109,-1.1754,0.82756,0.82756,0.82756,-5.0865e-05,1.1599,-0.085967,20.65,-3.8696
0.69864,0.28327,-1.3143,2.2343,-0.3637,-0.69913,-1.6366,4.7965,-1.596,1.1458,6.9954,-4.8219,-1.9041,2.8997,-2.8233,0.39488,-8.0314,7.3665,-0.54627,-1.0652,-1.0652,-1.0652,-0.1106,-0.0071527,-0.46312,9.3976,-8.2622,-0.28964,-0.89865,0.64438,-0.11618,-0.22873,9999.9,0.14024,-0.53353,0.45096,7.7863,-12.788,-2.1645,-13.026,1.7976,12.126,0.028332,9.8537,-5.3486,-0.62261,0.43785,0.43785,0.43785,-2.6909e-05,0.61356,-1.272,10.93,-2.0472
-0.80931,-0.32793,1.5231,-2.5882,0.4216,0.80941,1.8956,-5.5559,1.8482,-1.3265,-8.1033,5.5849,2.2075,-3.3596,3.2711,-0.45895,9.3047,-8.5331,0.63308,1.2346,1.2346,1.2346,0.12787,0.0078229,0.041127,-10.886,9.5725,0.33556,1.041,-0.74659,0.13467,0.265,0.14024,9999.8,0.61822,-0.52265,-9.0201,14.817,2.5066,15.091,-2.082,-14.049,-0.032834,-11.417,6.1969,0.72076,-0.50737,-0.50737,-0.50737,3.1179e-05,-0.71098,0.10839,-12.659,2.3723
3.0803,1.248,-5.7969,9.8502,-1.6043,-3.0802,-7.2137,21.144,-7.0333,5.0478,30.84,-21.254,-8.4017,12.785,-12.449,1.7469,-35.412,32.475,-2.4096,-4.6992,-4.6992,-4.6992,-0.4862,-0.029778,1.0028,41.427,-36.43,-1.2771,-3.962,2.8414,-0.51253,-1.0086,-0.53353,0.61822,9997.6,1.9893,34.327,-56.388,-9.5381,-57.433,7.9228,53.467,0.125,43.453,-23.585,-2.7422,1.9308,1.9308,1.9308,-0.00011867,2.706,0.58802,48.175,-9.0283
-2.6041,-1.055,4.901,-8.3274,1.3564,2.6039,6.0984,-17.875,5.9457,-4.2671,-26.072,17.968,7.1037,-10.809,10.525,-1.4775,29.938,-27.454,2.0372,3.973,3.973,3.973,0.41091,0.024978,-1.116,-35.023,30.799,1.0797,3.3495,-2.4022,0.43334,0.85267,0.45096,-0.52265,1.9893,9998.3,-29.021,47.672,8.0632,48.555,-6.6978,-45.202,-0.10568,-36.737,19.939,2.318,-1.6324,-1.6324,-1.6324,0.00010033,-2.2878,-1.1282,-40.727,7.6329
-44.937,-18.207,84.569,-143.71,23.412,44.94,105.25,-308.49,102.62,-73.654,-449.93,310.1,122.58,-186.55,181.63,-25.491,516.65,-473.8,35.153,68.551,68.551,68.551,7.0997,0.43176,3.1528,-604.43,531.53,18.632,57.804,-41.455,7.4777,14.714,7.7863,-9.0201,34.327,-29.021,9499.2,822.7,139.18,837.94,-115.6,-780.07,-1.8231,-633.95,344.09,40.02,-28.173,-28.173,-28.173,0.0017312,-39.478,1.5148,-702.91,131.73
73.814,29.905,-138.92,236.07,-38.459,-73.816,-172.89,506.73,-168.56,120.98,739.07,-509.37,-201.37,306.43,-298.36,41.885,-848.67,778.27,-57.745,-112.61,-112.61,-112.61,-11.66,-0.70509,-1.367,992.85,-873.11,-30.606,-94.951,68.095,-12.284,-24.17,-12.788,14.817,-56.388,47.672,822.7,8648.6,-228.61,-1376.4,189.89,1281.4,2.9947,1041.4,-565.22,-65.734,46.278,46.278,46.278,-0.0028438,64.849,9.1377,1154.6,-216.39
12.485,5.0583,-23.497,39.935,-6.5082,-12.487,-29.251,85.724,-28.517,20.47,125.02,-86.168,-34.064,51.846,-50.475,7.0865,-143.57,131.65,-9.7671,-19.045,-19.045,-19.045,-1.9754,-0.1182,-8.7286,167.97,-147.71,-5.1774,-16.062,11.519,-2.0779,-4.0885,-2.1645,2.5066,-9.5381,8.0632,139.18,-228.61,9961.3,-232.85,32.129,216.77,0.5063,176.16,-95.613,-11.126,7.8298,7.8298,7.8298,-0.00048104,10.969,-3.7081,195.34,-36.61
75.18,30.459,-141.49,240.44,-39.173,-75.183,-176.1,516.11,-171.68,123.22,752.76,-518.8,-205.1,312.11,-303.89,42.662,-864.39,792.68,-58.814,-114.69,-114.69,-114.69,-11.877,-0.71744,-4.913,1011.3,-889.29,-31.173,-96.71,69.357,-12.511,-24.618,-13.026,15.091,-57.433,48.555,837.94,-1376.4,-232.85,8598.1,193.41,1305.1,3.0501,1060.7,-575.69,-66.954,47.136,47.136,47.136,-0.0028965,66.05,7.6642,1176,-220.4
-10.371,-4.202,19.518,-33.171,5.4049,10.373,24.296,-71.204,23.687,-17.002,-103.85,71.574,28.293,-43.061,41.925,-5.8847,119.25,-109.36,8.1131,15.821,15.821,15.821,1.64,0.098937,4.6002,-139.51,122.69,4.3005,13.342,-9.5679,1.7259,3.3961,1.7976,-2.082,7.9228,-6.6978,-115.6,189.89,32.129,193.41,9973.3,-180.05,-0.42064,-146.32,79.419,9.2398,-6.5031,-6.5031,-6.5031,0.00039958,-9.1116,2.2864,-162.25,30.407
-69.991,-28.358,131.72,-223.84,36.464,69.994,163.93,-480.48,159.83,-114.71,-700.79,482.98,190.93,-290.55,282.9,-39.706,804.7,-737.95,54.753,106.78,106.78,106.78,11.055,0.6722,-2.7522,-941.42,827.86,29.02,90.032,-64.568,11.647,22.918,12.126,-14.049,53.467,-45.202,-780.07,1281.4,216.77,1305.1,-180.05,8785,-2.8397,-987.41,535.93,62.327,-43.879,-43.879,-43.879,0.0026965,-61.489,-4.8841,-1094.8,205.17
-0.16374,-0.066392,0.30798,-0.52323,0.085015,0.16375,0.38305,-1.1232,0.37364,-0.26814,-1.6387,1.1293,0.4458,-0.6785,0.661,-0.092307,1.8808,-1.7254,0.128,0.24969,0.24969,0.24969,0.025729,0.0017782,-0.40067,-2.2002,1.9343,0.06783,0.21047,-0.15094,0.027206,0.053584,0.028332,-0.032834,0.125,-0.10568,-1.8231,2.9947,0.5063,3.0501,-0.42064,-2.8397,10000,-2.308,1.2527,0.14546,-0.10246,-0.10246,-0.10246,6.3037e-06,-0.14373,0.060953,-2.5585,0.47912
-56.882,-23.045,107.05,-181.91,29.633,56.882,133.22,-390.47,129.89,-93.222,-569.52,392.51,155.17,-236.12,229.91,-32.272,653.97,-599.72,44.498,86.779,86.779,86.779,8.9822,0.54538,-7.3968,-765.07,672.79,23.584,73.168,-52.474,9.4655,18.625,9.8537,-11.417,43.453,-36.737,-633.95,1041.4,176.16,1060.7,-146.32,-987.41,-2.308,9197.5,435.55,50.648,-35.66,-35.66,-35.66,0.0021915,-49.972,-10.295,-889.69,166.74
30.874,12.509,-58.103,98.734,-16.083,-30.875,-72.31,211.94,-70.501,50.6,309.12,-213.04,-84.217,128.16,-124.79,17.513,-354.95,325.51,-24.152,-47.1,-47.1,-47.1,-4.8757,-0.29699,3.3281,415.26,-365.17,-12.801,-39.713,28.481,-5.1374,-10.109,-5.3486,6.1969,-23.585,19.939,344.09,-565.22,-95.613,-575.69,79.419,535.93,1.2527,435.55,9763.6,-27.491,19.355,19.355,19.355,-0.0011894,27.123,3.038,482.9,-90.5
3.5889,1.4539,-6.7551,11.482,-1.8725,-3.59,-8.4117,24.648,-8.1999,5.8863,35.943,-24.774,-9.7961,14.911,-14.514,2.0395,-41.28,37.852,-2.8079,-5.4747,-5.4747,-5.4747,-0.56898,-0.03304,-5.6043,48.298,-42.475,-1.4887,-4.6182,3.3117,-0.59751,-1.1754,-0.62261,0.72076,-2.7422,2.318,40.02,-65.734,-11.126,-66.954,9.2398,62.327,0.14546,50.648,-27.491,9996.8,2.2519,2.2519,2.2519,-0.0001383,3.1538,-1.8636,56.171,-10.529
-2.5267,-1.0232,4.7566,-8.0831,1.3184,2.5264,5.9208,-17.35,5.7711,-4.1421,-25.303,17.439,6.8992,-10.497,10.218,-1.4382,29.062,-26.646,1.9773,3.8557,3.8557,3.8557,0.39976,0.022598,2.082,-33.998,29.903,1.048,3.2512,-2.3317,0.42078,0.82756,0.43785,-0.50737,1.9308,-1.6324,-28.173,46.278,7.8298,47.136,-6.5031,-43.879,-0.10246,-35.66,19.355,2.2519,9998.4,-1.5854,-1.5854,9.7379e-05,-2.2206,-1.647,-39.537,7.4128
-2.5267,-1.0232,4.7566,-8.0831,1.3184,2.5264,5.9208,-17.35,5.7711,-4.1421,-25.303,17.439,6.8992,-10.497,10.218,-1.4382,29.062,-26.646,1.9773,3.8557,3.8557,3.8557,0.39976,0.022598,2.082,-33.998,29.903,1.048,3.2512,-2.3317,0.42078,0.82756,0.43785,-0.50737,1.9308,-1.6324,-28.173,46.278,7.8298,47.136,-6.5031,-43.879,-0.10246,-35.66,19.355,2.2519,-1.5854,9998.4,-1.5854,9.7379e-05,-2.2206,-1.647,-39.537,7.4128
-2.5267,-1.0232,4.7566,-8.0831,1.3184,2.5264,5.9208,-17.35,5.7711,-4.1421,-25.303,17.439,6.8992,-10.497,10.218,-1.4382,29.062,-26.646,1.9773,3.8557,3.8557,3.8557,0.39976,0.022598,2.082,-33.998,29.903,1.048,3.2512,-2.3317,0.42078,0.82756,0.43785,-0.50737,1.9308,-1.6324,-28.173,46.278,7.8298,47.136,-6.5031,-43.879,-0.10246,-35.66,19.355,2.2519,-1.5854,-1.5854,9998.4,9.7379e-05,-2.2206,-1.647,-39.537,7.4128
0.00015535,6.294e-05,-0.00029235,0.00049677,-8.0915e-05,-0.00015535,-0.00036381,0.0010663,-0.00035471,0.00025458,0.0015553,-0.0010719,-0.00042373,0.00064479,-0.00062785,8.8109e-05,-0.0017859,0.0016378,-0.00012152,-0.00023699,-0.00023699,-0.00023699,-2.4523e-05,-1.4991e-06,4.1404e-05,0.0020893,-0.0018373,-6.4406e-05,-0.00019982,0.0001433,-2.5849e-05,-5.0865e-05,-2.6909e-05,3.1179e-05,-0.00011867,0.00010033,0.0017312,-0.0028438,-0.00048104,-0.0028965,0.00039958,0.0026965,6.3037e-06,0.0021915,-0.0011894,-0.0001383,9.7379e-05,9.7379e-05,9.7379e-05,10000,0.00013647,2.7133e-05,0.0024296,-0.00045533
-3.5422,-1.4351,6.6666,-11.328,1.8453,3.5421,8.2961,-24.316,8.0883,-5.805,-35.466,24.443,9.663,-14.704,14.317,-2.0098,40.725,-37.346,2.7711,5.4042,5.4042,5.4042,0.55923,0.03394,-0.77745,-47.643,41.897,1.4687,4.5564,-3.2677,0.58946,1.1599,0.61356,-0.71098,2.706,-2.2878,-39.478,64.849,10.969,66.05,-9.1116,-61.489,-0.14373,-49.972,27.123,3.1538,-2.2206,-2.2206,-2.2206,0.00013647,9996.9,-0.96292,-55.403,10.383
1.7306,2.6406,1.7979,2.0064,3.5761,-5.0199,-1.5138,7.946,-5.9322,5.959,12.429,-12.354,15.014,-6.9113,4.3179,-14.436,1.9021,12.068,1.2899,2.7973,2.7973,2.7973,-0.85459,-4.9705,-0.087479,8.7337,10.622,0.012802,-0.6087,-0.21948,0.63383,-0.085967,-1.272,0.10839,0.58802,-1.1282,1.5148,9.1377,-3.7081,7.6642,2.2864,-4.8841,0.060953,-10.295,3.038,-1.8636,-1.647,-1.647,-1.647,2.7133e-05,-0.96292,0.20645,17.078,8.0441
-63.067,-25.555,118.68,-201.69,32.854,63.077,147.72,-432.96,144.03,-103.38,-631.47,435.22,172.01,-261.8,254.91,-35.758,725.08,-664.96,49.332,96.201,96.201,96.201,9.9666,0.61137,9.0531,-848.3,745.96,26.149,81.125,-58.178,10.494,20.65,10.93,-12.659,48.175,-40.727,-702.91,1154.6,195.34,1176,-162.25,-1094.8,-2.5585,-889.69,482.9,56.171,-39.537,-39.537,-39.537,0.0024296,-55.403,17.078,9013.5,184.87
11.815,4.7845,-22.242,37.795,-6.1642,-11.813,-27.684,81.127,-26.984,19.367,118.31,-81.542,-32.259,49.08,-47.779,6.7243,-135.89,124.59,-9.2458,-18.029,-18.029,-18.029,-1.8689,-0.10597,-8.6466,158.97,-139.82,-4.9004,-15.202,10.903,-1.9675,-3.8696,-2.0472,2.3723,-9.0283,7.6329,131.73,-216.39,-36.61,-220.4,30.407,205.17,0.47912,166.74,-90.5,-10.529,7.4128,7.4128,7.4128,-0.00045533,10.383,8.0441,184.87,9965.3
