0.44716,0.40346,-0.18091,0.18723,0.37487,0.11678,0.32432,0.1799,0.20726,0.25031,0.45338,0.76576,0.79809,0.45481,0.17907,0.45547,0.61014,0.49472,-0.37757,0.037745,0.037745,0.037745,0.054313,0.11138,0.059968,0.083841,0.069945,0.076418,0.010515,0.034702,0.08018,0.061219,0.76879,0.40662,0.22338,0.47635,0.60363,0.44384,0.030037,0.55994,0.79281,-0.21349,0.35302,0.35302,0.35302,0.00010805
0.35631,0.29478,-0.2875,0.11708,0.24374,0.060539,0.22086,0.06751,0.11069,0.17677,0.026773,0.47405,0.38882,0.10777,0.0084692,0.20803,0.34637,0.15049,-0.45615,-0.1044,-0.1044,-0.1044,0.011424,0.083149,0.028375,0.023657,0.025076,0.063104,0.00093148,0.028741,0.03856,0.011558,0.48525,0.0083483,0.0064307,0.010452,0.39284,0.06936,0.0013467,0.11091,0.65277,-0.3487,0.25665,0.25665,0.25665,2.0004e-06
0.55092,0.46995,-0.082464,0.29307,0.50544,0.23533,0.46511,0.41742,0.26821,0.3369,0.8135,0.96788,0.93323,0.92123,0.363,0.89056,0.91291,0.86027,-0.29128,0.12357,0.12357,0.12357,0.16495,0.21031,0.098121,0.20569,0.19504,0.088857,0.040156,0.038428,0.16789,0.12157,0.99994,0.76059,0.54832,0.87413,0.80728,0.73979,0.10018,0.75744,0.99383,0.0041512,0.43392,0.43392,0.43392,0.00062624
962.75,-27.212,35.76,-28.425,-27.965,-6.3896,-20.949,-36.297,1.3619,-6.28,-41.414,44.937,9.0589,1.4832,-55.164,-35.71,49.404,-41.521,8.7347,41.979,41.979,41.979,-25.266,23.294,0.4605,26.482,22.092,5.7259,-4.8827,0.97425,25.132,10.678,9.4262,-21.227,-8.8146,-30.483,25.962,-2.1552,17.909,2.6165,12.444,3.7827,45.833,45.833,45.833,0.12164
-27.212,973.66,10.856,-19.043,-21.12,-3.8432,-12.874,-42.045,16.383,-21.727,-34.822,51.075,6.9535,-30.781,-19.579,-24.376,59.286,-52.123,-6.0455,14.897,14.897,14.897,-11.436,11.223,0.87537,14.513,7.5059,3.9488,-0.56622,0.30888,10.765,8.212,10.004,-34.815,-2.6299,-41.248,20.499,11.435,17.159,21.467,4.2843,3.0208,32.176,32.176,32.176,0.058391
35.76,10.856,929.22,33.069,24.101,9.0351,23.973,0.022845,34.704,-32.805,22.812,0.94535,-10.263,-70.551,104.13,43.509,5.8191,-15.819,-38.164,-77.417,-77.417,-77.417,40.152,-37.872,1.1691,-39.457,-43.665,-6.0908,11.439,-1.8585,-43.311,-11.028,3.8179,-27.854,9.0106,-21.191,-17.39,34.086,-8.5038,38.726,-22.357,-8.7381,-48.519,-48.519,-48.519,-0.19836
-28.425,-19.043,33.069,964.57,-18.627,1.8807,0.0013972,-46.16,7.2021,-15.161,-28.86,44.73,-10.175,0.24251,-64.255,-21.225,33.036,-27.469,13.93,32.332,32.332,32.332,-15.358,28.208,0.87922,32.647,28.929,4.5558,-0.60018,0.30522,26.854,16.938,-38.58,13.063,45.066,25.284,-11.335,-24.939,13.4,19.654,8.4269,35.612,40.091,40.091,40.091,0.14567
-27.965,-21.12,24.101,-18.627,973.31,4.2105,-17.163,-27.39,4.7743,-5.5551,-54.048,44.578,-21.181,31.289,-46.211,6.0788,19.354,-45.882,5.8442,28.169,28.169,28.169,-19.135,13.773,1.2915,15.05,12.297,3.9458,-2.8795,0.72658,15.58,5.8425,17.833,-34.953,-18.588,-45.067,22.551,11.111,9.6159,7.9293,4.4013,-5.853,31.87,31.87,31.87,0.072581
-6.3896,-3.8432,9.0351,1.8807,4.2105,972.94,-15.907,16.756,-17.31,12.578,51.776,-32.805,71.79,-54.95,7.643,-82.574,35.033,35.956,-1.067,16.098,16.098,16.098,-8.8452,5.5267,-3.9259,8.5456,6.0413,1.4414,-5.6251,0.82206,6.8444,1.1481,24.578,-2.9493,-17.845,-12.495,24.159,7.3179,11.574,-11.734,5.7895,-5.3684,11.977,11.977,11.977,0.031128
-20.949,-12.874,23.973,0.0013972,-17.163,-15.907,966,15.228,-19.437,22.115,-14.171,-5.4343,34.953,15.323,-16.928,-39.533,20.949,-6.7077,4.3697,35.101,35.101,35.101,-24.184,5.0792,-1.3862,4.3465,4.5193,3.2156,-9.1155,1.4379,10.654,-4.5404,60.549,-34.111,-70.367,-63.174,52.908,19.381,8.9349,-33.08,11.541,-37.048,21.41,21.41,21.41,0.029023
-36.297,-42.045,0.022845,-46.16,-27.39,16.756,15.228,880.12,62.224,-73.658,-90.57,133.38,-34.439,-72.242,-19.216,9.1884,114.46,-130.83,-15.215,-5.0874,-5.0874,-5.0874,2.6491,17.801,6.5557,22.221,10.012,5.2842,9.6583,-1.3567,11.589,20.266,-65.762,-5.3381,74.727,13.227,-20.699,-28.431,23.889,55.602,9.7053,46.198,41.86,41.86,41.86,0.085613
1.3619,16.383,34.704,7.2021,4.7743,-17.31,-19.437,62.224,949.67,53.997,46.301,-74.082,35.597,57.026,-37.382,-40.708,-53.581,81.411,25.922,41.009,41.009,41.009,-20.669,10.331,-4.4597,9.4058,17.267,0.36082,-10.877,1.6172,15.969,-4.3011,29.583,21.715,-39.183,9.7207,18.976,-5.0636,-6.2654,-48.806,7.346,-16.714,3.0293,3.0293,3.0293,0.057922
-6.28,-21.727,-32.805,-15.161,-5.5551,12.578,22.115,-73.658,53.997,936.04,-25.098,77.304,-27.851,-83.468,23.164,17.827,64.323,-70.923,-26.545,-39.979,-39.979,-39.979,20.924,-1.906,2.6013,3.4763,-8.6771,0.37608,11.978,-1.5374,-10.019,12.754,-39.912,-32.325,67.223,-11.032,-27.168,14.778,13.311,81.224,-15.143,37.376,9.1606,9.1606,9.1606,-0.012249
-41.414,-34.822,22.812,-28.86,-54.048,51.776,-14.171,-90.57,46.301,-25.098,731.69,167.01,-115.58,124.45,-12.194,150.72,62.389,-233.39,0.92892,24.943,24.943,24.943,-21.152,-7.2965,18.077,-24.976,-16.288,5.776,0.95192,-0.96795,1.3993,-15.82,-3.0278,19.762,-82.635,-16.879,38.003,-73.657,-5.5206,-104.26,54.683,-61.846,14.241,14.241,14.241,-0.053664
44.937,51.075,0.94535,44.73,44.578,-32.805,-5.4343,133.38,-74.082,77.304,167.01,824.99,76.251,22.916,16.386,-66.494,-115.65,194.96,19.299,4.1855,4.1855,4.1855,2.7424,-8.9222,-10.933,-8.1321,2.0471,-6.0965,-9.6506,1.4312,-5.7044,-12.059,40.2,30.21,-29.039,28.851,-1.2071,22.867,-19.955,-34.859,-16.593,-14.235,-40.819,-40.819,-40.819,-0.037212
9.0589,6.9535,-10.263,-10.175,-21.181,71.79,34.953,-34.439,35.597,-27.851,-115.58,76.251,785.98,182.05,-75.055,220.44,-136.54,-61.265,12.226,-28.838,-28.838,-28.838,14.152,-1.2728,6.1712,-2.9826,-0.039153,-3.1125,13.418,-1.2233,-6.1435,6.9423,-46.915,-44.272,58.53,-12.89,-64.522,26.764,-27.883,85.926,-38.925,28.77,-12.404,-12.404,-12.404,-0.0056268
1.4832,-30.781,-70.551,0.24251,31.289,-54.95,15.323,-72.242,57.026,-83.468,124.45,22.916,182.05,639.1,151.15,-197.86,232.24,-21.782,-67.017,-67.366,-67.366,-67.366,38.503,-13.281,-3.9138,-1.1318,-25.689,0.5321,10.315,-1.9171,-24.991,12.574,-26.63,-7.564,74.332,6.6538,2.0516,10.24,45.991,70.686,0.46318,42.641,5.9964,5.9964,5.9964,-0.07284
-55.164,-19.579,104.13,-64.255,-46.211,7.643,-16.928,-19.216,-37.382,23.164,-12.194,16.386,-75.055,151.15,763.41,-10.19,-86.634,54.121,63.837,103.54,103.54,103.54,-53.471,75.106,-6.1874,89.337,86.503,8.2256,-9.2252,2.8817,74.885,39.924,-30.667,-33.9,73.104,-7.0326,-21.505,16.759,12.859,81.471,-19.049,73.054,92.964,92.964,92.964,0.40214
-35.71,-24.376,43.509,-21.225,6.0788,-82.574,-39.533,9.1884,-40.708,17.827,150.72,-66.494,220.44,-197.86,-10.19,722.97,144.52,91.936,2.6083,62.314,62.314,62.314,-30.724,36.579,-11.293,49.949,38.23,7.1715,-15.178,2.2845,37.681,18.015,27.983,14.388,1.3397,2.2055,52.749,-4.7831,46.508,-13.373,23.393,22.341,61.983,61.983,61.983,0.19557
49.404,59.286,5.8191,33.036,19.354,35.033,20.949,114.46,-53.581,64.323,62.389,-115.65,-136.54,232.24,-86.634,144.52,725.57,157.84,41.318,-7.4173,-7.4173,-7.4173,7.1573,-2.746,-6.7502,-2.3246,11.744,-8.5061,0.25124,0.93251,-3.0352,-3.2432,6.8384,-23.851,20.043,3.4282,-58.6,59.831,-47.824,51.676,-58.472,13.055,-44.374,-44.374,-44.374,-0.0012254
-41.521,-52.123,-15.819,-27.469,-45.882,35.956,-6.7077,-130.83,81.411,-70.923,-233.39,194.96,-61.265,-21.782,54.121,91.936,157.84,737.05,-33.521,-13.433,-13.433,-13.433,-1.5741,-16.945,17.18,-29.191,-32.87,5.7166,7.6469,-1.9721,-14.173,-10.45,-7.2964,-8.7253,-52.963,-39.603,39.582,-52.058,13.686,-54.553,47.235,-46.393,16.15,16.15,16.15,-0.10486
8.7347,-6.0455,-38.164,13.93,5.8442,-1.067,4.3697,-15.215,25.922,-26.545,0.92892,19.299,12.226,-67.017,63.837,2.6083,41.318,-33.521,972.27,-38.4,-38.4,-38.4,17.735,-19.852,1.0277,-20.021,-25.493,-1.7081,5.4016,-0.89169,-22.45,-5.3136,15.392,-31.048,-8.3389,-35.315,7.5688,24.315,4.0308,21.196,-7.287,-11.786,-15.55,-15.55,-15.55,-0.10443
41.979,14.897,-77.417,32.332,28.169,16.098,35.101,-5.0874,41.009,-39.979,24.943,4.1855,-28.838,-67.366,103.54,62.314,-7.4173,-13.433,-38.4,911.97,-88.035,-88.035,47.388,-38.555,1.5393,-39.609,-43.948,-7.1211,14.532,-2.2797,-45.921,-8.8035,-15.473,-21.225,33.267,-4.2505,-35.781,31.212,-11.958,54.4,-28.321,4.5211,-54.279,-54.279,-54.279,-0.20227
41.979,14.897,-77.417,32.332,28.169,16.098,35.101,-5.0874,41.009,-39.979,24.943,4.1855,-28.838,-67.366,103.54,62.314,-7.4173,-13.433,-38.4,-88.035,911.97,-88.035,47.388,-38.555,1.5393,-39.609,-43.948,-7.1211,14.532,-2.2797,-45.921,-8.8035,-15.473,-21.225,33.267,-4.2505,-35.781,31.212,-11.958,54.4,-28.321,4.5211,-54.279,-54.279,-54.279,-0.20227
41.979,14.897,-77.417,32.332,28.169,16.098,35.101,-5.0874,41.009,-39.979,24.943,4.1855,-28.838,-67.366,103.54,62.314,-7.4173,-13.433,-38.4,-88.035,-88.035,911.97,47.388,-38.555,1.5393,-39.609,-43.948,-7.1211,14.532,-2.2797,-45.921,-8.8035,-15.473,-21.225,33.267,-4.2505,-35.781,31.212,-11.958,54.4,-28.321,4.5211,-54.279,-54.279,-54.279,-0.20227
-25.266,-11.436,40.152,-15.358,-19.135,-8.8452,-24.184,2.6491,-20.669,20.924,-21.152,2.7424,14.152,38.503,-53.471,-30.724,7.1573,-1.5741,17.735,47.388,47.388,47.388,972.68,18.599,-0.79575,19.035,20.566,4.0794,-8.3138,1.3615,23.096,3.309,22.951,-5.2087,-32.133,-19.893,29.165,-5.4724,7.6591,-27.382,13.865,-11.127,30.905,30.905,30.905,0.098334
23.294,11.223,-37.872,28.208,13.773,5.5267,5.0792,17.801,10.331,-1.906,-7.2965,-8.9222,-1.2728,-13.281,75.106,36.579,-2.746,-16.945,-19.852,-38.555,-38.555,-38.555,18.599,969.97,2.3257,-36.153,-33.356,-3.7952,3.3556,-0.89968,-29.281,-16.822,22.314,-3.3362,-37.669,-14.814,7.9906,7.7259,-11.09,-24.66,-0.23024,-34.012,-38.58,-38.58,-38.58,-0.15885
0.4605,0.87537,1.1691,0.87922,1.2915,-3.9259,-1.3862,6.5557,-4.4597,2.6013,18.077,-10.933,6.1712,-3.9138,-6.1874,-11.293,-6.7502,17.18,1.0277,1.5393,1.5393,1.5393,-0.79575,2.3257,998.37,4.1543,3.0866,-0.091603,-0.57403,0.22372,1.8284,2.0689,4.5503,-8.7223,3.7918,-6.9458,-0.11495,10.505,1.3065,11.633,-5.4634,4.1751,2.6077,2.6077,2.6077,0.01397
26.482,14.513,-39.457,32.647,15.05,8.5456,4.3465,22.221,9.4058,3.4763,-24.976,-8.1321,-2.9826,-1.1318,89.337,49.949,-2.3246,-29.191,-20.021,-39.609,-39.609,-39.609,19.035,-36.153,4.1543,954.1,-39.875,-4.1852,2.7693,-1.0693,-33.626,-23.049,24.698,12.085,-55.621,-5.7867,12.872,-6.5589,-15.554,-53.189,8.6885,-48,-47.616,-47.616,-47.616,-0.19299
22.092,7.5059,-43.665,28.929,12.297,6.0413,4.5193,10.012,17.267,-8.6771,-16.288,2.0471,-0.039153,-25.689,86.503,38.23,11.744,-32.87,-25.493,-43.948,-43.948,-43.948,20.566,-33.356,3.0866,-39.875,961.76,-3.6902,4.2592,-1.0745,-32.811,-17.921,25.81,-9.6702,-42.292,-23.674,12.199,10.063,-9.2911,-23.706,0.81011,-38.148,-39.214,-39.214,-39.214,-0.1769
5.7259,3.9488,-6.0908,4.5558,3.9458,1.4414,3.2156,5.2842,0.36082,0.37608,5.776,-6.0965,-3.1125,0.5321,8.2256,7.1715,-8.5061,5.7166,-1.7081,-7.1211,-7.1211,-7.1211,4.0794,-3.7952,-0.091603,-4.1852,-3.6902,999.09,0.89699,-0.15173,-4.1668,-1.5609,-0.59148,0.78517,1.2902,2.2583,-3.9448,2.2742,-2.7787,1.6942,-2.8246,-0.65002,-7.0139,-7.0139,-7.0139,-0.019663
-4.8827,-0.56622,11.439,-0.60018,-2.8795,-5.6251,-9.1155,9.6583,-10.877,11.978,0.95192,-9.6506,13.418,10.315,-9.2252,-15.178,0.25124,7.6469,5.4016,14.532,14.532,14.532,-8.3138,3.3556,-0.57403,2.7693,4.2592,0.89699,996.52,0.48472,5.4173,-1.3981,12.497,2.4302,-18.209,-4.8755,12.527,-2.717,1.1336,-18.048,5.965,-8.9348,5.4327,5.4327,5.4327,0.017962
0.97425,0.30888,-1.8585,0.30522,0.72658,0.82206,1.4379,-1.3567,1.6172,-1.5374,-0.96795,1.4312,-1.2233,-1.9171,2.8817,2.2845,0.93251,-1.9721,-0.89169,-2.2797,-2.2797,-2.2797,1.3615,-0.89968,0.22372,-1.0693,-1.0745,-0.15173,0.48472,999.91,-1.0981,-0.20496,-2.2363,1.6042,1.8598,2.3358,-1.6656,-1.2987,-0.36446,0.26223,0.03276,0.58168,-1.4646,-1.4646,-1.4646,-0.0049913
25.132,10.765,-43.311,26.854,15.58,6.8444,10.654,11.589,15.969,-10.019,1.3993,-5.7044,-6.1435,-24.991,74.885,37.681,-3.0352,-14.173,-22.45,-45.921,-45.921,-45.921,23.096,-29.281,1.8284,-33.626,-32.811,-4.1668,5.4173,-1.0981,969.63,-13.557,13.542,-8.6867,-19.685,-13.286,-1.3944,13.663,-9.9901,-4.3905,-6.7161,-22.977,-38.278,-38.278,-38.278,-0.15435
10.678,8.212,-11.028,16.938,5.8425,1.1481,-4.5404,20.266,-4.3011,12.754,-15.82,-12.059,6.9423,12.574,39.924,18.015,-3.2432,-10.45,-5.3136,-8.8035,-8.8035,-8.8035,3.309,-16.822,2.0689,-23.049,-17.921,-1.5609,-1.3981,-0.20496,-13.557,985.95,21.592,12.548,-45.223,-3.0415,16.197,-9.2615,-8.4691,-47.282,10.829,-33.69,-22.18,-22.18,-22.18,-0.090104
9.4262,10.004,3.8179,-38.58,17.833,24.578,60.549,-65.762,29.583,-39.912,-3.0278,40.2,-46.915,-26.63,-30.667,27.983,6.8384,-7.2964,15.392,-15.473,-15.473,-15.473,22.951,22.314,4.5503,24.698,25.81,-0.59148,12.497,-2.2363,13.542,21.592,836.61,127.36,165.89,188.67,-106.14,-102.68,-4.692,28.084,8.2828,98.58,-1.0497,-1.0497,-1.0497,0.10676
-21.227,-34.815,-27.854,13.063,-34.953,-2.9493,-34.111,-5.3381,21.715,-32.325,19.762,30.21,-44.272,-7.564,-33.9,14.388,-23.851,-8.7253,-31.048,-21.225,-21.225,-21.225,-5.2087,-3.3362,-8.7223,12.085,-9.6702,0.78517,2.4302,1.6042,-8.6867,12.548,127.36,753.03,-40.675,-261.03,52.318,197.59,20.674,179.18,-74.284,-15.115,36.427,36.427,36.427,0.0016192
-8.8146,-2.6299,9.0106,45.066,-18.588,-17.845,-70.367,74.727,-39.183,67.223,-82.635,-29.039,58.53,74.332,73.104,1.3397,20.043,-52.963,-8.3389,33.267,33.267,33.267,-32.133,-37.669,3.7918,-55.621,-42.292,1.2902,-18.209,1.8598,-19.685,-45.223,165.89,-40.675,756.16,-132.54,134.33,18.533,-8.3643,-172.08,44.169,-155.64,-21.93,-21.93,-21.93,-0.19799
-30.483,-41.248,-21.191,25.284,-45.067,-12.495,-63.174,13.227,9.7207,-11.032,-16.879,28.851,-12.89,6.6538,-7.0326,2.2055,3.4282,-39.603,-35.315,-4.2505,-4.2505,-4.2505,-19.893,-14.814,-6.9458,-5.7867,-23.674,2.2583,-4.8755,2.3358,-13.286,-3.0415,188.67,-261.03,-132.54,688.64,107.46,199.87,21.85,111.78,-53.146,-72.857,34.876,34.876,34.876,-0.059568
25.962,20.499,-17.39,-11.335,22.551,24.159,52.908,-20.699,18.976,-27.168,38.003,-1.2071,-64.522,2.0516,-21.505,52.749,-58.6,39.582,7.5688,-35.781,-35.781,-35.781,29.165,7.9906,-0.11495,12.872,12.199,-3.9448,12.527,-1.6656,-1.3944,16.197,-106.14,52.318,134.33,107.46,906.36,-27.033,-12.433,72.577,-24.812,78.961,-17.409,-17.409,-17.409,0.040491
-2.1552,11.435,34.086,-24.939,11.111,7.3179,19.381,-28.431,-5.0636,14.778,-73.657,22.867,26.764,10.24,16.759,-4.7831,59.831,-52.058,24.315,31.212,31.212,31.212,-5.4724,7.7259,10.505,-6.5589,10.063,2.2742,-2.717,-1.2987,13.663,-9.2615,-102.68,197.59,18.533,199.87,-27.033,825.08,-9.7471,-161.02,74.822,3.8827,-12.389,-12.389,-12.389,0.02166
17.909,17.159,-8.5038,13.4,9.6159,11.574,8.9349,23.889,-6.2654,13.311,-5.5206,-19.955,-27.883,45.991,12.859,46.508,-47.824,13.686,4.0308,-11.958,-11.958,-11.958,7.6591,-11.09,1.3065,-15.554,-9.2911,-2.7787,1.1336,-0.36446,-9.9901,-8.4691,-4.692,20.674,-8.3643,21.85,-12.433,-9.7471,984.59,-21.572,-1.1519,-10.407,-25.153,-25.153,-25.153,-0.058843
2.6165,21.467,38.726,19.654,7.9293,-11.734,-33.08,55.602,-48.806,81.224,-104.26,-34.859,85.926,70.686,81.471,-13.373,51.676,-54.553,21.196,54.4,54.4,54.4,-27.382,-24.66,11.633,-53.189,-23.706,1.6942,-18.048,0.26223,-4.3905,-47.282,28.084,179.18,-172.08,111.78,72.577,-161.02,-21.572,696.38,106.5,-118.06,-41.088,-41.088,-41.088,-0.14723
12.444,4.2843,-22.357,8.4269,4.4013,5.7895,11.541,9.7053,7.346,-15.143,54.683,-16.593,-38.925,0.46318,-19.049,23.393,-58.472,47.235,-7.287,-28.321,-28.321,-28.321,13.865,-0.23024,-5.4634,8.6885,0.81011,-2.8246,5.965,0.03276,-6.7161,10.829,8.2828,-74.284,44.169,-53.146,-24.812,74.822,-1.1519,106.5,953.02,29.637,-1.6468,-1.6468,-1.6468,0.0077366
3.7827,3.0208,-8.7381,35.612,-5.853,-5.3684,-37.048,46.198,-16.714,37.376,-61.846,-14.235,28.77,42.641,73.054,22.341,13.055,-46.393,-11.786,4.5211,4.5211,4.5211,-11.127,-34.012,4.1751,-48,-38.148,-0.65002,-8.9348,0.58168,-22.977,-33.69,98.58,-15.115,-155.64,-72.857,78.961,3.8827,-10.407,-118.06,29.637,895.74,-29.211,-29.211,-29.211,-0.18048
45.833,32.176,-48.519,40.091,31.87,11.977,21.41,41.86,3.0293,9.1606,14.241,-40.819,-12.404,5.9964,92.964,61.983,-44.374,16.15,-15.55,-54.279,-54.279,-54.279,30.905,-38.58,2.6077,-47.616,-39.214,-7.0139,5.4327,-1.4646,-38.278,-22.18,-1.0497,36.427,-21.93,34.876,-17.409,-12.389,-25.153,-41.088,-1.6468,-29.211,934.46,-65.537,-65.537,-0.2048
45.833,32.176,-48.519,40.091,31.87,11.977,21.41,41.86,3.0293,9.1606,14.241,-40.819,-12.404,5.9964,92.964,61.983,-44.374,16.15,-15.55,-54.279,-54.279,-54.279,30.905,-38.58,2.6077,-47.616,-39.214,-7.0139,5.4327,-1.4646,-38.278,-22.18,-1.0497,36.427,-21.93,34.876,-17.409,-12.389,-25.153,-41.088,-1.6468,-29.211,-65.537,934.46,-65.537,-0.2048
45.833,32.176,-48.519,40.091,31.87,11.977,21.41,41.86,3.0293,9.1606,14.241,-40.819,-12.404,5.9964,92.964,61.983,-44.374,16.15,-15.55,-54.279,-54.279,-54.279,30.905,-38.58,2.6077,-47.616,-39.214,-7.0139,5.4327,-1.4646,-38.278,-22.18,-1.0497,36.427,-21.93,34.876,-17.409,-12.389,-25.153,-41.088,-1.6468,-29.211,-65.537,-65.537,934.46,-0.2048
0.12164,0.058391,-0.19836,0.14567,0.072581,0.031128,0.029023,0.085613,0.057922,-0.012249,-0.053664,-0.037212,-0.0056268,-0.07284,0.40214,0.19557,-0.0012254,-0.10486,-0.10443,-0.20227,-0.20227,-0.20227,0.098334,-0.15885,0.01397,-0.19299,-0.1769,-0.019663,0.017962,-0.0049913,-0.15435,-0.090104,0.10676,0.0016192,-0.19799,-0.059568,0.040491,0.02166,-0.058843,-0.14723,0.0077366,-0.18048,-0.2048,-0.2048,-0.2048,1000
