1070.5,1066.5,2.5181,-494.32,493.64,493.64,493.64,1164.5,-286.14
531.56,528.15,-134.91,-679.24,417.58,417.58,417.58,36.754,-1372.4
2169.4,2169.3,61.916,-355.49,602.91,602.91,602.91,3946.1,234.11
0.78393,-0.21196,0.12896,0.095107,0.12064,0.12064,0.12064,-0.1582,0.17346
-0.21196,0.7919,0.12185,0.084103,0.11796,0.11796,0.11796,-0.16266,0.17246
0.12896,0.12185,0.79389,-0.31567,-0.080074,-0.080074,-0.080074,-0.10827,-0.039257
0.095107,0.084103,-0.31567,0.1985,0.10446,0.10446,0.10446,-0.036323,0.095984
0.12064,0.11796,-0.080074,0.10446,0.80666,-0.19334,-0.19334,-0.14127,-0.12424
0.12064,0.11796,-0.080074,0.10446,-0.19334,0.80666,-0.19334,-0.14127,-0.12424
0.12064,0.11796,-0.080074,0.10446,-0.19334,-0.19334,0.80666,-0.14127,-0.12424
-0.1582,-0.16266,-0.10827,-0.036323,-0.14127,-0.14127,-0.14127,0.19103,0.17358
0.17346,0.17246,-0.039257,0.095984,-0.12424,-0.12424,-0.12424,0.17358,0.8209
35.374,35.374,35.374,35.374,35.374,35.374,35.374,35.374,35.374
