0.31399,0.11954,-0.28461,0.13219,0.060046,0.24638,0.25653,0.11145,0.09033,0.18079,0.57934,0.53297,0.28468,0.37198,0.56788,0.77998,0.3604,0.14477,-0.59501,0.0028226,0.0028226,0.0028226,0.0019739
0.22357,0.029493,-0.49414,0.028838,0.0078949,0.0061483,0.16608,0.0068112,0.00015388,0.013055,0.10756,0.0081755,0.01574,0.0028151,0.01873,0.0068851,0.055555,0.032638,-1.0682,-0.047591,-0.047591,-0.047591,3.1422e-06
0.54719,0.24742,-0.1797,0.24918,0.17213,0.49639,0.47033,0.32037,0.21097,0.57158,0.99513,0.99243,0.99938,0.99265,0.99941,0.9963,0.99163,0.33502,-0.40147,0.042669,0.042669,0.042669,0.011042
848.92,-117.31,118.92,-110.11,-5.1185,-116.05,-94.258,-95.646,-56.172,9.8561,16.391,9.4033,0.55668,16.847,25.864,3.6593,24.801,6.0972,175.01,55.267,55.267,55.267,-3.6731
-117.31,760.45,30.347,-212.92,-16.11,-38.61,-8.1225,-84.068,-171.34,44.942,-10.255,-18.631,-41.193,-0.023732,13.386,-75.523,-94.096,42.364,78.283,0.047527,0.047527,0.047527,-1.2413
118.92,30.347,880.26,33.38,-2.7159,113.81,100.81,70.247,-9.1197,10.05,-29.162,-21.319,-21.192,-23.459,-29.362,-32.754,-67.618,9.4567,-159.68,-62.369,-62.369,-62.369,3.7062
-110.11,-212.92,33.38,801.64,-30.418,-37.512,-3.6018,-87.463,-146.19,41.797,-12.18,-14.437,-78.276,-17.663,24.189,-87.676,-68.736,-5.923,87.809,-4.201,-4.201,-4.201,-1.722
-5.1185,-16.11,-2.7159,-30.418,931.37,16.31,8.1588,-18.675,5.6248,48.203,11.44,41.653,-162.18,-38.343,-2.5575,-22.782,-44.722,-36.065,47.314,-35.321,-35.321,-35.321,1.6286
-116.05,-38.61,113.81,-37.512,16.31,878.37,-93.219,-65.014,-2.1108,-32.85,38.193,58.806,83.678,1.5443,16.847,-31.53,88.251,11.816,142.33,61.208,61.208,61.208,-3.4493
-94.258,-8.1225,100.81,-3.6018,8.1588,-93.219,876.53,-19.164,26.148,93.307,1.6945,18.065,49.664,38.197,47.013,68.411,89.392,37.247,157.33,45.11,45.11,45.11,-1.3453
-95.646,-84.068,70.247,-87.463,-18.675,-65.014,-19.164,870.27,-22.352,-106.12,-47.638,-14.74,-28.134,-21.663,-93.049,2.377,-73.245,-24.345,157.74,23.045,23.045,23.045,-5.0989
-56.172,-171.34,-9.1197,-146.19,5.6248,-2.1108,26.148,-22.352,822.52,0.0073101,11.856,-45.052,-29.659,-35.491,27.456,-62.426,-42.68,-11.092,-87.42,15.174,15.174,15.174,2.2668
9.8561,44.942,10.05,41.797,48.203,-32.85,93.307,-106.12,0.0073101,429.74,74.508,127.68,156.35,-108.53,-103.18,30.345,-233.01,-124.98,-84.884,66.203,66.203,66.203,-2.8285
16.391,-10.255,-29.162,-12.18,11.44,38.193,1.6945,-47.638,11.856,74.508,410.29,-7.1147,30.53,66.128,-310.93,65.069,92.861,-227.12,77.383,-35.548,-35.548,-35.548,-0.037638
9.4033,-18.631,-21.319,-14.437,41.653,58.806,18.065,-14.74,-45.052,127.68,-7.1147,292.48,-28.051,-226.86,44.269,201.19,37.085,51.715,-13.505,23.759,23.759,23.759,-5.7195
0.55668,-41.193,-21.192,-78.276,-162.18,83.678,49.664,-28.134,-29.659,156.35,30.53,-28.051,421.26,106.17,44.413,81.795,-104.58,-164.22,-31.438,-50.396,-50.396,-50.396,3.06
16.847,-0.023732,-23.459,-17.663,-38.343,1.5443,38.197,-21.663,-35.491,-108.53,66.128,-226.86,106.17,289.81,21.67,-176.34,31.776,-91.33,44.023,-39.438,-39.438,-39.438,4.4879
25.864,13.386,-29.362,24.189,-2.5575,16.847,47.013,-93.049,27.456,-103.18,-310.93,44.269,44.413,21.67,419.97,-78.817,-20.945,145.01,19.575,-29.139,-29.139,-29.139,0.49254
3.6593,-75.523,-32.754,-87.676,-22.782,-31.53,68.411,2.377,-62.426,30.345,65.069,201.19,81.795,-176.34,-78.817,455.05,234.35,48.572,-57.423,-57.556,-57.556,-57.556,1.0434
24.801,-94.096,-67.618,-68.736,-44.722,88.251,89.392,-73.245,-42.68,-233.01,92.861,37.085,-104.58,31.776,-20.945,234.35,434.52,101.8,39.379,-50.236,-50.236,-50.236,0.75494
6.0972,42.364,9.4567,-5.923,-36.065,11.816,37.247,-24.345,-11.092,-124.98,-227.12,51.715,-164.22,-91.33,145.01,48.572,101.8,425.57,-60.875,22.661,22.661,22.661,0.85972
175.01,78.283,-159.68,87.809,47.314,142.33,157.33,157.74,-87.42,-84.884,77.383,-13.505,-31.438,44.023,19.575,-57.423,39.379,-60.875,504.21,-0.43275,-0.43275,-0.43275,8.5215
55.267,0.047527,-62.369,-4.201,-35.321,61.208,45.11,23.045,15.174,66.203,-35.548,23.759,-50.396,-39.438,-29.139,-57.556,-50.236,22.661,-0.43275,933.13,-66.871,-66.871,1.8606
55.267,0.047527,-62.369,-4.201,-35.321,61.208,45.11,23.045,15.174,66.203,-35.548,23.759,-50.396,-39.438,-29.139,-57.556,-50.236,22.661,-0.43275,-66.871,933.13,-66.871,1.8606
55.267,0.047527,-62.369,-4.201,-35.321,61.208,45.11,23.045,15.174,66.203,-35.548,23.759,-50.396,-39.438,-29.139,-57.556,-50.236,22.661,-0.43275,-66.871,-66.871,933.13,1.8606
-3.6731,-1.2413,3.7062,-1.722,1.6286,-3.4493,-1.3453,-5.0989,2.2668,-2.8285,-0.037638,-5.7195,3.06,4.4879,0.49254,1.0434,0.75494,0.85972,8.5215,1.8606,1.8606,1.8606,999.44
