680.7,748.9,696.08,93.608,75.53,961.56,932.89,1383.6,422.04,20.217,503.41,170.23,29.231
236.24,531.65,309.8,54.371,12.743,488.72,262.34,580.63,13.38,5.45,225.9,73.514,15.734
1089.2,1000,901.96,172.16,176.7,1531,1353.5,1646.9,1003.2,34.711,845.63,209.38,46.41
0.0036008,-0.0049385,-0.0014237,0.014307,0.018512,-0.0005855,-0.010885,0.0032207,0.0038059,-0.0071334,-0.0078371,0.05128,-0.010658
-0.0049385,0.028699,-0.014368,-0.022865,-0.012109,0.041015,0.024871,0.011512,-0.029516,0.0002528,-0.093006,-0.10328,-0.065278
-0.0014237,-0.014368,0.01385,-0.0091221,0.012954,-0.032959,-0.0053612,-0.012776,0.020183,0.012821,0.082346,-0.004547,0.067049
0.014307,-0.022865,-0.0091221,0.13334,-0.092731,0.041146,-0.035795,0.024011,-0.01715,0.076671,-0.12351,0.27261,0.079151
0.018512,-0.012109,0.012954,-0.092731,0.95701,-0.064117,-0.11,0.037317,0.10144,0.0033386,-0.062757,-0.0030639,0.0033319
-0.0005855,0.041015,-0.032959,0.041146,-0.064117,0.45072,0.026655,-0.28992,0.25936,-0.019007,-0.29199,-0.035826,-0.0077941
-0.010885,0.024871,-0.0053612,-0.035795,-0.11,0.026655,0.04293,-0.0034593,-0.030088,-0.013082,-0.026314,-0.1549,-0.0076742
0.0032207,0.011512,-0.012776,0.024011,0.037317,-0.28992,-0.0034593,0.35529,-0.3548,-0.0053519,-0.12703,0.022991,0.00078268
0.0038059,-0.029516,0.020183,-0.01715,0.10144,0.25936,-0.030088,-0.3548,0.38583,0.013657,0.16495,0.058826,0.0085778
-0.0071334,0.0002528,0.012821,0.076671,0.0033386,-0.019007,-0.013082,-0.0053519,0.013657,0.99221,-0.00019865,-0.028274,-0.0085737
-0.0078371,-0.093006,0.082346,-0.12351,-0.062757,-0.29199,-0.026314,-0.12703,0.16495,-0.00019865,0.79316,0.0047303,-0.0068471
0.05128,-0.10328,-0.004547,0.27261,-0.0030639,-0.035826,-0.1549,0.022991,0.058826,-0.028274,0.0047303,0.86187,-0.035131
-0.010658,-0.065278,0.067049,0.079151,0.0033319,-0.0077941,-0.0076742,0.00078268,0.0085778,-0.0085737,-0.0068471,-0.035131,0.98301
71.322,71.322,71.322,71.322,71.322,71.322,71.322,71.322,71.322,71.322,71.322,71.322,71.322
