0.53015,0.52974,-0.018574,-0.052197,0.017948,0.017948,0.017948,0.08108
0.19943,0.19942,-0.045435,-0.084924,0.014113,0.014113,0.014113,2.4149e-05
1.0044,1.0034,-0.0017314,-0.021653,0.022196,0.022196,0.022196,0.29846
516.15,-483.15,27.639,61.133,-4.3868,-4.3868,-4.3868,-58.547
-483.15,517.53,26.623,59.365,-4.6823,-4.6823,-4.6823,-59.163
27.639,26.623,959.47,-68.624,-12.385,-12.385,-12.385,-13.237
61.133,59.365,-68.624,863.27,-14.413,-14.413,-14.413,-140.27
-4.3868,-4.6823,-12.385,-14.413,993.98,-6.0242,-6.0242,30.823
-4.3868,-4.6823,-12.385,-14.413,-6.0242,993.98,-6.0242,30.823
-4.3868,-4.6823,-12.385,-14.413,-6.0242,-6.0242,993.98,30.823
-58.547,-59.163,-13.237,-140.27,30.823,30.823,30.823,270.46
