211.86,0.64439,0.69227,0.011512,0.40033,0.90507,1.0952,0.69484,0.012302,0.22422,0.19118,0.028452
14.819,0.22689,0.27059,0.0012428,0.15451,0.838,1.0319,0.62251,0.0014803,0.14008,0.062002,0.00023252
358.7,0.9452,0.96863,0.014449,0.45132,0.99569,1.2165,0.898,0.028718,0.24658,0.22924,0.15056
0.000106,-0.026377,-0.00097337,-0.002238,0.0023586,-0.014076,-0.012968,-0.015331,-0.01727,-0.027007,0.014851,0.076918
-0.026377,25.491,-4.5968,-0.93204,3.354,18.662,5.5114,2.1562,4.9584,3.5953,-5.2887,-47.548
-0.00097337,-4.5968,24.388,-2.0388,9.4129,19.668,11.124,1.7171,-0.33948,18.995,7.5527,0.26092
-0.002238,-0.93204,-2.0388,998.04,-21.12,6.3438,-12.008,9.112,-1.1679,-9.1104,-10.676,2.9541
0.0023586,3.354,9.4129,-21.12,522.27,22.843,-209.43,268.3,-23.42,-145.24,-178.07,-12.897
-0.014076,18.662,19.668,6.3438,22.843,709.07,-233.48,-256.32,-12.181,24.808,59.623,-37.389
-0.012968,5.5114,11.124,-12.008,-209.43,-233.48,608.93,-181.64,-22.875,-69.87,-89.895,-55.275
-0.015331,2.1562,1.7171,9.112,268.3,-256.32,-181.64,550.06,0.54444,75.363,88.182,-42.384
-0.01727,4.9584,-0.33948,-1.1679,-23.42,-12.181,-22.875,0.54444,979.32,-11.124,-23.915,-65.72
-0.027007,3.5953,18.995,-9.1104,-145.24,24.808,-69.87,75.363,-11.124,909.75,-77.827,-0.1281
0.014851,-5.2887,7.5527,-10.676,-178.07,59.623,-89.895,88.182,-23.915,-77.827,725.56,-40.19
0.076918,-47.548,0.26092,2.9541,-12.897,-37.389,-55.275,-42.384,-65.72,-0.1281,-40.19,488.49
