686.45,638.45,-593.46,-1570.2,201.8,201.8,201.8,1.0163,167.13
1956.3,1903.1,-111.61,-742.95,1094.6,1094.6,1094.6,2595.7,1173.5
0.26444,-0.31685,0.30078,-0.017511,-0.022622,-0.022622,-0.022622,0.025672,0.024305
-0.31685,0.53497,-0.19663,-0.075052,-0.036021,-0.036021,-0.036021,-0.01372,-0.31616
0.30078,-0.19663,0.52041,-0.12254,-0.093302,-0.093302,-0.093302,0.047639,-0.27649
-0.017511,-0.075052,-0.12254,0.060884,0.040776,0.040776,0.040776,-0.012358,0.17625
-0.022622,-0.036021,-0.093302,0.040776,0.69444,-0.30556,-0.30556,-0.0092092,0.11486
-0.022622,-0.036021,-0.093302,0.040776,-0.30556,0.69444,-0.30556,-0.0092092,0.11486
-0.022622,-0.036021,-0.093302,0.040776,-0.30556,-0.30556,0.69444,-0.0092092,0.11486
0.025672,-0.01372,0.047639,-0.012358,-0.0092092,-0.0092092,-0.0092092,0.0044147,-0.029296
0.024305,-0.31616,-0.27649,0.17625,0.11486,0.11486,0.11486,-0.029296,0.53321
55.335,55.335,55.335,55.335,55.335,55.335,55.335,55.335,55.335
1086.6,994.96,-363.5,-1275.1,578.51,578.51,578.51,477.6,504.3
1,1,1,1,1,1,1,1,1
