407.45,360.33,186.95,254.97,263.96,88.093,163.68,329.69,101.86,438.01,790.62,174.82,805.14,493.13,84.451,135.56,110.79,913.06,-69.204,452.88,452.88,452.88,0.22653,-198.41,39076,-60.576,-169.19
348.49,303.6,158.53,225.79,24.584,1.1182,131.13,144.99,1.6212,316.28,165.58,7.6238,237.03,312.91,4.6116,6.6361,1.4389,430.63,-152.02,334.35,334.35,334.35,0.016626,-237.52,-98769,-476.19,-482.35
511.49,480.23,222.98,296.99,413.63,352.28,191.24,472.78,355.65,537.69,943.66,842.19,948.54,915.72,324.46,824.94,366.12,999.96,-33.828,528.49,528.49,528.49,0.49697,-161.72,2.0839e+05,384.07,90.196
0.90294,-0.1242,0.039255,-0.08117,-0.069598,0.04163,0.00096808,-0.10213,-0.055424,-0.012236,0.016612,-0.085444,0.0072046,-0.0048694,0.029477,0.05975,-0.081995,0.0012529,0.062117,-0.042039,-0.042039,-0.042039,0.00053282,-0.0070043,0.00025,0.038738,-0.1195
-0.1242,0.82615,0.080754,-0.12678,-0.06198,0.072864,0.013367,-0.13647,-0.056108,0.027938,0.027257,-0.12904,0.01521,0.020255,0.054871,0.063033,-0.10082,0.01892,0.087693,-0.0035357,-0.0035357,-0.0035357,0.00093149,-0.012676,0.00034955,0.061193,-0.16261
0.039255,0.080754,0.92158,0.080142,-0.027158,-0.058546,-0.025207,0.053497,-0.0091341,-0.085309,-0.018052,0.073784,-0.01431,-0.053457,-0.048532,0.0019505,0.023692,-0.035509,-0.042613,-0.085458,-0.085458,-0.085458,-0.00073295,0.010505,-0.00013872,-0.027351,0.071579
-0.08117,-0.12678,0.080142,0.8888,-0.019723,0.074497,0.0257,-0.098109,-0.036781,0.06935,1.8138e-05,-0.11139,-0.010086,0.063839,0.054168,0.064414,-0.090506,0.014042,0.059581,0.044007,0.044007,0.044007,0.00085029,-0.0038695,0.00015042,0.0082459,-0.076026
-0.069598,-0.06198,-0.027158,-0.019723,0.87865,0.018961,-0.020247,-0.08209,-0.039092,-0.081425,-0.054974,0.040061,-0.055794,-0.014669,0.013879,0.1278,-0.036269,-0.074266,0.034039,-0.11681,-0.11681,-0.11681,-6.1842e-05,-0.0022863,0.00017446,0.046644,-0.0745
0.04163,0.072864,-0.058546,0.074497,0.018961,0.91309,-0.019384,0.076133,-0.032717,-0.072467,0.058605,-0.013661,0.05625,-0.090403,-0.07502,-0.09298,-0.0042332,0.03006,-0.047038,-0.051178,-0.051178,-0.051178,-0.00063467,0.01084,1.8525e-05,0.043096,0.090815
0.00096808,0.013367,-0.025207,0.0257,-0.020247,-0.019384,0.98439,0.006864,0.006258,-0.043874,0.0099426,0.03382,0.012816,-0.041024,-0.011551,-0.014674,0.029163,-0.0057434,-0.00054068,-0.042479,-0.042479,-0.042479,-0.00021034,-0.0046884,1.5171e-05,0.0041153,-0.036239
-0.10213,-0.13647,0.053497,-0.098109,-0.08209,0.076133,0.006864,0.87283,-0.026811,0.012186,-0.030834,-0.039407,-0.035564,0.040168,0.061314,0.11338,-0.05763,-0.030742,0.073566,-0.021358,-0.021358,-0.021358,0.00067973,-0.01218,0.00029593,0.054529,-0.14061
-0.055424,-0.056108,-0.0091341,-0.036781,-0.039092,-0.032717,0.006258,-0.026811,0.84543,-0.039413,0.037691,-0.18555,0.014141,-0.024253,-0.054641,0.037635,-0.20811,0.018903,-0.0072397,-0.071041,-0.071041,-0.071041,-5.5422e-06,0.032151,-0.00017583,0.0051682,0.13088
-0.012236,0.027938,-0.085309,0.06935,-0.081425,-0.072467,-0.043874,0.012186,-0.039413,0.84994,0.023898,0.049906,0.024863,-0.12211,-0.057883,-0.010233,0.0089812,-0.026692,-0.01217,-0.15444,-0.15444,-0.15444,-0.00071386,0.00035041,0.00020155,0.060873,-0.027184
0.016612,0.027257,-0.018052,1.8138e-05,-0.054974,0.058605,0.0099426,-0.030834,0.037691,0.023898,0.82378,0.14866,-0.16597,0.12674,0.046979,0.20042,0.021675,-0.13193,-0.014478,0.0010443,0.0010443,0.0010443,-0.00013149,0.0093473,-0.00015193,-0.0024979,0.089759
-0.085444,-0.12904,0.073784,-0.11139,0.040061,-0.013661,0.03382,-0.039407,-0.18555,0.049906,0.14866,0.62891,0.11173,-0.022325,-0.044746,-0.072532,-0.2789,0.13228,0.023407,0.024556,0.024556,0.024556,0.00073282,0.029412,-0.00022207,-0.045054,0.084805
0.0072046,0.01521,-0.01431,-0.010086,-0.055794,0.05625,0.012816,-0.035564,0.014141,0.024863,-0.16597,0.11173,0.84013,0.12544,0.040656,0.20139,-0.012553,-0.12342,-0.013742,-0.0030152,-0.0030152,-0.0030152,-8.502e-05,0.014044,-0.00017631,-0.010957,0.10629
-0.0048694,0.020255,-0.053457,0.063839,-0.014669,-0.090403,-0.041024,0.040168,-0.024253,-0.12211,0.12674,-0.022325,0.12544,0.8282,-0.067058,-0.15013,0.034113,0.06329,-0.0020261,-0.10281,-0.10281,-0.10281,-0.00048538,-0.011223,0.0002637,0.046817,-0.095812
0.029477,0.054871,-0.048532,0.054168,0.013879,-0.07502,-0.011551,0.061314,-0.054641,-0.057883,0.046979,-0.044746,0.040656,-0.067058,0.92921,-0.062958,-0.045217,0.025077,-0.044384,-0.046265,-0.046265,-0.046265,-0.00052195,0.017099,-0.00012952,0.0306,0.11801
0.05975,0.063033,0.0019505,0.064414,0.1278,-0.09298,-0.014674,0.11338,0.037635,-0.010233,0.20042,-0.072532,0.20139,-0.15013,-0.062958,0.69334,0.093015,0.15996,-0.020673,0.053236,0.053236,0.053236,-0.00018177,-0.018257,6.5131e-05,0.018237,-0.070699
-0.081995,-0.10082,0.023692,-0.090506,-0.036269,-0.0042332,0.029163,-0.05763,-0.20811,0.0089812,0.021675,-0.2789,-0.012553,0.034113,-0.045217,0.093015,0.68841,0.020762,-0.0014865,-0.04246,-0.04246,-0.04246,0.00032754,0.04754,-0.00033065,-0.026556,0.20201
0.0012529,0.01892,-0.035509,0.014042,-0.074266,0.03006,-0.0057434,-0.030742,0.018903,-0.026692,-0.13193,0.13228,-0.12342,0.06329,0.025077,0.15996,0.020762,0.88673,-0.0080396,-0.04743,-0.04743,-0.04743,-0.00026406,0.0051264,-2.3154e-05,0.024691,0.043816
0.062117,0.087693,-0.042613,0.059581,0.034039,-0.047038,-0.00054068,0.073566,-0.0072397,-0.01217,-0.014478,0.023407,-0.013742,-0.0020261,-0.044384,-0.020673,-0.0014865,-0.0080396,0.94314,0.0017367,0.0017367,0.0017367,-0.00050895,0.017569,-0.00019984,-0.0062258,0.15469
-0.042039,-0.0035357,-0.085458,0.044007,-0.11681,-0.051178,-0.042479,-0.021358,-0.071041,-0.15444,0.0010443,0.024556,-0.0030152,-0.10281,-0.046265,0.053236,-0.04246,-0.04743,0.0017367,0.81095,-0.18905,-0.18905,-0.00060198,0.0074177,-5.1089e-05,-0.040784,-0.037979
-0.042039,-0.0035357,-0.085458,0.044007,-0.11681,-0.051178,-0.042479,-0.021358,-0.071041,-0.15444,0.0010443,0.024556,-0.0030152,-0.10281,-0.046265,0.053236,-0.04246,-0.04743,0.0017367,-0.18905,0.81095,-0.18905,-0.00060198,0.0074177,-5.1089e-05,-0.040784,-0.037979
-0.042039,-0.0035357,-0.085458,0.044007,-0.11681,-0.051178,-0.042479,-0.021358,-0.071041,-0.15444,0.0010443,0.024556,-0.0030152,-0.10281,-0.046265,0.053236,-0.04246,-0.04743,0.0017367,-0.18905,-0.18905,0.81095,-0.00060198,0.0074177,-5.1089e-05,-0.040784,-0.037979
0.00053282,0.00093149,-0.00073295,0.00085029,-6.1842e-05,-0.00063467,-0.00021034,0.00067973,-5.5422e-06,-0.00071386,-0.00013149,0.00073282,-8.502e-05,-0.00048538,-0.00052195,-0.00018177,0.00032754,-0.00026406,-0.00050895,-0.00060198,-0.00060198,-0.00060198,0.99999,0.0001049,-1.0496e-06,8.0737e-05,0.00095953
-0.0070043,-0.012676,0.010505,-0.0038695,-0.0022863,0.01084,-0.0046884,-0.01218,0.032151,0.00035041,0.0093473,0.029412,0.014044,-0.011223,0.017099,-0.018257,0.04754,0.0051264,0.017569,0.0074177,0.0074177,0.0074177,0.0001049,0.98666,7.7705e-05,0.025735,-0.078604
0.00025,0.00034955,-0.00013872,0.00015042,0.00017446,1.8525e-05,1.5171e-05,0.00029593,-0.00017583,0.00020155,-0.00015193,-0.00022207,-0.00017631,0.0002637,-0.00012952,6.5131e-05,-0.00033065,-2.3154e-05,-0.00019984,-5.1089e-05,-5.1089e-05,-5.1089e-05,-1.0496e-06,7.7705e-05,1.2358e-06,0.00015926,-0.00066023
0.038738,0.061193,-0.027351,0.0082459,0.046644,0.043096,0.0041153,0.054529,0.0051682,0.060873,-0.0024979,-0.045054,-0.010957,0.046817,0.0306,0.018237,-0.026556,0.024691,-0.0062258,-0.040784,-0.040784,-0.040784,8.0737e-05,0.025735,0.00015926,0.034612,-0.062904
-0.1195,-0.16261,0.071579,-0.076026,-0.0745,0.090815,-0.036239,-0.14061,0.13088,-0.027184,0.089759,0.084805,0.10629,-0.095812,0.11801,-0.070699,0.20201,0.043816,0.15469,-0.037979,-0.037979,-0.037979,0.00095953,-0.078604,-0.00066023,-0.062904,0.40106
75.707,75.707,75.707,75.707,75.707,75.707,75.707,75.707,75.707,75.707,75.707,75.707,75.707,75.707,75.707,75.707,75.707,75.707,75.707,75.707,75.707,75.707,75.707,75.707,75.707,75.707,75.707
