39.062,315.79,58.824,902.84,5.2441,288.37,491.44,808.76,164.38,26.431
1312.5,384.62,149.02,3163.5,33.14,644.38,849.97,962.53,674.16,65.241
0.037551,0.010039,0.051525,-0.0020624,0.01572,0.13607,0.059516,0.093439,-0.042628,0.02266
0.010039,0.99694,0.00092132,-0.03104,0.00048645,0.011618,-0.027033,-0.017035,-0.028653,-0.0028942
0.051525,0.00092132,0.99479,-0.018651,-0.0015563,-0.020781,0.024084,0.011374,0.032155,0.00053793
-0.0020624,-0.03104,-0.018651,0.0017077,-0.00088667,-0.0018356,0.0030076,-0.0020914,-0.00025576,-0.01923
0.01572,0.00048645,-0.0015563,-0.00088667,0.99951,-0.0066981,0.0080788,0.0039305,0.010629,0.00031472
0.13607,0.011618,-0.020781,-0.0018356,-0.0066981,0.89443,0.16619,0.092119,0.19769,0.010313
0.059516,-0.027033,0.024084,0.0030076,0.0080788,0.16619,0.64319,-0.21881,-0.385,-0.028767
0.093439,-0.017035,0.011374,-0.0020914,0.0039305,0.092119,-0.21881,0.86239,-0.22972,-0.018787
-0.042628,-0.028653,0.032155,-0.00025576,0.010629,0.19769,-0.385,-0.22972,0.57259,-0.029101
0.02266,-0.0028942,0.00053793,-0.01923,0.00031472,0.010313,-0.028767,-0.018787,-0.029101,0.99696
36.349,36.349,36.349,36.349,36.349,36.349,36.349,36.349,36.349,36.349
871.09,337.38,96.079,1532,14.376,419.93,656.68,860.53,440.6,43.004
1,1,1,1,1,1,1,1,1,1
