177.77,0.61512,0.72876,0.0002154,0.081982,0.45099,0.48345,0.40147,0.094891,0.22622,0.1248,0.99037
7.0588,0.2,0.23922,3.5872e-05,0.036051,0.36847,0.39952,0.31086,0.012394,0.10316,0.030099,0.95532
347.56,0.9875,0.96078,0.00061973,0.16275,0.58584,0.6102,0.53896,0.18899,0.30726,0.23548,0.99957
9.2014e-05,0.0054601,-0.0050448,0.00027808,0.021863,-0.010313,0.017728,-0.004135,-0.01858,0.026037,0.019787,-0.0024093
0.0054601,23.985,-2.8156,0.090499,23.254,0.61468,2.2894,-20.964,-4.2971,4.9793,6.6385,-9.5728
-0.0050448,-2.8156,34.447,0.11817,-0.95924,6.7209,4.5355,5.4955,-15.397,-5.5814,-6.6499,-0.76745
0.00027808,0.090499,0.11817,999.99,-1.1717,-0.12904,-0.57006,0.60167,-0.12645,0.33119,-0.1927,0.24089
0.021863,23.254,-0.95924,-1.1717,725.26,5.4862,-150.32,124.42,-75.454,-31.593,-45,42.891
-0.010313,0.61468,6.7209,-0.12904,5.4862,683.41,-288.54,-294.03,-22.365,18.176,-18.07,20.336
0.017728,2.2894,4.5355,-0.57006,-150.32,-288.54,602.94,-246.74,-34.619,-1.5656,-29.749,30.761
-0.004135,-20.964,5.4955,0.60167,124.42,-294.03,-246.74,628.84,40.835,30.027,15.252,-12.129
-0.01858,-4.2971,-15.397,-0.12645,-75.454,-22.365,-34.619,40.835,629.31,-191.43,-339.45,-28.878
0.026037,4.9793,-5.5814,0.33119,-31.593,18.176,-1.5656,30.027,-191.43,399.47,-17.755,-64.022
0.019787,6.6385,-6.6499,-0.1927,-45,-18.07,-29.749,15.252,-339.45,-17.755,493.64,-44.078
-0.0024093,-9.5728,-0.76745,0.24089,42.891,20.336,30.761,-12.129,-28.878,-64.022,-44.078,931.36
