362.82,304.06,-172.45,-983.5,316.67,316.67,316.67,0.23782,-1196
1316,1311.9,443.37,197.79,972.4,972.4,972.4,467.46,543.75
0.0018434,-0.0017279,-0.00031815,-1.8613e-05,-2.0725e-05,-2.0725e-05,-2.0725e-05,-0.0001917,2.1037e-06
-0.0017279,0.0016808,0.00037709,7.4409e-06,1.5126e-05,1.5126e-05,1.5126e-05,7.5468e-05,-1.2732e-05
-0.00031815,0.00037709,0.00045254,-7.2561e-05,-3.6124e-05,-3.6124e-05,-3.6124e-05,-0.00014454,-5.6271e-05
-1.8613e-05,7.4409e-06,-7.2561e-05,2.5104e-05,7.3901e-06,7.3901e-06,7.3901e-06,3.2779e-05,5.713e-06
-2.0725e-05,1.5126e-05,-3.6124e-05,7.3901e-06,0.66668,-0.33332,-0.33332,2.1075e-05,7.5774e-06
-2.0725e-05,1.5126e-05,-3.6124e-05,7.3901e-06,-0.33332,0.66668,-0.33332,2.1075e-05,7.5774e-06
-2.0725e-05,1.5126e-05,-3.6124e-05,7.3901e-06,-0.33332,-0.33332,0.66668,2.1075e-05,7.5774e-06
-0.0001917,7.5468e-05,-0.00014454,3.2779e-05,2.1075e-05,2.1075e-05,2.1075e-05,0.00034889,3.5942e-05
2.1037e-06,-1.2732e-05,-5.6271e-05,5.713e-06,7.5774e-06,7.5774e-06,7.5774e-06,3.5942e-05,2.0887e-05
67.447,67.447,67.447,67.447,67.447,67.447,67.447,67.447,67.447
711.84,684.5,114.75,-444.97,653.46,653.46,653.46,69.806,-282.95
1,1,1,1,1,1,1,1,1
